2 0.96328125 0.55625 0.0421875 0.17734375
0 0.928125 0.6078125 0.01796875 0.028125
2 0.79921875 0.53125 0.03671875 0.17265625
2 0.759375 0.65625 0.05 0.20703125
2 0.53671875 0.55703125 0.03984375 0.19765625
2 0.47578125 0.52109375 0.0296875 0.18984375
2 0.45234375 0.565625 0.04140625 0.19921875
2 0.34921875 0.6546875 0.05546875 0.21328125
2 0.34453125 0.46015625 0.03671875 0.16328125
2 0.38671875 0.37734375 0.0359375 0.15625
2 0.0171875 0.4109375 0.034375 0.178125
2 0.36640625 0.30546875 0.03125 0.1296875
3 0.146875 0.61953125 0.06328125 0.20546875
3 0.84609375 0.49453125 0.034375 0.18359375
1 0.71171875 0.43203125 0.053125 0.16953125