2 0.08828125 0.6703125 0.03203125 0.1796875
2 0.3671875 0.62421875 0.04453125 0.1640625
2 0.5046875 0.57265625 0.0390625 0.16953125
2 0.54921875 0.63984375 0.0390625 0.17265625
2 0.55078125 0.5296875 0.0296875 0.125
2 0.603125 0.51640625 0.04765625 0.1671875
2 0.6796875 0.565625 0.03984375 0.17734375
2 0.678125 0.43359375 0.05859375 0.1296875
2 0.79609375 0.3625 0.04765625 0.1484375
2 0.57265625 0.35234375 0.03515625 0.13125
2 0.49296875 0.30078125 0.02734375 0.1203125
3 0.39140625 0.36015625 0.02578125 0.13203125
3 0.925 0.6828125 0.03828125 0.184375
1 0.3484375 0.46484375 0.0421875 0.14453125