1 0.3015625 0.49921875 0.02578125 0.12265625
3 0.15234375 0.57890625 0.03203125 0.1265625
2 0.8984375 0.55234375 0.05234375 0.14921875
3 0.91796875 0.48125 0.0265625 0.12109375
2 0.628125 0.72734375 0.04296875 0.14609375
0 0.6484375 0.678125 0.009375 0.0234375
2 0.07734375 0.684375 0.02890625 0.15546875
2 0.2640625 0.6390625 0.02890625 0.14921875
2 0.4578125 0.6578125 0.03203125 0.14140625
2 0.7796875 0.4625 0.02578125 0.11484375
2 0.6171875 0.45859375 0.02890625 0.1203125
2 0.4875 0.54453125 0.02421875 0.14375
2 0.515625 0.5046875 0.03046875 0.125
2 0.471875 0.525 0.02578125 0.12109375
2 0.48515625 0.421875 0.0203125 0.11640625
2 0.4125 0.371875 0.02109375 0.10546875