2 0.03671875 0.55625 0.0421875 0.17734375
0 0.071875 0.6078125 0.01796875 0.028125
2 0.20078125 0.53125 0.03671875 0.17265625
2 0.240625 0.65625 0.05 0.20703125
2 0.46328125 0.55703125 0.03984375 0.19765625
2 0.52421875 0.52109375 0.0296875 0.18984375
2 0.54765625 0.565625 0.04140625 0.19921875
2 0.65078125 0.6546875 0.05546875 0.21328125
2 0.65546875 0.46015625 0.03671875 0.16328125
2 0.61328125 0.37734375 0.0359375 0.15625
2 0.9828125 0.4109375 0.034375 0.178125
2 0.63359375 0.30546875 0.03125 0.1296875
3 0.853125 0.61953125 0.06328125 0.20546875
3 0.15390625 0.49453125 0.034375 0.18359375
1 0.28828125 0.43203125 0.053125 0.16953125