3 0.96484375 0.7234375 0.03359375 0.109375
1 0.88984375 0.53046875 0.021875 0.09609375
1 0.0796875 0.590625 0.0234375 0.10859375
3 0.1296875 0.5078125 0.0203125 0.09140625
2 0.26640625 0.525 0.02109375 0.09921875
2 0.3421875 0.490625 0.02109375 0.08359375
2 0.81015625 0.5703125 0.01875 0.1046875
2 0.721875 0.6390625 0.02734375 0.1125
2 0.70390625 0.7828125 0.02890625 0.11796875
2 0.54453125 0.67578125 0.0296875 0.13046875
2 0.396875 0.7609375 0.0265625 0.08984375
2 0.29609375 0.67109375 0.03046875 0.11640625
2 0.11015625 0.74296875 0.03046875 0.1125
2 0.3015625 0.575 0.01328125 0.0921875