2 0.365625 0.565625 0.046875 0.153125
2 0.2203125 0.41328125 0.0453125 0.16328125
2 0.428125 0.51328125 0.0375 0.121875
2 0.4765625 0.46953125 0.03984375 0.096875
2 0.47578125 0.3390625 0.0390625 0.128125
2 0.51875 0.38984375 0.0265625 0.16171875
2 0.65234375 0.2484375 0.040625 0.1171875
2 0.53046875 0.346875 0.0234375 0.1265625
2 0.4859375 0.58984375 0.0515625 0.1546875
2 0.54140625 0.578125 0.04921875 0.1375
2 0.66796875 0.57890625 0.040625 0.15703125
2 0.75859375 0.70703125 0.05234375 0.16328125
3 0.1265625 0.7765625 0.04375 0.2375
3 0.76484375 0.3359375 0.0328125 0.16796875
1 0.8390625 0.4453125 0.0375 0.146875