2 0.621875 0.40859375 0.0390625 0.17265625
2 0.2859375 0.47578125 0.03359375 0.15859375
2 0.2671875 0.415625 0.028125 0.128125
2 0.02890625 0.4609375 0.03984375 0.15625
2 0.1140625 0.440625 0.0515625 0.15625
2 0.27578125 0.3703125 0.01796875 0.07734375
2 0.36875 0.384375 0.0328125 0.1203125
2 0.45625 0.35 0.03203125 0.1328125
2 0.578125 0.33359375 0.03125 0.0984375
2 0.53359375 0.31328125 0.028125 0.08984375
2 0.79921875 0.2921875 0.0234375 0.10625
2 0.540625 0.28125 0.01796875 0.04921875
3 0.39765625 0.47734375 0.0359375 0.17421875
3 0.13984375 0.39140625 0.02578125 0.10625
1 0.296875 0.35625 0.0296875 0.0984375