2 0.96875 0.69765625 0.0625 0.3640625
2 0.52265625 0.61484375 0.08671875 0.33203125
2 0.90078125 0.37890625 0.03828125 0.19765625
2 0.85078125 0.30546875 0.0359375 0.14140625
2 0.7953125 0.290625 0.028125 0.10703125
2 0.65625 0.33671875 0.03671875 0.14140625
2 0.57421875 0.3078125 0.02421875 0.11953125
2 0.5203125 0.325 0.02109375 0.12109375
2 0.49453125 0.29609375 0.01953125 0.0875
2 0.49140625 0.409375 0.0296875 0.16015625
2 0.4640625 0.33984375 0.0265625 0.1375
2 0.20625 0.421875 0.04140625 0.146875
3 0.3640625 0.3140625 0.02421875 0.0984375
1 0.275 0.33515625 0.0296875 0.10546875