2 0.71171875 0.64375 0.0484375 0.20703125
0 0.6984375 0.6078125 0.01328125 0.025
3 0.90234375 0.53125 0.0390625 0.18046875
3 0.1234375 0.4921875 0.03203125 0.16015625
1 0.275 0.43203125 0.040625 0.1546875
2 0.628125 0.346875 0.02890625 0.1203125
2 0.809375 0.41328125 0.03359375 0.1453125
2 0.35703125 0.784375 0.03671875 0.19921875
2 0.2234375 0.6109375 0.0515625 0.18515625
2 0.38515625 0.6390625 0.04765625 0.19765625
2 0.5140625 0.56953125 0.04453125 0.1546875
2 0.5421875 0.49375 0.03203125 0.17265625
2 0.575 0.49296875 0.04453125 0.15859375
2 0.58828125 0.4234375 0.028125 0.140625
2 0.584375 0.35625 0.0234375 0.1140625