2 0.42421875 0.56875 0.0328125 0.20234375
2 0.38984375 0.46484375 0.034375 0.17578125
0 0.39921875 0.459375 0.01640625 0.03515625
1 0.1890625 0.434375 0.034375 0.18359375
3 0.05390625 0.584375 0.0359375 0.21484375
3 0.82109375 0.49453125 0.0328125 0.17421875
2 0.77421875 0.44453125 0.03984375 0.20703125
2 0.68203125 0.465625 0.04453125 0.18984375
2 0.70078125 0.59765625 0.04140625 0.19296875
2 0.54453125 0.71875 0.03828125 0.221875
2 0.459375 0.4953125 0.034375 0.16953125
2 0.5421875 0.4953125 0.034375 0.19140625
2 0.575 0.35625 0.0265625 0.1328125
2 0.5578125 0.3828125 0.02421875 0.1234375
2 0.678125 0.290625 0.02890625 0.140625