2 0.72109375 0.40390625 0.02578125 0.13671875
2 0.6828125 0.43359375 0.034375 0.07109375
0 0.69375 0.46484375 0.01015625 0.01875
2 0.98203125 0.41953125 0.034375 0.1
2 0.7921875 0.4109375 0.02265625 0.146875
2 0.63125 0.40625 0.021875 0.12578125
2 0.6328125 0.340625 0.02421875 0.0453125
2 0.55703125 0.35625 0.0328125 0.12890625
2 0.509375 0.32890625 0.02265625 0.10625
2 0.42734375 0.37890625 0.03046875 0.13671875
2 0.4796875 0.30859375 0.0171875 0.0921875
2 0.44453125 0.2890625 0.01640625 0.07890625
3 0.25078125 0.30078125 0.015625 0.10703125
3 0.3796875 0.38359375 0.03046875 0.15859375
3 0.81015625 0.37578125 0.02265625 0.11015625
1 0.70390625 0.34609375 0.0296875 0.109375