3 0.12578125 0.325 0.02265625 0.12578125
3 0.83828125 0.38046875 0.02734375 0.1125
2 0.26796875 0.365625 0.0375 0.1609375
0 0.27578125 0.28125 0.00859375 0.0203125
2 0.17890625 0.3046875 0.02109375 0.1171875
2 0.6078125 0.5078125 0.0453125 0.20234375
2 0.76640625 0.43515625 0.04140625 0.14453125
2 0.81015625 0.4265625 0.03671875 0.15390625
2 0.646875 0.38828125 0.0265625 0.1265625
2 0.575 0.36640625 0.02265625 0.12578125
2 0.5609375 0.35703125 0.02109375 0.1203125
2 0.5359375 0.3484375 0.01953125 0.11953125
2 0.47734375 0.3296875 0.01796875 0.1046875
2 0.4921875 0.2984375 0.01640625 0.07890625
2 0.51796875 0.28671875 0.02109375 0.08359375
1 0.671875 0.340625 0.02265625 0.1015625