0 0.728125 0.6375 0.0140625 0.0296875
2 0.56640625 0.81484375 0.07109375 0.240625
2 0.19453125 0.82109375 0.04296875 0.20625
2 0.2109375 0.77109375 0.02890625 0.19296875
2 0.3046875 0.70078125 0.06015625 0.2109375
2 0.76796875 0.69765625 0.04453125 0.22109375
2 0.75546875 0.39140625 0.03515625 0.15546875
2 0.56484375 0.47421875 0.0421875 0.18046875
2 0.4375 0.4 0.0265625 0.15546875
2 0.471875 0.36171875 0.03359375 0.14609375
2 0.4015625 0.55703125 0.025 0.196875
2 0.428125 0.54921875 0.0375 0.19140625
2 0.3671875 0.59453125 0.04296875 0.19140625
1 0.134375 0.52734375 0.0421875 0.1765625
3 0.94140625 0.4984375 0.03671875 0.18203125