2 0.03125 0.43984375 0.03984375 0.1484375
2 0.34453125 0.39921875 0.02421875 0.13359375
2 0.40859375 0.3875 0.03203125 0.13125
2 0.4546875 0.41796875 0.0375 0.14296875
1 0.34609375 0.3296875 0.03515625 0.0875
3 0.44375 0.29765625 0.02578125 0.084375
3 0.61640625 0.425 0.03515625 0.18984375
2 0.54765625 0.2765625 0.015625 0.06796875
2 0.5875 0.30625 0.03046875 0.07890625
2 0.66484375 0.29921875 0.0328125 0.1
2 0.48125 0.3796875 0.01953125 0.10078125
2 0.46875 0.33671875 0.01328125 0.05234375
2 0.49921875 0.334375 0.01875 0.09765625
2 0.51875 0.328125 0.01953125 0.1125