0 0.1015625 0.3265625 0.015625 0.03203125
2 0.02109375 0.5171875 0.0421875 0.16640625
2 0.18515625 0.36328125 0.0375 0.121875
2 0.278125 0.3171875 0.02578125 0.103125
2 0.27734375 0.4578125 0.04609375 0.153125
2 0.496875 0.3078125 0.0234375 0.121875
2 0.528125 0.38046875 0.01875 0.11875
2 0.5328125 0.3359375 0.01875 0.08515625
2 0.584375 0.38828125 0.0359375 0.128125
2 0.61796875 0.4984375 0.0421875 0.1546875
2 0.8234375 0.48046875 0.028125 0.16171875
2 0.55234375 0.684375 0.03671875 0.19609375
2 0.70625 0.66328125 0.0375 0.18203125
1 0.78828125 0.346875 0.0421875 0.1203125
3 0.68671875 0.27265625 0.02265625 0.10625
3 0.22734375 0.675 0.05390625 0.17734375