2 0.2421875 0.29296875 0.025 0.1125
0 0.26875 0.309375 0.0109375 0.02109375
2 0.1515625 0.31796875 0.03125 0.134375
2 0.20546875 0.42109375 0.05234375 0.2234375
2 0.425 0.46640625 0.04921875 0.20390625
2 0.65078125 0.4875 0.0546875 0.1828125
2 0.621875 0.45390625 0.0328125 0.16796875
2 0.478125 0.3515625 0.02578125 0.1265625
2 0.39921875 0.3046875 0.0203125 0.1046875
2 0.425 0.33046875 0.02578125 0.10703125
2 0.37890625 0.30390625 0.0234375 0.1171875
2 0.4109375 0.25859375 0.015625 0.065625
3 0.51796875 0.29765625 0.0203125 0.08515625
1 0.58984375 0.3234375 0.02734375 0.1015625