1 0.21171875 0.3515625 0.0359375 0.1171875
3 0.95390625 0.740625 0.071875 0.19453125
3 0.27734375 0.30703125 0.02890625 0.1140625
2 0.81484375 0.51875 0.05390625 0.1328125
2 0.8078125 0.66953125 0.046875 0.19140625
0 0.7875 0.5546875 0.0140625 0.0296875
2 0.9875 0.559375 0.025 0.1640625
2 0.7828125 0.3390625 0.03046875 0.13125
2 0.5875 0.3 0.0234375 0.103125
2 0.51640625 0.30859375 0.02421875 0.1109375
2 0.48359375 0.353125 0.02421875 0.1109375
2 0.4546875 0.384375 0.0375 0.1234375
2 0.41640625 0.396875 0.03828125 0.1265625
2 0.37734375 0.5234375 0.04140625 0.16640625
2 0.17421875 0.48203125 0.04921875 0.15