0 0.271875 0.6375 0.0140625 0.0296875
2 0.43359375 0.81484375 0.07109375 0.240625
2 0.80546875 0.82109375 0.04296875 0.20625
2 0.7890625 0.77109375 0.02890625 0.19296875
2 0.6953125 0.70078125 0.06015625 0.2109375
2 0.23203125 0.69765625 0.04453125 0.22109375
2 0.24453125 0.39140625 0.03515625 0.15546875
2 0.43515625 0.47421875 0.0421875 0.18046875
2 0.5625 0.4 0.0265625 0.15546875
2 0.528125 0.36171875 0.03359375 0.14609375
2 0.5984375 0.55703125 0.025 0.196875
2 0.571875 0.54921875 0.0375 0.19140625
2 0.6328125 0.59453125 0.04296875 0.19140625
1 0.865625 0.52734375 0.0421875 0.1765625
3 0.05859375 0.4984375 0.03671875 0.18203125