1 0.65625 0.3421875 0.02265625 0.11484375
2 0.8390625 0.46953125 0.053125 0.171875
2 0.74609375 0.44453125 0.04296875 0.14921875
2 0.48203125 0.49296875 0.0421875 0.2125
2 0.22578125 0.3640625 0.0265625 0.17890625
2 0.178125 0.28046875 0.028125 0.11171875
2 0.4453125 0.32109375 0.02578125 0.11171875
2 0.60625 0.3859375 0.03359375 0.1421875
2 0.5765625 0.40546875 0.03359375 0.16328125
2 0.54609375 0.3625 0.028125 0.128125
2 0.4171875 0.296875 0.01640625 0.09296875
0 0.56796875 0.334375 0.00859375 0.01875
2 0.42265625 0.2515625 0.01484375 0.04296875
3 0.34609375 0.54375 0.0640625 0.253125
3 0.55546875 0.28515625 0.015625 0.06796875