3 0.134375 0.646875 0.0296875 0.1890625
1 0.3609375 0.54609375 0.071875 0.1875
2 0.48046875 0.5515625 0.04609375 0.14140625
2 0.51328125 0.64296875 0.025 0.15859375
2 0.49609375 0.75859375 0.0390625 0.15859375
2 0.565625 0.5578125 0.03515625 0.14375
2 0.59375 0.60625 0.03203125 0.134375
2 0.62109375 0.57890625 0.034375 0.1625
2 0.5890625 0.4578125 0.02734375 0.13125
2 0.5671875 0.40703125 0.03046875 0.10703125
2 0.49375 0.3765625 0.03515625 0.12109375
2 0.62734375 0.45390625 0.02734375 0.09921875
2 0.65 0.4328125 0.025 0.1