3 0.87421875 0.325 0.02265625 0.12578125
3 0.16171875 0.38046875 0.02734375 0.1125
2 0.73203125 0.365625 0.0375 0.1609375
0 0.72421875 0.28125 0.00859375 0.0203125
2 0.82109375 0.3046875 0.02109375 0.1171875
2 0.3921875 0.5078125 0.0453125 0.20234375
2 0.23359375 0.43515625 0.04140625 0.14453125
2 0.18984375 0.4265625 0.03671875 0.15390625
2 0.353125 0.38828125 0.0265625 0.1265625
2 0.425 0.36640625 0.02265625 0.12578125
2 0.4390625 0.35703125 0.02109375 0.1203125
2 0.4640625 0.3484375 0.01953125 0.11953125
2 0.52265625 0.3296875 0.01796875 0.1046875
2 0.5078125 0.2984375 0.01640625 0.07890625
2 0.48203125 0.28671875 0.02109375 0.08359375
1 0.328125 0.340625 0.02265625 0.1015625