0 0.2953125 0.29453125 0.015625 0.025
3 0.2046875 0.33515625 0.03359375 0.1109375
2 0.89765625 0.4765625 0.0453125 0.1453125
3 0.8625 0.3953125 0.01875 0.1203125
2 0.74296875 0.41015625 0.025 0.1515625
1 0.6234375 0.33125 0.02890625 0.10625
2 0.55703125 0.37421875 0.0234375 0.134375
2 0.52890625 0.35625 0.025 0.1265625
2 0.48203125 0.38125 0.0296875 0.1390625
2 0.4984375 0.3484375 0.0140625 0.1140625
2 0.42890625 0.37265625 0.025 0.109375
2 0.45625 0.321875 0.01484375 0.1
2 0.478125 0.296875 0.0140625 0.05390625
2 0.43203125 0.3140625 0.02578125 0.05078125
2 0.36015625 0.33125 0.04375 0.09140625