0 0.1984375 0.67734375 0.01015625 0.021875
3 0.09609375 0.49921875 0.03125 0.134375
3 0.834375 0.57578125 0.02578125 0.1484375
2 0.91171875 0.68125 0.034375 0.16171875
2 0.2234375 0.7546875 0.03671875 0.17890625
2 0.17734375 0.50390625 0.0359375 0.14375
2 0.15546875 0.45625 0.02421875 0.1375
2 0.3625 0.46875 0.03125 0.1203125
2 0.47578125 0.6421875 0.03203125 0.16015625
2 0.68984375 0.63671875 0.03828125 0.153125
2 0.49375 0.53984375 0.0265625 0.1484375
2 0.471875 0.5015625 0.028125 0.1234375
2 0.50859375 0.53046875 0.0296875 0.115625
2 0.571875 0.35078125 0.02421875 0.115625
2 0.4828125 0.41953125 0.02265625 0.0953125
1 0.70546875 0.48359375 0.02421875 0.128125