2 0.74140625 0.46953125 0.04609375 0.16171875
1 0.63984375 0.33203125 0.02421875 0.0953125
2 0.79609375 0.41796875 0.03046875 0.1484375
2 0.58515625 0.40390625 0.0484375 0.15859375
2 0.21953125 0.6953125 0.09921875 0.375
2 0.06484375 0.4765625 0.0578125 0.221875
2 0.32734375 0.37890625 0.0296875 0.15859375
2 0.19140625 0.3125 0.03203125 0.115625
2 0.278125 0.2984375 0.02578125 0.09375
2 0.3859375 0.3046875 0.025 0.10625
2 0.36640625 0.31875 0.0265625 0.09140625
2 0.53046875 0.359375 0.02421875 0.1203125
2 0.484375 0.34375 0.02109375 0.1171875
3 0.7828125 0.37109375 0.01875 0.10625
3 0.05234375 0.3359375 0.0265625 0.128125