2 0.271875 0.29609375 0.02109375 0.0953125
2 0.33515625 0.4078125 0.034375 0.16171875
2 0.57734375 0.5234375 0.05 0.225
2 0.834375 0.4359375 0.03203125 0.146875
2 0.66484375 0.40234375 0.025 0.13125
2 0.56796875 0.36953125 0.0265625 0.13125
2 0.471875 0.3578125 0.03046875 0.1109375
2 0.43828125 0.33671875 0.02265625 0.1046875
2 0.49453125 0.35 0.02265625 0.1234375
2 0.4734375 0.28984375 0.01640625 0.07265625
1 0.6953125 0.3453125 0.028125 0.10859375
3 0.5890625 0.31171875 0.0171875 0.0765625
3 0.14140625 0.49765625 0.05 0.24140625