2 0.43671875 0.7796875 0.06796875 0.21640625
0 0.4546875 0.6734375 0.015625 0.0265625
2 0.29765625 0.71640625 0.0546875 0.21640625
2 0.3671875 0.64453125 0.04375 0.20859375
2 0.5828125 0.834375 0.04375 0.109375
2 0.809375 0.7140625 0.0640625 0.2421875
2 0.925 0.43046875 0.040625 0.16015625
2 0.68828125 0.46171875 0.0328125 0.1515625
2 0.57734375 0.5140625 0.03671875 0.16328125
2 0.43984375 0.57421875 0.03984375 0.16015625
2 0.4 0.5734375 0.0421875 0.18359375
2 0.53125 0.30703125 0.02578125 0.1265625
2 0.571875 0.384375 0.0375 0.1484375
3 0.3796875 0.37109375 0.0296875 0.146875
3 0.88359375 0.803125 0.0484375 0.17421875
1 0.29453125 0.434375 0.04375 0.16484375