2 0.1421875 0.46328125 0.03984375 0.1484375
3 0.128125 0.38515625 0.02421875 0.09375
3 0.9109375 0.42578125 0.0453125 0.21015625
2 0.17734375 0.425 0.04375 0.16484375
2 0.3734375 0.3953125 0.0328125 0.1234375
2 0.4609375 0.36484375 0.02578125 0.13125
2 0.49140625 0.378125 0.028125 0.1453125
2 0.50859375 0.35 0.03046875 0.1078125
2 0.59375 0.3234375 0.02109375 0.096875
2 0.61171875 0.30390625 0.02265625 0.09296875
2 0.64765625 0.296875 0.0234375 0.09375
2 0.76171875 0.39921875 0.025 0.134375
2 0.7875 0.4109375 0.02578125 0.19296875
2 0.84140625 0.30390625 0.021875 0.1203125
1 0.3234375 0.33828125 0.0234375 0.09296875