0 0.1984375 0.4421875 0.0140625 0.0296875
2 0.1109375 0.3984375 0.04765625 0.17265625
2 0.08046875 0.6140625 0.05546875 0.20703125
2 0.2265625 0.4765625 0.046875 0.19140625
2 0.22578125 0.35703125 0.028125 0.10625
2 0.253125 0.37265625 0.034375 0.17109375
2 0.353125 0.3890625 0.02421875 0.16640625
2 0.371875 0.47578125 0.05234375 0.128125
2 0.4421875 0.5203125 0.04609375 0.19765625
2 0.63125 0.5875 0.0453125 0.20546875
2 0.771875 0.6234375 0.053125 0.21640625
2 0.8625 0.73125 0.065625 0.225
2 0.521875 0.8234375 0.05390625 0.125
1 0.69765625 0.4046875 0.03828125 0.16640625
3 0.8609375 0.55 0.0515625 0.17421875