2 0.79453125 0.5578125 0.05703125 0.16484375
0 0.7765625 0.49921875 0.01328125 0.0265625
2 0.06015625 0.68984375 0.03046875 0.16328125
2 0.2984375 0.66796875 0.05390625 0.1296875
2 0.50625 0.6515625 0.0546875 0.16328125
2 0.6921875 0.76328125 0.05625 0.20546875
2 0.5125 0.51875 0.021875 0.1265625
2 0.5375 0.48203125 0.02890625 0.14375
2 0.60625 0.4359375 0.03203125 0.153125
2 0.8703125 0.41328125 0.04140625 0.1328125
2 0.51015625 0.3875 0.02265625 0.1265625
2 0.45546875 0.34609375 0.01640625 0.121875
1 0.31640625 0.48671875 0.03046875 0.146875
3 0.35078125 0.40234375 0.0265625 0.11875
3 0.940625 0.78203125 0.04140625 0.18828125