3 0.90546875 0.7234375 0.03359375 0.16328125
3 0.37421875 0.4140625 0.0234375 0.1125
2 0.82734375 0.640625 0.0359375 0.15703125
2 0.77578125 0.475 0.02578125 0.1421875
2 0.659375 0.50234375 0.02578125 0.146875
2 0.61484375 0.57421875 0.03359375 0.1421875
2 0.5796875 0.58828125 0.03125 0.1296875
2 0.53046875 0.44765625 0.028125 0.1203125
2 0.49921875 0.378125 0.025 0.1140625
2 0.47734375 0.640625 0.0390625 0.1546875
2 0.3453125 0.6421875 0.0359375 0.16640625
2 0.0875 0.68828125 0.04140625 0.1546875
2 0.5640625 0.75390625 0.03828125 0.15859375
2 0.5953125 0.509375 0.0234375 0.04296875
0 0.81875 0.590625 0.00859375 0.01875
1 0.3046875 0.50234375 0.02734375 0.1328125