2 0.340625 0.40625 0.028125 0.1609375
0 0.3421875 0.4 0.01171875 0.025
2 0.503125 0.34140625 0.01796875 0.1140625
2 0.44375 0.32109375 0.015625 0.10390625
2 0.46328125 0.30078125 0.01484375 0.078125
2 0.471875 0.2859375 0.00703125 0.05859375
2 0.2171875 0.30859375 0.015625 0.11328125
2 0.590625 0.38515625 0.0203125 0.13359375
2 0.75078125 0.5171875 0.046875 0.1859375
2 0.7484375 0.4015625 0.0296875 0.10859375
2 0.7890625 0.42421875 0.028125 0.13984375
2 0.8375 0.42734375 0.04921875 0.15078125
1 0.6796875 0.340625 0.0234375 0.10859375
3 0.5984375 0.31171875 0.01796875 0.084375
3 0.49296875 0.4953125 0.040625 0.19296875
2 0.99296875 0.440625 0.01328125 0.13203125