1 0.6984375 0.49921875 0.02578125 0.12265625
3 0.84765625 0.57890625 0.03203125 0.1265625
2 0.1015625 0.55234375 0.05234375 0.14921875
3 0.08203125 0.48125 0.0265625 0.12109375
2 0.371875 0.72734375 0.04296875 0.14609375
0 0.3515625 0.678125 0.009375 0.0234375
2 0.92265625 0.684375 0.02890625 0.15546875
2 0.7359375 0.6390625 0.02890625 0.14921875
2 0.5421875 0.6578125 0.03203125 0.14140625
2 0.2203125 0.4625 0.02578125 0.11484375
2 0.3828125 0.45859375 0.02890625 0.1203125
2 0.5125 0.54453125 0.02421875 0.14375
2 0.484375 0.5046875 0.03046875 0.125
2 0.528125 0.525 0.02578125 0.12109375
2 0.51484375 0.421875 0.0203125 0.11640625
2 0.5875 0.371875 0.02109375 0.10546875