2 0.47578125 0.459375 0.0328125 0.16796875
2 0.52578125 0.5 0.02421875 0.15703125
2 0.5515625 0.453125 0.0359375 0.06328125
2 0.56171875 0.39375 0.02890625 0.07421875
2 0.6140625 0.453125 0.053125 0.05078125
2 0.68984375 0.603125 0.053125 0.20078125
2 0.97578125 0.66875 0.0453125 0.15859375
2 0.44375 0.784375 0.0640625 0.18984375
2 0.2796875 0.7296875 0.04921875 0.221875
2 0.29453125 0.56328125 0.04375 0.19140625
2 0.384375 0.4828125 0.0421875 0.16953125
2 0.43046875 0.37109375 0.0328125 0.134375
3 0.65078125 0.384375 0.0328125 0.1296875
3 0.05234375 0.765625 0.0796875 0.2375
1 0.5828125 0.4359375 0.0375 0.14375