0 0.6859375 0.36640625 0.00703125 0.01484375
2 0.8515625 0.425 0.040625 0.14609375
2 0.94765625 0.4609375 0.03515625 0.146875
2 0.596875 0.475 0.03125 0.14375
2 0.61328125 0.3765625 0.0296875 0.1171875
2 0.5671875 0.35859375 0.0296875 0.12265625
2 0.5515625 0.32109375 0.025 0.08515625
2 0.475 0.34140625 0.02109375 0.121875
2 0.453125 0.35234375 0.02421875 0.10859375
2 0.4875 0.31953125 0.0171875 0.0796875
2 0.4328125 0.325 0.0265625 0.08828125
2 0.4546875 0.2875 0.01328125 0.040625
3 0.37578125 0.4296875 0.053125 0.16953125
1 0.6484375 0.35625 0.04140625 0.05078125