0 0.89453125 0.41015625 0.0203125 0.028125
2 0.159375 0.66171875 0.06328125 0.20703125
2 0.02890625 0.68984375 0.05234375 0.1328125
2 0.41328125 0.8 0.05546875 0.17421875
2 0.403125 0.61171875 0.040625 0.19296875
2 0.4828125 0.5421875 0.05 0.15
2 0.5328125 0.57890625 0.0421875 0.19453125
2 0.54609375 0.44765625 0.02890625 0.1359375
2 0.659375 0.42734375 0.0328125 0.16328125
2 0.5828125 0.3671875 0.03359375 0.1421875
2 0.62109375 0.32890625 0.0265625 0.1234375
2 0.86484375 0.55625 0.05390625 0.19296875
2 0.93203125 0.41328125 0.04765625 0.17265625
1 0.296875 0.41640625 0.03125 0.1515625
3 0.35859375 0.36796875 0.028125 0.13125
3 0.9828125 0.8265625 0.034375 0.11875