2 0.4625 0.34296875 0.02421875 0.1328125
0 0.4765625 0.33984375 0.0078125 0.0171875
1 0.6625 0.3359375 0.0296875 0.10703125
2 0.78984375 0.425 0.01953125 0.1375
2 0.9640625 0.46796875 0.05 0.16875
2 0.58984375 0.38203125 0.0265625 0.13984375
2 0.5046875 0.3296875 0.0203125 0.11484375
2 0.53359375 0.3296875 0.02109375 0.11953125
2 0.51875 0.4734375 0.0390625 0.18984375
2 0.42265625 0.30234375 0.01875 0.10078125
2 0.378125 0.33671875 0.0328125 0.12578125
2 0.2984375 0.275 0.01484375 0.0984375
2 0.44296875 0.265625 0.0125 0.05703125
2 0.45 0.2890625 0.01328125 0.06484375
3 0.31484375 0.325 0.02421875 0.13203125
3 0.80078125 0.3515625 0.01640625 0.06171875