1 0.28984375 0.34765625 0.03203125 0.1015625
3 0.159375 0.38671875 0.02578125 0.1171875
3 0.84296875 0.3390625 0.02578125 0.128125
2 0.22890625 0.4625 0.0453125 0.16953125
2 0.284375 0.55625 0.07578125 0.2078125
2 0.33046875 0.40234375 0.025 0.13046875
2 0.4359375 0.50390625 0.04140625 0.21875
2 0.54140625 0.54140625 0.0625 0.23203125
2 0.4109375 0.36171875 0.01875 0.1125
2 0.434375 0.3515625 0.0171875 0.1140625
2 0.453125 0.34453125 0.025 0.11953125
2 0.54453125 0.334375 0.02421875 0.11015625
2 0.828125 0.3046875 0.0140625 0.10234375
2 0.50625 0.30859375 0.0125 0.0859375
2 0.496875 0.2875 0.0125 0.0703125