2 0.60859375 0.74921875 0.065625 0.2328125
0 0.634375 0.6265625 0.01328125 0.03671875
2 0.7921875 0.67890625 0.05390625 0.21015625
2 0.8578125 0.40703125 0.034375 0.1390625
2 0.48671875 0.54765625 0.03671875 0.18203125
2 0.48515625 0.44453125 0.0296875 0.1203125
2 0.515625 0.42734375 0.03125 0.1453125
2 0.5328125 0.34765625 0.02109375 0.08828125
2 0.56875 0.328125 0.02890625 0.125
2 0.5484375 0.43359375 0.040625 0.140625
2 0.4140625 0.628125 0.0484375 0.17265625
2 0.1625 0.68984375 0.046875 0.17890625
2 0.1078125 0.67578125 0.04609375 0.1484375
3 0.096875 0.50625 0.0390625 0.16328125
1 0.253125 0.42734375 0.03828125 0.1421875
3 0.984375 0.53359375 0.03125 0.1578125