1 0.275 0.49296875 0.028125 0.1375
2 0.85 0.56015625 0.0375 0.16953125
0 0.8375 0.53125 0.01484375 0.0296875
2 0.8421875 0.409375 0.0359375 0.1375
2 0.60546875 0.453125 0.0265625 0.134375
2 0.54296875 0.5171875 0.03359375 0.1484375
2 0.4796875 0.65625 0.03828125 0.18203125
2 0.50234375 0.57421875 0.0359375 0.1484375
2 0.49765625 0.5 0.02109375 0.06796875
2 0.54609375 0.7375 0.03828125 0.0953125
2 0.30859375 0.68984375 0.04921875 0.17265625
2 0.05703125 0.7109375 0.0328125 0.17109375
2 0.496875 0.40625 0.02421875 0.1359375
2 0.45 0.35703125 0.0265625 0.121875
3 0.15078125 0.5859375 0.040625 0.16796875
3 0.94140625 0.45703125 0.02890625 0.1328125