2 0.18515625 0.39375 0.04921875 0.1359375
0 0.165625 0.328125 0.01328125 0.0265625
1 0.79765625 0.43359375 0.0328125 0.16015625
3 0.75078125 0.33203125 0.0296875 0.1546875
3 0.17890625 0.74140625 0.040625 0.2234375
2 0.7 0.61640625 0.03984375 0.20234375
2 0.54375 0.53125 0.03828125 0.18359375
2 0.52578125 0.41171875 0.0421875 0.1078125
2 0.48828125 0.44921875 0.0421875 0.1484375
2 0.43046875 0.446875 0.05 0.15859375
2 0.446875 0.3734375 0.03125 0.09296875
2 0.1734375 0.53359375 0.0640625 0.17578125