1 0.88203125 0.4515625 0.05234375 0.17109375
3 0.0953125 0.41640625 0.0421875 0.16953125
2 0.165625 0.5296875 0.0359375 0.20703125
2 0.38125 0.759375 0.05234375 0.18203125
2 0.66953125 0.59375 0.0375 0.18671875
2 0.8578125 0.6671875 0.0359375 0.19609375
2 0.9109375 0.71875 0.03828125 0.18828125
2 0.6125 0.51171875 0.02265625 0.16171875
2 0.57109375 0.44921875 0.0328125 0.1515625
2 0.48671875 0.3875 0.040625 0.1484375
2 0.315625 0.31328125 0.03359375 0.1359375
2 0.60859375 0.34453125 0.0171875 0.134375
2 0.6078125 0.2625 0.028125 0.1046875