2 0.5375 0.34296875 0.02421875 0.1328125
0 0.5234375 0.33984375 0.0078125 0.0171875
1 0.3375 0.3359375 0.0296875 0.10703125
2 0.21015625 0.425 0.01953125 0.1375
2 0.0359375 0.46796875 0.05 0.16875
2 0.41015625 0.38203125 0.0265625 0.13984375
2 0.4953125 0.3296875 0.0203125 0.11484375
2 0.46640625 0.3296875 0.02109375 0.11953125
2 0.48125 0.4734375 0.0390625 0.18984375
2 0.57734375 0.30234375 0.01875 0.10078125
2 0.621875 0.33671875 0.0328125 0.12578125
2 0.7015625 0.275 0.01484375 0.0984375
2 0.55703125 0.265625 0.0125 0.05703125
2 0.55 0.2890625 0.01328125 0.06484375
3 0.68515625 0.325 0.02421875 0.13203125
3 0.19921875 0.3515625 0.01640625 0.06171875