0 0.55625 0.596875 0.0171875 0.03359375
2 0.1140625 0.66015625 0.0296875 0.19765625
2 0.215625 0.61953125 0.04765625 0.18046875
2 0.26484375 0.60078125 0.053125 0.18984375
2 0.44140625 0.58828125 0.05625 0.16328125
2 0.40859375 0.7921875 0.0578125 0.18046875
2 0.815625 0.63984375 0.046875 0.20859375
2 0.86328125 0.43046875 0.03203125 0.1453125
2 0.5109375 0.50390625 0.0359375 0.15859375
2 0.60234375 0.44921875 0.02890625 0.1546875
2 0.62734375 0.45625 0.034375 0.140625
2 0.62734375 0.378125 0.02109375 0.08984375
2 0.48828125 0.3109375 0.025 0.125
3 0.3609375 0.37265625 0.02890625 0.115625
3 0.9078125 0.78828125 0.04140625 0.19765625
1 0.26953125 0.4484375 0.04453125 0.14375