2 0.5171875 0.615625 0.0578125 0.28671875
2 0.3828125 0.41171875 0.03125 0.17265625
2 0.221875 0.30703125 0.0328125 0.1171875
2 0.47578125 0.3671875 0.0296875 0.1171875
2 0.47578125 0.29453125 0.0125 0.04921875
2 0.5625 0.371875 0.0296875 0.109375
2 0.55078125 0.34375 0.0203125 0.0984375
2 0.60234375 0.38046875 0.034375 0.12890625
2 0.66015625 0.53515625 0.0671875 0.23125
2 0.76875 0.4390625 0.04140625 0.15625
2 0.74296875 0.44609375 0.03125 0.13125
3 0.86953125 0.39765625 0.03359375 0.11640625
3 0.17421875 0.365625 0.03359375 0.14453125
1 0.7078125 0.35078125 0.02265625 0.10546875
2 0.47109375 0.2828125 0.0140625 0.046875