2 0.8453125 0.68359375 0.02265625 0.1109375
2 0.69921875 0.64296875 0.03515625 0.13046875
2 0.59375 0.60703125 0.028125 0.14609375
2 0.45546875 0.69296875 0.03125 0.1484375
2 0.45078125 0.55625 0.02578125 0.12890625
2 0.309375 0.57109375 0.02109375 0.13046875
2 0.33828125 0.415625 0.0265625 0.11640625
2 0.48671875 0.45390625 0.025 0.10625
2 0.53046875 0.515625 0.03515625 0.128125
2 0.55546875 0.55 0.03203125 0.12109375
2 0.55 0.42109375 0.0171875 0.10859375
2 0.54375 0.3921875 0.0171875 0.0859375
1 0.7234375 0.50390625 0.02265625 0.1234375
3 0.66953125 0.41328125 0.0171875 0.10390625
3 0.18203125 0.721875 0.04609375 0.14453125
0 0.43984375 0.528125 0.00859375 0.01796875