1 0.69765625 0.45859375 0.053125 0.1484375
3 0.9140625 0.55859375 0.034375 0.1453125
3 0.08515625 0.4390625 0.034375 0.140625
2 0.36953125 0.78671875 0.05234375 0.19453125
2 0.52421875 0.646875 0.04140625 0.18515625
2 0.7546875 0.63125 0.04453125 0.18515625
2 0.93203125 0.6703125 0.034375 0.140625
2 0.2984375 0.51171875 0.03203125 0.153125
2 0.3390625 0.50390625 0.03984375 0.125
2 0.48515625 0.5734375 0.0515625 0.146875
2 0.4234375 0.4140625 0.0328125 0.134375
2 0.46640625 0.371875 0.0359375 0.1203125
2 0.5578125 0.309375 0.0265625 0.125
2 0.4921875 0.50390625 0.03671875 0.103125
2 0.27265625 0.371875 0.0359375 0.1265625
0 0.30625 0.509375 0.0109375 0.02578125