3 0.903125 0.5359375 0.05 0.17421875
3 0.125 0.50390625 0.0484375 0.17421875
2 0.65703125 0.70546875 0.04375 0.2375
2 0.88828125 0.43203125 0.0265625 0.1234375
2 0.596875 0.653125 0.065625 0.21015625
2 0.48046875 0.6640625 0.0390625 0.18984375
2 0.434375 0.596875 0.05234375 0.19765625
2 0.4953125 0.59375 0.03671875 0.17734375
2 0.5171875 0.525 0.02578125 0.15703125
2 0.48515625 0.49921875 0.0328125 0.07890625
2 0.5515625 0.5109375 0.05625 0.16015625
2 0.63359375 0.4390625 0.05 0.17109375
2 0.60078125 0.37734375 0.03046875 0.13125
2 0.5265625 0.3046875 0.03359375 0.121875
1 0.30234375 0.43359375 0.05625 0.16328125