0 0.3234375 0.6703125 0.01484375 0.0296875
2 0.16171875 0.628125 0.05390625 0.20390625
2 0.15546875 0.3984375 0.03359375 0.1328125
2 0.36875 0.4140625 0.05390625 0.15625
2 0.353125 0.78203125 0.053125 0.20703125
2 0.4234375 0.40859375 0.02578125 0.1453125
2 0.44921875 0.44921875 0.0375 0.1484375
2 0.44609375 0.346875 0.0234375 0.0953125
2 0.4671875 0.32265625 0.025 0.1265625
2 0.49296875 0.54375 0.05703125 0.17734375
2 0.56640625 0.6515625 0.06328125 0.19453125
2 0.7515625 0.59296875 0.05234375 0.16640625
3 0.8640625 0.4875 0.04140625 0.16015625
3 0.0484375 0.596875 0.04375 0.20390625
1 0.7390625 0.43671875 0.04609375 0.15703125