0 0.31171875 0.52109375 0.01484375 0.02421875
3 0.1203125 0.67890625 0.03046875 0.19609375
3 0.65703125 0.3546875 0.02578125 0.1390625
1 0.72265625 0.4640625 0.04296875 0.1578125
2 0.20859375 0.38046875 0.0296875 0.13046875
2 0.290625 0.546875 0.03203125 0.1515625
2 0.3453125 0.42734375 0.05859375 0.12578125
2 0.40078125 0.49453125 0.0296875 0.14375
2 0.421875 0.51953125 0.0359375 0.15859375
2 0.47109375 0.52890625 0.04609375 0.17421875
2 0.44453125 0.7796875 0.0421875 0.1875
2 0.56015625 0.6359375 0.0375 0.19140625
2 0.75078125 0.63984375 0.05 0.17890625
2 0.9078125 0.684375 0.03125 0.1484375
2 0.48046875 0.38203125 0.02578125 0.134375
2 0.58984375 0.3 0.02265625 0.12421875