3 0.1765625 0.3078125 0.01875 0.14375
3 0.790625 0.3703125 0.025 0.1046875
2 0.26796875 0.32734375 0.0265625 0.12265625
0 0.29375 0.38359375 0.0125 0.0296875
2 0.2953125 0.271875 0.01953125 0.1
2 0.53359375 0.54921875 0.0453125 0.2515625
2 0.5796875 0.4546875 0.0328125 0.21171875
2 0.809375 0.4296875 0.03125 0.15546875
2 0.49296875 0.32109375 0.015625 0.1078125
2 0.521875 0.3421875 0.01875 0.12265625
2 0.46015625 0.30390625 0.02265625 0.10546875
2 0.46953125 0.271875 0.0109375 0.06015625
2 0.48359375 0.2703125 0.01328125 0.06484375
1 0.65703125 0.32578125 0.02421875 0.1171875