2 0.76640625 0.42734375 0.03046875 0.16015625
0 0.75234375 0.34921875 0.0140625 0.028125
2 0.68359375 0.39375 0.025 0.12421875
2 0.82109375 0.434375 0.03359375 0.084375
2 0.55703125 0.36171875 0.025 0.14765625
2 0.5796875 0.36953125 0.02578125 0.078125
2 0.42421875 0.2921875 0.01328125 0.09765625
2 0.45390625 0.309375 0.01953125 0.11875
2 0.37109375 0.34375 0.03125 0.1265625
2 0.41875 0.49453125 0.0390625 0.2125
2 0.03828125 0.3078125 0.05078125 0.13203125
2 0.3484375 0.27421875 0.025 0.0859375
3 0.56796875 0.2875 0.02421875 0.059375