2 0.17421875 0.5328125 0.0265625 0.16171875
0 0.19140625 0.51953125 0.01328125 0.0234375
3 0.04140625 0.41796875 0.02890625 0.1421875
3 0.9578125 0.578125 0.0390625 0.17109375
1 0.78046875 0.46484375 0.025 0.1453125
2 0.6140625 0.31328125 0.02109375 0.1296875
2 0.275 0.3578125 0.02578125 0.1359375
2 0.3921875 0.41953125 0.034375 0.1546875
2 0.54609375 0.37890625 0.021875 0.128125
2 0.51953125 0.46796875 0.0265625 0.1171875
2 0.53984375 0.50234375 0.02421875 0.115625
2 0.54609375 0.475 0.01796875 0.1046875
2 0.5359375 0.6390625 0.0375 0.19453125
2 0.7375 0.65859375 0.0328125 0.18515625
2 0.8515625 0.75078125 0.03984375 0.18984375
2 0.3484375 0.78203125 0.03359375 0.20078125