0 0.3546875 0.7375 0.0203125 0.028125
2 0.13984375 0.478125 0.05078125 0.13984375
2 0.32265625 0.41953125 0.034375 0.1453125
2 0.3875 0.76953125 0.04296875 0.1640625
2 0.5171875 0.6984375 0.04609375 0.16796875
2 0.57421875 0.68671875 0.03046875 0.171875
2 0.60859375 0.70625 0.040625 0.14140625
2 0.6328125 0.634375 0.03046875 0.18125
2 0.590625 0.5921875 0.040625 0.09375
2 0.45546875 0.4828125 0.040625 0.15078125
2 0.44609375 0.39609375 0.0265625 0.1109375
2 0.5765625 0.3765625 0.02578125 0.13671875
2 0.63515625 0.2984375 0.0296875 0.13046875
3 0.0828125 0.42421875 0.0234375 0.13984375
3 0.9703125 0.55859375 0.02421875 0.159375
1 0.80078125 0.46875 0.03203125 0.15078125