1 0.33125 0.4765625 0.03203125 0.1484375
2 0.14765625 0.64765625 0.02421875 0.121875
2 0.7859375 0.47265625 0.0359375 0.13125
2 0.55546875 0.64921875 0.03359375 0.103125
2 0.55703125 0.59140625 0.0265625 0.06171875
2 0.478125 0.68203125 0.0375 0.15703125
2 0.45390625 0.63359375 0.03203125 0.140625
2 0.36484375 0.62265625 0.028125 0.15625
2 0.59765625 0.51015625 0.02890625 0.14375
2 0.565625 0.49140625 0.021875 0.125
2 0.58046875 0.45 0.01484375 0.06640625
2 0.58359375 0.3859375 0.02421875 0.08046875
2 0.478125 0.3421875 0.0171875 0.103125
3 0.89921875 0.71015625 0.04453125 0.16015625
3 0.3921875 0.390625 0.02421875 0.1109375