2 0.40078125 0.8046875 0.08359375 0.16484375
0 0.43046875 0.74609375 0.0125 0.03515625
2 0.19375 0.5765625 0.04375 0.18359375
2 0.15390625 0.4140625 0.0296875 0.134375
2 0.28984375 0.35859375 0.034375 0.121875
2 0.38046875 0.378125 0.03359375 0.1203125
2 0.4609375 0.4484375 0.0296875 0.1375
2 0.48125 0.5 0.025 0.16953125
2 0.58046875 0.51875 0.0296875 0.17578125
2 0.61640625 0.57578125 0.0265625 0.17578125
2 0.6390625 0.596875 0.02890625 0.17890625
2 0.76796875 0.64921875 0.04140625 0.17109375
3 0.0921875 0.5328125 0.04765625 0.16171875
3 0.86796875 0.471875 0.03671875 0.1421875
1 0.7328125 0.41953125 0.03828125 0.1390625