2 0.2296875 0.44609375 0.03671875 0.1140625
0 0.2234375 0.43203125 0.00703125 0.01640625
1 0.70859375 0.5234375 0.02578125 0.13125
3 0.665625 0.440625 0.028125 0.115625
3 0.0921875 0.7890625 0.0484375 0.17421875
2 0.49453125 0.65703125 0.03125 0.16640625
2 0.65234375 0.66171875 0.0359375 0.1609375
2 0.86953125 0.71953125 0.03125 0.13515625
2 0.45390625 0.78515625 0.03671875 0.15625
2 0.47734375 0.55625 0.021875 0.12890625
2 0.4625 0.54453125 0.01953125 0.1140625
2 0.47734375 0.46640625 0.01796875 0.08203125
2 0.4546875 0.47265625 0.02265625 0.04921875
2 0.40546875 0.459375 0.02265625 0.1265625
2 0.1453125 0.559375 0.03984375 0.13984375