0 0.44375 0.596875 0.0171875 0.03359375
2 0.8859375 0.66015625 0.0296875 0.19765625
2 0.784375 0.61953125 0.04765625 0.18046875
2 0.73515625 0.60078125 0.053125 0.18984375
2 0.55859375 0.58828125 0.05625 0.16328125
2 0.59140625 0.7921875 0.0578125 0.18046875
2 0.184375 0.63984375 0.046875 0.20859375
2 0.13671875 0.43046875 0.03203125 0.1453125
2 0.4890625 0.50390625 0.0359375 0.15859375
2 0.39765625 0.44921875 0.02890625 0.1546875
2 0.37265625 0.45625 0.034375 0.140625
2 0.37265625 0.378125 0.02109375 0.08984375
2 0.51171875 0.3109375 0.025 0.125
3 0.6390625 0.37265625 0.02890625 0.115625
3 0.0921875 0.78828125 0.04140625 0.19765625
1 0.73046875 0.4484375 0.04453125 0.14375