2 0.01796875 0.44375 0.0359375 0.140625
2 0.19921875 0.425 0.06015625 0.125
2 0.25625 0.4109375 0.0375 0.17109375
2 0.34140625 0.39453125 0.0359375 0.121875
2 0.3640625 0.39140625 0.03359375 0.1375
2 0.43046875 0.42421875 0.03359375 0.16015625
2 0.3921875 0.3671875 0.02578125 0.1328125
2 0.459375 0.34296875 0.0203125 0.1171875
2 0.47578125 0.33828125 0.0234375 0.1140625
2 0.50703125 0.3359375 0.02421875 0.1125
2 0.5421875 0.3375 0.0296875 0.125
3 0.6140625 0.45625 0.0578125 0.18671875
3 0.38359375 0.31484375 0.0203125 0.06796875
0 0.221875 0.30234375 0.0140625 0.028125
1 0.28046875 0.35078125 0.0421875 0.09375