1 0.26484375 0.44609375 0.0453125 0.13046875
0 0.2703125 0.44453125 0.01484375 0.02578125
3 0.1375 0.503125 0.02734375 0.15625
3 0.93125 0.52734375 0.0375 0.1609375
2 0.18828125 0.60234375 0.03203125 0.17421875
2 0.2171875 0.615625 0.046875 0.20078125
2 0.34296875 0.59453125 0.05 0.175
2 0.2890625 0.56328125 0.0328125 0.17265625
2 0.31015625 0.5484375 0.03515625 0.171875
2 0.46484375 0.51328125 0.03671875 0.165625
2 0.50703125 0.48515625 0.0359375 0.15859375
2 0.5578125 0.49921875 0.04453125 0.1484375
2 0.68515625 0.590625 0.04453125 0.2
2 0.6515625 0.4328125 0.028125 0.1390625
2 0.6828125 0.3734375 0.02734375 0.12109375