2 0.54609375 0.5328125 0.04765625 0.17109375
2 0.5828125 0.52265625 0.04453125 0.15
0 0.57421875 0.55390625 0.01640625 0.04296875
3 0.903125 0.7703125 0.06875 0.234375
3 0.3921875 0.365625 0.034375 0.1515625
1 0.3 0.41953125 0.06171875 0.16015625
2 0.18984375 0.62734375 0.07265625 0.19921875
2 0.3578125 0.546875 0.0421875 0.18671875
2 0.39140625 0.546875 0.04140625 0.17109375
2 0.5 0.53359375 0.046875 0.1546875
2 0.61328125 0.6140625 0.06171875 0.17265625
2 0.625 0.46796875 0.0453125 0.1421875
2 0.6515625 0.4046875 0.04921875 0.1359375
2 0.8171875 0.42890625 0.05 0.16328125
2 0.5421875 0.2984375 0.03046875 0.128125