2 0.51796875 0.8015625 0.05390625 0.17421875
2 0.63125 0.78125 0.05703125 0.20859375
2 0.0890625 0.6359375 0.06171875 0.19140625
2 0.2296875 0.55625 0.04609375 0.18046875
2 0.2703125 0.44921875 0.03671875 0.1421875
2 0.31484375 0.403125 0.028125 0.1421875
2 0.35 0.38203125 0.0328125 0.121875
2 0.41328125 0.39375 0.04375 0.1328125
2 0.38359375 0.3296875 0.02578125 0.121875
2 0.7359375 0.46875 0.03359375 0.1515625
2 0.840625 0.56015625 0.0609375 0.17265625
2 0.80859375 0.3546875 0.0375 0.1515625
1 0.034375 0.38984375 0.040625 0.146875
3 0.90234375 0.40625 0.0390625 0.1390625