1 0.31953125 0.33359375 0.028125 0.0953125
2 0.10390625 0.4828125 0.04609375 0.1390625
2 0.17265625 0.43984375 0.04921875 0.17265625
2 0.38671875 0.5109375 0.03046875 0.21328125
2 0.34375 0.3828125 0.0296875 0.1265625
2 0.38515625 0.36796875 0.02578125 0.109375
2 0.425 0.37109375 0.021875 0.11875
2 0.49765625 0.346875 0.01875 0.1140625
2 0.809375 0.38125 0.0296875 0.17265625
2 0.840625 0.3125 0.02109375 0.1234375
2 0.515625 0.32109375 0.01640625 0.10234375
2 0.490625 0.2765625 0.01328125 0.0515625
3 0.4078125 0.3078125 0.01171875 0.08125
3 0.7609375 0.428125 0.03828125 0.175