2 0.03125 0.69765625 0.0625 0.3640625
2 0.47734375 0.61484375 0.08671875 0.33203125
2 0.09921875 0.37890625 0.03828125 0.19765625
2 0.14921875 0.30546875 0.0359375 0.14140625
2 0.2046875 0.290625 0.028125 0.10703125
2 0.34375 0.33671875 0.03671875 0.14140625
2 0.42578125 0.3078125 0.02421875 0.11953125
2 0.4796875 0.325 0.02109375 0.12109375
2 0.50546875 0.29609375 0.01953125 0.0875
2 0.50859375 0.409375 0.0296875 0.16015625
2 0.5359375 0.33984375 0.0265625 0.1375
2 0.79375 0.421875 0.04140625 0.146875
3 0.6359375 0.3140625 0.02421875 0.0984375
1 0.725 0.33515625 0.0296875 0.10546875