2 0.05703125 0.67265625 0.03359375 0.17265625
2 0.346875 0.60859375 0.02890625 0.16796875
2 0.546875 0.55 0.03671875 0.16796875
2 0.63125 0.7390625 0.05 0.1515625
2 0.8765625 0.5421875 0.03828125 0.17734375
2 0.8078125 0.3890625 0.03203125 0.1546875
2 0.5796875 0.4515625 0.01875 0.1375
2 0.628125 0.42578125 0.02265625 0.1546875
2 0.56328125 0.3375 0.02421875 0.10625
2 0.61484375 0.38359375 0.015625 0.10625
2 0.57890625 0.2984375 0.028125 0.109375
0 0.79765625 0.36796875 0.01484375 0.03515625
3 0.1421875 0.56015625 0.03828125 0.16640625
1 0.346875 0.4296875 0.03203125 0.17734375