2 0.20546875 0.73671875 0.0578125 0.13203125
2 0.4375 0.66484375 0.04140625 0.1578125
2 0.509375 0.6890625 0.04296875 0.178125
2 0.553125 0.59609375 0.0484375 0.146875
2 0.8265625 0.60859375 0.03828125 0.17421875
2 0.6375 0.64765625 0.03515625 0.16484375
2 0.66875 0.61328125 0.02734375 0.1671875
2 0.5921875 0.5234375 0.02421875 0.15234375
2 0.62109375 0.57421875 0.02265625 0.08671875
2 0.5578125 0.52109375 0.02578125 0.0765625
2 0.61640625 0.4859375 0.034375 0.13203125
1 0.35078125 0.53359375 0.0453125 0.1234375
3 0.40546875 0.43359375 0.03359375 0.1265625