2 0.4796875 0.34140625 0.0171875 0.1203125
2 0.5 0.36640625 0.01875 0.121875
0 0.5015625 0.36015625 0.0109375 0.0265625
2 0.03671875 0.459375 0.0359375 0.16171875
2 0.21953125 0.49921875 0.0546875 0.19609375
2 0.13203125 0.42890625 0.04921875 0.16328125
2 0.31875 0.40078125 0.03046875 0.134375
2 0.40546875 0.36015625 0.028125 0.109375
2 0.7578125 0.5078125 0.059375 0.225
2 0.7390625 0.3109375 0.02265625 0.1125
2 0.5609375 0.3359375 0.0234375 0.09375
2 0.540625 0.30390625 0.01015625 0.1015625
2 0.5515625 0.28203125 0.0078125 0.07109375
3 0.19296875 0.371875 0.02578125 0.1078125
3 0.86640625 0.54453125 0.07109375 0.2625
1 0.325 0.3296875 0.02109375 0.05078125