3 0.596875 0.3515625 0.03359375 0.16015625
3 0.2171875 0.634375 0.03359375 0.21015625
2 0.72890625 0.66953125 0.04765625 0.21640625
2 0.8421875 0.7578125 0.0484375 0.18828125
2 0.4140625 0.58125 0.0296875 0.19609375
2 0.44921875 0.521875 0.03203125 0.19140625
2 0.35234375 0.5515625 0.03359375 0.16796875
2 0.40390625 0.484375 0.028125 0.17578125
2 0.34453125 0.45390625 0.028125 0.1453125
2 0.28359375 0.41328125 0.02890625 0.1390625
2 0.2625 0.52578125 0.0328125 0.19296875
2 0.2421875 0.43984375 0.03125 0.1546875
2 0.03671875 0.4625 0.034375 0.153125
0 0.2671875 0.5328125 0.01484375 0.03203125