2 0.07265625 0.75703125 0.040625 0.18984375
2 0.253125 0.67578125 0.04765625 0.1875
2 0.3734375 0.6359375 0.03515625 0.1734375
2 0.40703125 0.6328125 0.0234375 0.1578125
2 0.42109375 0.54921875 0.028125 0.15390625
2 0.54765625 0.52265625 0.02578125 0.13671875
2 0.6171875 0.77890625 0.04140625 0.17734375
2 0.778125 0.5953125 0.02578125 0.1625
2 0.76953125 0.42890625 0.03203125 0.1359375
2 0.68046875 0.39375 0.040625 0.1140625
2 0.5796875 0.446875 0.021875 0.1453125
2 0.5578125 0.4078125 0.0203125 0.12265625
0 0.77265625 0.40234375 0.0125 0.021875
3 0.91171875 0.4828125 0.0359375 0.14453125
3 0.025 0.61796875 0.02890625 0.16640625
1 0.2078125 0.496875 0.0265625 0.15078125