1 0.6875 0.365625 0.05 0.05234375
0 0.715625 0.38671875 0.01328125 0.0234375
2 0.8328125 0.48828125 0.0484375 0.18359375
2 0.475 0.4828125 0.0390625 0.18203125
2 0.58515625 0.4359375 0.03984375 0.146875
2 0.5796875 0.3375 0.028125 0.08828125
2 0.5109375 0.3375 0.0265625 0.134375
2 0.45234375 0.35234375 0.0453125 0.13125
2 0.36640625 0.43515625 0.04765625 0.19765625
2 0.1546875 0.325 0.05625 0.125
2 0.2859375 0.2828125 0.0203125 0.09140625
2 0.34453125 0.31328125 0.03046875 0.08359375
2 0.39375 0.309375 0.0375 0.115625
2 0.3546875 0.28046875 0.01640625 0.06640625