3 0.20546875 0.74609375 0.03359375 0.17421875
3 0.790625 0.39765625 0.025 0.11953125
1 0.7828125 0.49140625 0.03828125 0.14609375
2 0.578125 0.75078125 0.03515625 0.17890625
2 0.2546875 0.703125 0.04296875 0.19140625
2 0.23125 0.51640625 0.0421875 0.16484375
2 0.29296875 0.38515625 0.03125 0.14609375
2 0.47421875 0.44453125 0.025 0.15703125
2 0.56484375 0.59921875 0.034375 0.1734375
2 0.6328125 0.6859375 0.0296875 0.18203125
2 0.58203125 0.51328125 0.02734375 0.16328125
2 0.59375 0.53046875 0.01796875 0.134375
2 0.56640625 0.45703125 0.015625 0.0953125
2 0.56171875 0.3796875 0.01484375 0.10859375
2 0.5546875 0.3359375 0.01796875 0.115625