2 0.23203125 0.453125 0.0453125 0.1375
0 0.24609375 0.44453125 0.0109375 0.0203125
2 0.1796875 0.39375 0.03515625 0.14375
2 0.36171875 0.4125 0.02109375 0.12109375
2 0.3890625 0.42421875 0.025 0.04765625
2 0.378125 0.4890625 0.02265625 0.159375
2 0.39296875 0.55625 0.025 0.171875
2 0.303125 0.7015625 0.05078125 0.19765625
2 0.425 0.75859375 0.04140625 0.184375
2 0.484375 0.62734375 0.0328125 0.18359375
2 0.6578125 0.61953125 0.0296875 0.1671875
2 0.9640625 0.7046875 0.03359375 0.1765625
1 0.7203125 0.46875 0.028125 0.140625
3 0.66953125 0.38515625 0.0265625 0.13203125
3 0.02734375 0.6984375 0.04921875 0.18515625