2 0.80859375 0.359375 0.03359375 0.16328125
2 0.83125 0.27578125 0.02265625 0.10625
0 0.81796875 0.27734375 0.01328125 0.0265625
3 0.9359375 0.3 0.03828125 0.1375
3 0.22421875 0.37421875 0.02890625 0.109375
2 0.72578125 0.26875 0.01875 0.0984375
2 0.6140625 0.309375 0.01875 0.115625
2 0.59140625 0.5078125 0.046875 0.24375
2 0.34765625 0.5140625 0.0671875 0.234375
2 0.27421875 0.434375 0.040625 0.15
2 0.4546875 0.409375 0.04765625 0.17734375
2 0.55078125 0.32265625 0.021875 0.1140625
2 0.5109375 0.340625 0.02265625 0.128125
2 0.59375 0.2984375 0.02265625 0.103125
2 0.5609375 0.28125 0.01796875 0.07421875
1 0.365625 0.32734375 0.0265625 0.0984375