2 0.12109375 0.4359375 0.0578125 0.18359375
2 0.078125 0.28828125 0.0328125 0.11640625
2 0.32109375 0.28515625 0.02734375 0.10625
2 0.39296875 0.29375 0.025 0.11015625
2 0.4828125 0.31953125 0.02578125 0.1015625
2 0.5265625 0.3625 0.03671875 0.1140625
2 0.6265625 0.3984375 0.0296875 0.1296875
2 0.65 0.38125 0.02890625 0.12265625
2 0.69296875 0.39921875 0.02734375 0.1078125
2 0.7171875 0.515625 0.040625 0.19140625
2 0.73125 0.4140625 0.03125 0.0421875
3 0.78984375 0.415625 0.03828125 0.14609375
1 0.67421875 0.36796875 0.0296875 0.053125