3 0.92734375 0.54609375 0.03828125 0.17265625
3 0.05234375 0.44296875 0.0359375 0.1453125
1 0.76875 0.47578125 0.0421875 0.15859375
2 0.1609375 0.58359375 0.0484375 0.16953125
2 0.24296875 0.38203125 0.03984375 0.146875
2 0.38359375 0.428125 0.034375 0.134375
2 0.4796875 0.56171875 0.05625 0.15703125
2 0.4625 0.49375 0.02578125 0.1515625
2 0.54375 0.69140625 0.053125 0.20703125
2 0.609375 0.73984375 0.04375 0.125
2 0.65 0.64453125 0.04609375 0.14375
2 0.5671875 0.55703125 0.046875 0.16640625
2 0.51484375 0.38359375 0.03046875 0.13125
2 0.5421875 0.3171875 0.03046875 0.121875
0 0.58359375 0.77421875 0.01328125 0.0328125