0 0.6296875 0.37578125 0.01015625 0.0296875
2 0.33046875 0.39375 0.0421875 0.16328125
2 0.18359375 0.3 0.03203125 0.1125
2 0.3328125 0.27421875 0.01328125 0.08203125
2 0.36484375 0.29453125 0.01796875 0.0953125
2 0.41171875 0.35625 0.03984375 0.1515625
2 0.50859375 0.41328125 0.03359375 0.16328125
2 0.5265625 0.43046875 0.03125 0.18203125
2 0.7296875 0.4578125 0.034375 0.16171875
3 0.50234375 0.2984375 0.02578125 0.08203125
3 0.66015625 0.58359375 0.0515625 0.259375
1 0.6515625 0.3765625 0.03125 0.07109375