0 0.68828125 0.52109375 0.01484375 0.02421875
3 0.8796875 0.67890625 0.03046875 0.19609375
3 0.34296875 0.3546875 0.02578125 0.1390625
1 0.27734375 0.4640625 0.04296875 0.1578125
2 0.79140625 0.38046875 0.0296875 0.13046875
2 0.709375 0.546875 0.03203125 0.1515625
2 0.6546875 0.42734375 0.05859375 0.12578125
2 0.59921875 0.49453125 0.0296875 0.14375
2 0.578125 0.51953125 0.0359375 0.15859375
2 0.52890625 0.52890625 0.04609375 0.17421875
2 0.55546875 0.7796875 0.0421875 0.1875
2 0.43984375 0.6359375 0.0375 0.19140625
2 0.24921875 0.63984375 0.05 0.17890625
2 0.0921875 0.684375 0.03125 0.1484375
2 0.51953125 0.38203125 0.02578125 0.134375
2 0.41015625 0.3 0.02265625 0.12421875