3 0.096875 0.5359375 0.05 0.17421875
3 0.875 0.50390625 0.0484375 0.17421875
2 0.34296875 0.70546875 0.04375 0.2375
2 0.11171875 0.43203125 0.0265625 0.1234375
2 0.403125 0.653125 0.065625 0.21015625
2 0.51953125 0.6640625 0.0390625 0.18984375
2 0.565625 0.596875 0.05234375 0.19765625
2 0.5046875 0.59375 0.03671875 0.17734375
2 0.4828125 0.525 0.02578125 0.15703125
2 0.51484375 0.49921875 0.0328125 0.07890625
2 0.4484375 0.5109375 0.05625 0.16015625
2 0.36640625 0.4390625 0.05 0.17109375
2 0.39921875 0.37734375 0.03046875 0.13125
2 0.4734375 0.3046875 0.03359375 0.121875
1 0.69765625 0.43359375 0.05625 0.16328125