3 0.06875 0.62421875 0.03046875 0.16796875
3 0.9171875 0.50703125 0.0484375 0.14375
2 0.7359375 0.46171875 0.04453125 0.1484375
2 0.36484375 0.67421875 0.046875 0.17890625
2 0.40078125 0.7921875 0.0515625 0.17109375
2 0.61796875 0.675 0.03671875 0.17734375
2 0.56796875 0.68203125 0.0421875 0.18203125
2 0.53203125 0.66875 0.04375 0.16171875
2 0.48515625 0.63515625 0.0359375 0.17421875
2 0.51640625 0.5546875 0.04140625 0.103125
2 0.5625 0.50703125 0.0484375 0.134375
2 0.50390625 0.48515625 0.0359375 0.125
2 0.47578125 0.428125 0.03203125 0.15
2 0.384375 0.37109375 0.03046875 0.13125
1 0.2234375 0.53984375 0.0453125 0.1546875