1 0.17578125 0.3640625 0.040625 0.1171875
2 0.209375 0.40625 0.0421875 0.1234375
0 0.21015625 0.3296875 0.009375 0.0203125
2 0.14296875 0.48203125 0.0390625 0.140625
2 0.36953125 0.39453125 0.02890625 0.13125
2 0.4140625 0.32734375 0.02578125 0.1140625
2 0.41953125 0.26015625 0.01796875 0.05703125
2 0.73515625 0.3515625 0.03125 0.1140625
2 0.82109375 0.375 0.03359375 0.1234375
2 0.93046875 0.57734375 0.0421875 0.17890625
2 0.7796875 0.64296875 0.034375 0.18046875
2 0.61640625 0.68125 0.05703125 0.19296875
3 0.040625 0.43671875 0.03671875 0.1359375