2 0.478125 0.54609375 0.08515625 0.265625
0 0.51171875 0.45078125 0.01796875 0.04296875
2 0.284375 0.56328125 0.078125 0.259375
2 0.2171875 0.4203125 0.04453125 0.16171875
2 0.29765625 0.365625 0.0390625 0.1515625
2 0.37265625 0.33828125 0.0265625 0.1296875
2 0.43125 0.3140625 0.021875 0.1
2 0.70625 0.40546875 0.06015625 0.18359375
2 0.66171875 0.303125 0.0203125 0.10625
2 0.47734375 0.2984375 0.0203125 0.09375
3 0.7671875 0.59375 0.06953125 0.29921875
3 0.21015625 0.3140625 0.0203125 0.09140625
1 0.1109375 0.3421875 0.034375 0.115625