3 0.73984375 0.40390625 0.03671875 0.175
3 0.446875 0.29453125 0.01796875 0.09140625
2 0.0765625 0.446875 0.04296875 0.1546875
2 0.265625 0.41328125 0.03515625 0.1390625
2 0.359375 0.4453125 0.0296875 0.1453125
2 0.3875 0.41171875 0.034375 0.13671875
2 0.4640625 0.35703125 0.03671875 0.11875
2 0.5375 0.3359375 0.0171875 0.109375
2 0.61796875 0.36484375 0.02734375 0.13203125
2 0.7515625 0.2984375 0.028125 0.090625
2 0.6109375 0.29453125 0.0234375 0.04765625
2 0.528125 0.31875 0.01484375 0.11015625
2 0.5171875 0.28046875 0.0140625 0.0796875
1 0.33515625 0.34453125 0.0328125 0.10078125