2 0.362 0.653125 0.0635 0.15625
2 0.501 0.415625 0.035 0.10625
2 0.775 0.55 0.0375 0.10625
2 0.649 0.5265625 0.042 0.11484375
1 0.262 0.496875 0.047 0.1328125
2 0.491 0.5796875 0.066 0.1109375
2 0.536 0.7515625 0.045 0.1734375
3 0.088 0.58125 0.036 0.128125
2 0.408 0.3546875 0.0165 0.09765625
2 0.588 0.421875 0.025 0.09375
2 0.557 0.465625 0.0175 0.115625
3 0.843 0.4609375 0.03 0.10390625
2 0.404 0.625 0.066 0.1296875
2 0.369 0.64375 0.044 0.13203125
2 0.464 0.6390625 0.042 0.13125
0 0.652 0.5546875 0.0155 0.028125