2 0.785 0.5640625 0.05 0.1328125
2 0.341 0.6671875 0.049 0.1625
2 0.437 0.7109375 0.0425 0.175
2 0.6 0.56875 0.052 0.14921875
1 0.305 0.4953125 0.038 0.121875
3 0.317 0.41875 0.029 0.121875
2 0.435 0.34375 0.0225 0.103125
2 0.555 0.640625 0.05 0.15625
2 0.6 0.48125 0.042 0.13125
2 0.591 0.45 0.023 0.128125
2 0.616 0.434375 0.0355 0.12421875
2 0.547 0.4265625 0.028 0.10390625
3 0.722 0.8109375 0.042 0.17890625
2 0.577 0.671875 0.051 0.1609375
0 0.706 0.425 0.018 0.028125
2 0.568 0.465625 0.031 0.1390625