2 0.398 0.8046875 0.042 0.184375
2 0.176 0.671875 0.059 0.171875
2 0.34 0.59375 0.032 0.15
2 0.215 0.4640625 0.041 0.1359375
2 0.576 0.634375 0.03 0.1578125
2 0.6 0.3640625 0.032 0.115625
2 0.659 0.3203125 0.022 0.0984375
2 0.508 0.440625 0.03 0.1203125
2 0.858 0.6421875 0.038 0.159375
3 0.218 0.8328125 0.028 0.159375
3 0.727 0.378125 0.024 0.1
2 0.546 0.48125 0.023 0.1375
2 0.534 0.45625 0.025 0.115625
1 0.848 0.475 0.064 0.1328125
0 0.385 0.7359375 0.016 0.0265625
3 0.218 0.98203125 0.028 0.0359375