2 0.657 0.625 0.05 0.1796875
2 0.166 0.66875 0.0365 0.178125
2 0.267 0.6078125 0.032 0.15390625
3 0.925 0.70625 0.048 0.18828125
2 0.632 0.415625 0.042 0.11328125
2 0.76 0.5140625 0.0245 0.13359375
2 0.581 0.4625 0.032 0.1328125
2 0.355 0.5484375 0.028 0.16484375
2 0.363 0.5625 0.042 0.1546875
2 0.527 0.4796875 0.032 0.16015625
1 0.176 0.475 0.0395 0.128125
3 0.213 0.440625 0.032 0.12421875
2 0.392 0.534375 0.042 0.14921875
0 0.674 0.378125 0.0125 0.021875
2 0.752 0.4640625 0.041 0.1296875
2 0.515 0.4453125 0.034 0.10390625