2 0.405 0.8296875 0.055 0.2046875
2 0.467 0.509375 0.0455 0.14921875
2 0.22 0.5484375 0.039 0.159375
3 0.292 0.721875 0.053 0.1515625
2 0.431 0.4296875 0.027 0.1265625
2 0.629 0.6234375 0.046 0.1625
1 0.839 0.4671875 0.035 0.140625
2 0.679 0.321875 0.026 0.115625
2 0.585 0.3890625 0.0295 0.11640625
3 0.742 0.3703125 0.029 0.103125
2 0.209 0.3984375 0.032 0.128125
2 0.821 0.6390625 0.042 0.15859375
2 0.632 0.5390625 0.032 0.12890625
1 0.9 0.925 0.042 0.021875
0 0.219 0.35625 0.009 0.0171875
2 0.4045 0.971875 0.055 0.05625
1 0.9 0.9515625 0.042 0.021875