2 0.33 0.69375 0.042 0.1515625
2 0.754 0.659375 0.04 0.14453125
1 0.739 0.4921875 0.034 0.13125
2 0.368 0.4515625 0.031 0.125
2 0.403 0.5125 0.032 0.12421875
2 0.218 0.4359375 0.031 0.109375
2 0.509 0.6078125 0.0345 0.1375
2 0.182 0.546875 0.029 0.1328125
2 0.978 0.7 0.042 0.14921875
2 0.497 0.4328125 0.015 0.109375
2 0.461 0.559375 0.025 0.1328125
3 0.82 0.575 0.028 0.1296875
2 0.586 0.3609375 0.0165 0.08984375
3 0.057 0.58125 0.028 0.1265625
0 0.245 0.640625 0.0065 0.015625
2 0.421 0.4703125 0.034 0.1140625