1 0.364 0.5734375 0.102 0.1171875
2 0.819 0.5171875 0.085 0.140625
2 0.451 0.7015625 0.055 0.209375
2 0.949 0.646875 0.081 0.18125
2 0.167 0.7734375 0.073 0.203125
2 0.269 0.7484375 0.094 0.1953125
3 0.453 0.4078125 0.035 0.1234375
2 0.605 0.6515625 0.059 0.171875
2 0.533 0.6609375 0.052 0.18125
2 0.822 0.4328125 0.072 0.13125
2 0.665 0.5828125 0.032 0.1796875
2 0.69 0.4859375 0.035 0.1609375
2 0.66 0.3828125 0.046 0.1140625
2 0.258 0.7578125 0.114 0.0828125
3 0.94 0.890625 0.064 0.0890625
3 0.94 0.9703125 0.064 0.059375