2 0.755 0.596875 0.043 0.1546875
2 0.169 0.5609375 0.044 0.159375
3 0.086 0.4546875 0.03 0.1296875
2 0.542 0.6078125 0.042 0.1546875
2 0.389 0.703125 0.036 0.1953125
2 0.404 0.4609375 0.034 0.1359375
2 0.462 0.5359375 0.039 0.1484375
2 0.251 0.4203125 0.032 0.125
3 0.875 0.51875 0.039 0.1421875
2 0.44 0.403125 0.03 0.1078125
2 0.443 0.425 0.036 0.0703125
1 0.783 0.4875 0.041 0.14375
0 0.153 0.515625 0.014 0.0234375
2 0.459 0.478125 0.029 0.134375
2 0.455 0.45 0.024 0.115625
2 0.469 0.4234375 0.031 0.1109375