2 0.623 0.6890625 0.066 0.17109375
2 0.486 0.4984375 0.043 0.125
2 0.055 0.49375 0.026 0.13203125
2 0.549 0.528125 0.0465 0.128125
2 0.507 0.6609375 0.0345 0.16484375
2 0.629 0.571875 0.028 0.14375
2 0.624 0.575 0.0365 0.13046875
2 0.699 0.603125 0.042 0.15546875
2 0.766 0.6453125 0.0405 0.14375
2 0.201 0.4671875 0.025 0.1171875
1 0.851 0.51875 0.0385 0.125
0 0.562 0.621875 0.014 0.0203125
3 0.744 0.4390625 0.028 0.10625
3 0.222 0.6640625 0.048 0.16015625
2 0.572 0.5 0.025 0.1171875
2 0.514 0.4328125 0.023 0.1
2 0.558 0.471875 0.0355 0.10078125