2 0.759 0.5375 0.0465 0.140625
1 0.235 0.4890625 0.0545 0.12265625
2 0.549 0.384375 0.0375 0.11796875
2 0.331 0.628125 0.0775 0.146875
2 0.509 0.56875 0.0575 0.12578125
3 0.601 0.740625 0.053 0.178125
2 0.642 0.38125 0.028 0.1140625
2 0.393 0.3015625 0.0255 0.11015625
3 0.292 0.371875 0.032 0.1171875
2 0.547 0.5671875 0.061 0.171875
0 0.571 0.4984375 0.016 0.02734375
2 0.476 0.59375 0.054 0.1546875
2 0.347 0.640625 0.048 0.12421875
2 0.5 0.4765625 0.054 0.103125
2 0.517 0.4734375 0.05 0.12890625
2 0.541 0.4546875 0.061 0.1015625