2 0.131 0.640625 0.053 0.1671875
2 0.781 0.5421875 0.05 0.146875
3 0.676 0.665625 0.05 0.184375
2 0.572 0.590625 0.046 0.1578125
1 0.355 0.496875 0.047 0.14375
2 0.472 0.6953125 0.059 0.1609375
2 0.523 0.5125 0.025 0.1484375
2 0.619 0.5015625 0.048 0.128125
2 0.928 0.4640625 0.03 0.1375
2 0.973 0.3484375 0.025 0.0390625
2 0.436 0.6421875 0.035 0.19375
3 0.394 0.4375 0.04 0.121875
2 0.446 0.575 0.027 0.1578125
2 0.592 0.540625 0.038 0.1515625
2 0.607 0.4015625 0.027 0.121875
2 0.628 0.4484375 0.024 0.1203125