0 0.572 0.5671875 0.01 0.015625
2 0.052 0.6796875 0.0755 0.16640625
2 0.596 0.725 0.062 0.1875
2 0.246 0.6 0.04 0.1453125
2 0.775 0.3578125 0.0455 0.11015625
3 0.805 0.7765625 0.0345 0.15625
2 0.479 0.45 0.044 0.11796875
2 0.505 0.55 0.0465 0.128125
2 0.532 0.6453125 0.044 0.17734375
2 0.537 0.3984375 0.039 0.1171875
3 0.29 0.31875 0.0285 0.096875
1 0.184 0.4203125 0.055 0.14375
2 0.575 0.390625 0.037 0.1046875
2 0.592 0.5765625 0.028 0.1515625
2 0.688 0.3203125 0.0315 0.10625
2 0.538 0.346875 0.037 0.1