2 0.583 0.75625 0.0695 0.171875
3 0.239 0.715625 0.056 0.1875
2 0.334 0.396875 0.0565 0.17421875
2 0.353 0.5546875 0.065 0.1671875
2 0.503 0.825 0.062 0.221875
1 0.895 0.4578125 0.0345 0.17109375
2 0.68 0.28125 0.032 0.13671875
2 0.558 0.371875 0.036 0.14375
2 0.493 0.43125 0.0375 0.159375
3 0.8 0.359375 0.0285 0.13125
2 0.528 0.403125 0.032 0.14375
0 0.313 0.3234375 0.013 0.0234375
2 0.534 0.5015625 0.058 0.16875
2 0.57 0.609375 0.0475 0.17578125
2 0.573 0.5828125 0.034 0.171875
2 0.582 0.3546875 0.038 0.134375
2 0.503 0.9703125 0.062 0.059375