2 0.686 0.3921875 0.059 0.14375
2 0.597 0.4890625 0.046 0.1390625
2 0.523 0.8265625 0.049 0.2125
2 0.27 0.6359375 0.033 0.1734375
2 0.677 0.5046875 0.05 0.1203125
1 0.208 0.453125 0.047 0.1390625
2 0.557 0.5359375 0.073 0.1359375
3 0.285 0.3546875 0.035 0.1171875
2 0.398 0.2765625 0.028 0.1265625
2 0.523 0.59375 0.06 0.159375
2 0.569 0.375 0.04 0.1296875
2 0.535 0.4359375 0.036 0.140625
3 0.933 0.759375 0.044 0.178125
2 0.487 0.5765625 0.054 0.1453125
2 0.541 0.3796875 0.032 0.1296875
0 0.681 0.4859375 0.017 0.0203125
2 0.5225 0.971875 0.049 0.05625