2 0.122 0.6328125 0.052 0.178125
2 0.266 0.559375 0.0355 0.18203125
2 0.7 0.5640625 0.036 0.1890625
2 0.545 0.371875 0.0335 0.1375
2 0.46 0.4375 0.04 0.14921875
2 0.752 0.4515625 0.033 0.15625
3 0.761 0.68125 0.041 0.209375
2 0.37 0.471875 0.052 0.16171875
3 0.058 0.40625 0.04 0.14453125
2 0.427 0.6703125 0.056 0.20859375
1 0.02 0.4640625 0.04 0.146875
2 0.232 0.6890625 0.035 0.1921875
0 0.69 0.503125 0.016 0.0265625
2 0.325 0.4984375 0.034 0.178125
2 0.348 0.4953125 0.0395 0.171875
2 0.364 0.4078125 0.025 0.128125