3 0.122 0.65625 0.045 0.175
2 0.337 0.5125 0.062 0.13125
2 0.251 0.54375 0.0345 0.153125
2 0.374 0.6890625 0.043 0.1796875
2 0.894 0.675 0.036 0.18671875
2 0.529 0.5890625 0.038 0.15859375
2 0.408 0.5171875 0.04 0.14140625
2 0.493 0.4203125 0.0495 0.10859375
1 0.73 0.5109375 0.0315 0.13515625
0 0.291 0.49375 0.013 0.021875
2 0.379 0.4953125 0.029 0.128125
3 0.671 0.46875 0.0345 0.13046875
2 0.692 0.65 0.033 0.171875
2 0.248 0.45 0.04 0.13203125
2 0.383 0.5703125 0.0345 0.14765625
2 0.395 0.4625 0.028 0.10625
2 0.519 0.5546875 0.032 0.1625