3 0.03 0.6203125 0.042 0.15
2 0.148 0.465625 0.0565 0.11171875
2 0.229 0.5484375 0.046 0.12109375
2 0.317 0.546875 0.0455 0.121875
1 0.581 0.5171875 0.036 0.121875
2 0.425 0.4140625 0.02 0.10390625
2 0.287 0.4984375 0.0385 0.12734375
2 0.281 0.4671875 0.044 0.10390625
2 0.379 0.628125 0.053 0.175
2 0.34 0.6109375 0.0755 0.125
2 0.359 0.5609375 0.04 0.140625
0 0.362 0.5546875 0.014 0.02265625
3 0.552 0.4796875 0.024 0.1109375
2 0.39 0.590625 0.038 0.128125
2 0.257 0.50625 0.041 0.1125
2 0.238 0.5421875 0.032 0.13125
2 0.857 0.63125 0.036 0.16796875