2 0.139 0.6078125 0.042 0.1765625
3 0.817 0.590625 0.0385 0.165625
2 0.714 0.5453125 0.028 0.1359375
2 0.961 0.440625 0.0575 0.13125
2 0.428 0.5140625 0.0435 0.14765625
2 0.294 0.56875 0.034 0.1765625
2 0.314 0.5421875 0.051 0.159375
2 0.755 0.4484375 0.03 0.140625
2 0.38 0.4296875 0.026 0.125
2 0.376 0.6890625 0.046 0.20390625
2 0.25 0.5859375 0.054 0.16875
0 0.483 0.4859375 0.0175 0.02265625
2 0.224 0.6890625 0.058 0.184375
1 0.082 0.49375 0.04 0.1625
2 0.441 0.471875 0.03 0.1453125
2 0.451 0.4125 0.03 0.115625