2 0.455 0.6140625 0.042 0.14375
2 0.821 0.5765625 0.0295 0.1375
2 0.224 0.63125 0.037 0.1515625
2 0.585 0.51875 0.042 0.134375
2 0.526 0.725 0.047 0.1828125
3 0.679 0.8578125 0.034 0.15390625
1 0.203 0.471875 0.04 0.13125
2 0.469 0.390625 0.03 0.1109375
2 0.358 0.61875 0.03 0.15625
2 0.394 0.6515625 0.0275 0.16015625
2 0.393 0.328125 0.026 0.10078125
2 0.545 0.4484375 0.023 0.11875
3 0.268 0.396875 0.025 0.1109375
2 0.662 0.378125 0.0315 0.09375
0 0.534 0.6390625 0.016 0.021875
3 0.679 0.9703125 0.034 0.059375