2 0.744 0.596875 0.054 0.159375
2 0.444 0.665625 0.054 0.2
2 0.628 0.5515625 0.029 0.1671875
2 0.653 0.571875 0.039 0.1765625
2 0.442 0.440625 0.033 0.121875
3 0.836 0.578125 0.061 0.1703125
2 0.537 0.6453125 0.025 0.1953125
3 0.13 0.5859375 0.047 0.1765625
2 0.804 0.753125 0.078 0.2328125
2 0.337 0.7625 0.039 0.20625
0 0.288 0.5359375 0.01 0.01875
1 0.33 0.4828125 0.047 0.1578125
2 0.555 0.5109375 0.039 0.1609375
2 0.856 0.4953125 0.025 0.15625
2 0.678 0.5140625 0.038 0.1703125
2 0.637 0.4796875 0.035 0.146875