2 0.435 0.446875 0.049 0.1
2 0.343 0.68125 0.043 0.18125
2 0.325 0.503125 0.042 0.1265625
2 0.225 0.534375 0.05 0.1484375
3 0.175 0.65625 0.0505 0.18046875
2 0.483 0.4859375 0.024 0.1453125
2 0.482 0.5125 0.034 0.1375
2 0.759 0.64375 0.038 0.1671875
1 0.781 0.496875 0.037 0.1390625
2 0.568 0.5890625 0.058 0.159375
2 0.61 0.39375 0.026 0.1109375
3 0.75 0.45 0.039 0.121875
0 0.27 0.49375 0.014 0.0203125
2 0.539 0.5421875 0.036 0.146875
2 0.555 0.565625 0.042 0.1578125
2 0.247 0.4453125 0.037 0.1140625