2 0.621 0.61875 0.076 0.1609375
2 0.83 0.678125 0.074 0.178125
2 0.713 0.6625 0.0575 0.15546875
2 0.585 0.8375 0.051 0.19375
2 0.729 0.48125 0.0345 0.15703125
2 0.229 0.8625 0.064 0.14375
3 0.958 0.8796875 0.0635 0.11484375
1 0.219 0.6125 0.086 0.11328125
2 0.519 0.5546875 0.094 0.075
2 0.542 0.5078125 0.064 0.103125
3 0.339 0.453125 0.0425 0.15546875
2 0.545 0.646875 0.033 0.2078125
2 0.848 0.453125 0.075 0.1421875
0 0.116 0.578125 0.017 0.0265625
2 0.583 0.4890625 0.0575 0.14609375
2 0.5845 0.97109375 0.051 0.0578125
2 0.229 0.97109375 0.064 0.0578125
3 0.9575 0.96953125 0.063 0.0609375