2 0.62 0.5796875 0.04 0.171875
2 0.26 0.5296875 0.0395 0.16640625
2 0.455 0.4 0.0295 0.11953125
3 0.088 0.453125 0.0395 0.13828125
2 0.699 0.5828125 0.044 0.1625
2 0.401 0.521875 0.061 0.1375
2 0.507 0.7 0.046 0.1890625
2 0.486 0.5375 0.043 0.1609375
1 0.707 0.465625 0.046 0.14375
2 0.326 0.45 0.04 0.12578125
0 0.274 0.5078125 0.017 0.0265625
3 0.893 0.51875 0.046 0.1671875
2 0.436 0.528125 0.0845 0.14921875
2 0.35 0.45 0.0395 0.13203125
2 0.394 0.46875 0.0635 0.11796875
2 0.558 0.3515625 0.032 0.12265625