2 0.525 0.7125 0.0455 0.171875
3 0.881 0.6703125 0.0415 0.178125
2 0.786 0.55625 0.024 0.13203125
2 0.536 0.5546875 0.049 0.14375
2 0.468 0.5984375 0.026 0.16875
1 0.304 0.5015625 0.03 0.1328125
3 0.336 0.4515625 0.026 0.121875
2 0.574 0.4984375 0.036 0.1296875
2 0.583 0.5171875 0.025 0.1390625
2 0.463 0.40625 0.027 0.1078125
2 0.306 0.6296875 0.026 0.159375
2 0.743 0.4421875 0.0335 0.115625
2 0.013 0.6484375 0.026 0.171875
0 0.798 0.4640625 0.01 0.01875
2 0.493 0.5765625 0.037 0.153125
2 0.6 0.49375 0.0165 0.12578125
2 0.569 0.4484375 0.029 0.1171875