2 0.782 0.5875 0.055 0.175
3 0.887 0.703125 0.0465 0.196875
2 0.154 0.60625 0.0435 0.178125
2 0.491 0.471875 0.03 0.1453125
2 0.495 0.496875 0.038 0.1375
2 0.372 0.590625 0.042 0.15703125
2 0.569 0.68125 0.0345 0.178125
2 0.407 0.39375 0.048 0.10546875
2 0.455 0.4234375 0.032 0.128125
3 0.213 0.4359375 0.032 0.128125
2 0.739 0.4359375 0.042 0.1359375
2 0.53 0.4734375 0.0555 0.146875
2 0.385 0.56875 0.0215 0.16796875
2 0.4 0.5328125 0.042 0.16015625
1 0.168 0.4859375 0.034 0.1578125
0 0.726 0.384375 0.0125 0.01953125