2 0.328 0.75 0.046 0.18671875
2 0.33 0.565625 0.036 0.15546875
2 0.887 0.7078125 0.0385 0.16875
2 0.307 0.4046875 0.0295 0.13984375
2 0.419 0.44375 0.036 0.1453125
2 0.628 0.5765625 0.035 0.1640625
2 0.123 0.5234375 0.03 0.16015625
2 0.05 0.4078125 0.0395 0.13984375
2 0.756 0.603125 0.034 0.171875
2 0.354 0.33125 0.032 0.11953125
3 0.664 0.4234375 0.0315 0.11875
2 0.554 0.55625 0.036 0.16875
3 0.528 0.6265625 0.04 0.14375
2 0.414 0.3578125 0.028 0.128125
1 0.768 0.4375 0.032 0.14375
0 0.319 0.5546875 0.014 0.02265625