2 0.523 0.7390625 0.062 0.1859375
2 0.692 0.540625 0.053 0.1515625
1 0.208 0.4578125 0.042 0.128125
2 0.299 0.609375 0.04 0.14375
2 0.601 0.4828125 0.053 0.128125
3 0.765 0.5828125 0.042 0.1453125
2 0.713 0.390625 0.042 0.121875
2 0.535 0.471875 0.046 0.1109375
2 0.016 0.6921875 0.032 0.1953125
2 0.571 0.44375 0.035 0.115625
2 0.788 0.375 0.034 0.125
2 0.481 0.553125 0.028 0.14375
2 0.504 0.5046875 0.041 0.1171875
2 0.589 0.3828125 0.029 0.0828125
3 0.346 0.315625 0.026 0.103125
0 0.675 0.484375 0.017 0.0359375