2 0.658 0.65625 0.0555 0.175
2 0.738 0.6515625 0.06 0.18515625
2 0.85 0.4578125 0.041 0.134375
2 0.419 0.534375 0.0385 0.14453125
3 0.679 0.459375 0.026 0.128125
2 0.594 0.5484375 0.032 0.146875
2 0.536 0.5484375 0.038 0.07109375
2 0.509 0.45 0.032 0.11875
3 0.305 0.525 0.056 0.15
1 0.402 0.503125 0.07 0.13671875
0 0.373 0.503125 0.0135 0.01953125
2 0.533 0.465625 0.042 0.13125
2 0.536 0.478125 0.038 0.15
2 0.615 0.496875 0.032 0.1453125
2 0.632 0.40625 0.032 0.1203125
2 0.854 0.4265625 0.022 0.1265625