3 0.193 0.6359375 0.0495 0.18359375
2 0.742 0.575 0.031 0.146875
2 0.416 0.6015625 0.0715 0.14765625
2 0.143 0.4625 0.0375 0.14375
2 0.506 0.4078125 0.02 0.121875
2 0.372 0.434375 0.0435 0.13203125
2 0.221 0.4359375 0.038 0.115625
2 0.472 0.5546875 0.054 0.1609375
2 0.487 0.55 0.042 0.15625
2 0.542 0.5578125 0.0245 0.1625
1 0.75 0.475 0.042 0.134375
2 0.607 0.3625 0.03 0.11796875
2 0.413 0.4875 0.0455 0.146875
3 0.724 0.4328125 0.032 0.1234375
0 0.389 0.5328125 0.018 0.02265625
2 0.955 0.6171875 0.053 0.184375