2 0.735 0.5875 0.0425 0.15
2 0.785 0.6171875 0.0385 0.17734375
2 0.38 0.459375 0.035 0.128125
3 0.188 0.61875 0.0635 0.16875
2 0.449 0.621875 0.048 0.16796875
2 0.164 0.4 0.042 0.121875
2 0.491 0.525 0.06 0.14296875
0 0.323 0.4984375 0.0175 0.01640625
2 0.548 0.365625 0.0275 0.10703125
2 0.549 0.5734375 0.032 0.15625
3 0.676 0.4328125 0.032 0.1203125
2 0.439 0.40625 0.034 0.096875
2 0.274 0.5578125 0.039 0.1609375
2 0.45 0.49375 0.042 0.1375
2 0.474 0.503125 0.032 0.14375
1 0.717 0.465625 0.031 0.1265625