2 0.673 0.5546875 0.051 0.1328125
2 0.369 0.65 0.049 0.18125
3 0.085 0.4375 0.042 0.128125
2 0.295 0.51875 0.053 0.1546875
2 0.499 0.5609375 0.036 0.140625
2 0.303 0.4515625 0.067 0.1171875
2 0.21 0.4046875 0.026 0.1234375
1 0.716 0.45 0.041 0.1328125
2 0.551 0.3578125 0.021 0.1
2 0.431 0.390625 0.043 0.0890625
2 0.444 0.503125 0.022 0.1734375
3 0.798 0.4875 0.04 0.13125
0 0.283 0.4828125 0.016 0.0203125
2 0.986 0.5828125 0.026 0.1796875
2 0.432 0.4828125 0.033 0.1296875
2 0.47 0.48125 0.04 0.140625