2 0.623 0.6890625 0.066 0.1703125
2 0.486 0.4984375 0.043 0.125
2 0.055 0.49375 0.026 0.1328125
2 0.549 0.528125 0.047 0.128125
2 0.507 0.6609375 0.035 0.1640625
2 0.629 0.571875 0.028 0.14375
2 0.624 0.575 0.037 0.1296875
2 0.699 0.603125 0.042 0.1546875
2 0.766 0.6453125 0.041 0.14375
2 0.201 0.4671875 0.025 0.1171875
1 0.851 0.51875 0.039 0.125
0 0.562 0.621875 0.014 0.0203125
3 0.744 0.4390625 0.028 0.10625
3 0.222 0.6640625 0.048 0.1609375
2 0.572 0.5 0.025 0.1171875
2 0.514 0.4328125 0.023 0.1
2 0.558 0.471875 0.035 0.1015625