2 0.236 0.6625 0.046 0.178125
2 0.528 0.675 0.046 0.19375
2 0.4 0.3125 0.026 0.1125
2 0.503 0.378125 0.031 0.1328125
3 0.782 0.85 0.06 0.171875
2 0.564 0.83125 0.059 0.20625
2 0.571 0.425 0.037 0.1375
1 0.229 0.4828125 0.035 0.140625
2 0.653 0.3828125 0.039 0.1171875
3 0.303 0.3765625 0.021 0.128125
2 0.588 0.5140625 0.08 0.134375
2 0.587 0.515625 0.073 0.14375
2 0.648 0.4953125 0.047 0.1265625
2 0.656 0.5078125 0.071 0.125
0 0.687 0.4578125 0.017 0.0265625
3 0.782 0.9703125 0.06 0.059375
2 0.5635 0.97109375 0.059 0.0578125