2 0.592 0.8359375 0.06 0.196875
2 0.771 0.5140625 0.0495 0.146875
2 0.521 0.6203125 0.0575 0.153125
2 0.412 0.2890625 0.0235 0.12109375
2 0.28 0.6328125 0.0355 0.16015625
2 0.699 0.3640625 0.044 0.12265625
2 0.478 0.5765625 0.0475 0.165625
2 0.523 0.4109375 0.035 0.1328125
2 0.633 0.5140625 0.038 0.1375
1 0.232 0.4515625 0.042 0.13125
2 0.541 0.378125 0.033 0.1265625
3 0.889 0.8328125 0.0255 0.171875
3 0.307 0.365625 0.028 0.10703125
2 0.494 0.5375 0.023 0.1046875
3 0.761 0.509375 0.0135 0.01796875
2 0.592 0.97109375 0.06 0.0578125
3 0.8885 0.97890625 0.025 0.0421875