2 0.317 0.4171875 0.0665 0.13359375
2 0.485 0.66875 0.0505 0.14921875
2 0.951 0.7078125 0.0825 0.165625
1 0.639 0.496875 0.066 0.1375
2 0.29 0.59375 0.05 0.1375
2 0.407 0.6078125 0.0575 0.115625
3 0.163 0.79375 0.0505 0.19453125
2 0.61 0.6671875 0.0395 0.17890625
2 0.103 0.4234375 0.036 0.13359375
3 0.569 0.39375 0.032 0.11796875
2 0.462 0.328125 0.022 0.0796875
2 0.294 0.4859375 0.049 0.14375
2 0.327 0.6078125 0.052 0.1734375
2 0.484 0.5703125 0.042 0.16640625
2 0.492 0.578125 0.0475 0.15
0 0.483 0.49375 0.0135 0.02421875