2 0.515 0.74375 0.051 0.1796875
1 0.24 0.453125 0.041 0.1296875
2 0.192 0.6390625 0.043 0.1484375
2 0.648 0.4203125 0.028 0.125
2 0.579 0.4921875 0.032 0.1375
2 0.465 0.6296875 0.039 0.1796875
2 0.381 0.603125 0.036 0.1484375
2 0.862 0.4359375 0.032 0.1359375
2 0.773 0.5515625 0.034 0.159375
2 0.563 0.38125 0.025 0.1171875
2 0.05 0.675 0.044 0.1828125
2 0.444 0.565625 0.038 0.15625
3 0.679 0.734375 0.034 0.153125
3 0.367 0.334375 0.025 0.1
2 0.533 0.315625 0.024 0.1125
0 0.523 0.66875 0.017 0.025