2 0.599 0.7953125 0.036 0.15
2 0.564 0.609375 0.044 0.128125
2 0.503 0.303125 0.035 0.0890625
2 0.57 0.43125 0.04 0.09375
2 0.389 0.2359375 0.015 0.078125
2 0.601 0.5015625 0.032 0.1046875
2 0.425 0.6296875 0.031 0.1171875
2 0.675 0.5078125 0.036 0.0890625
2 0.157 0.78125 0.034 0.146875
3 0.835 0.6796875 0.044 0.1328125
3 0.35 0.3203125 0.025 0.08125
2 0.625 0.271875 0.021 0.0890625
1 0.343 0.4421875 0.035 0.1
0 0.662 0.4921875 0.01 0.01875
2 0.565 0.3953125 0.039 0.0921875
2 0.573 0.353125 0.033 0.071875