2 0.587 0.64375 0.0345 0.178125
2 0.83 0.8484375 0.0715 0.171875
2 0.576 0.3703125 0.0275 0.125
2 0.836 0.496875 0.0315 0.15078125
2 0.18 0.61875 0.042 0.1703125
2 0.488 0.496875 0.032 0.1546875
2 0.521 0.4390625 0.0345 0.13984375
1 0.222 0.4109375 0.032 0.153125
2 0.682 0.3203125 0.038 0.12265625
2 0.487 0.3296875 0.024 0.12734375
3 0.947 0.41875 0.0305 0.11796875
2 0.469 0.290625 0.021 0.1046875
3 0.011 0.5578125 0.022 0.14375
2 0.496 0.440625 0.026 0.10546875
0 0.817 0.378125 0.0135 0.021875
2 0.8295 0.97109375 0.071 0.0578125