2 0.541 0.640625 0.054 0.1390625
2 0.332 0.70625 0.038 0.159375
2 0.019 0.49609375 0.038 0.1296875
2 0.7 0.6625 0.032 0.1515625
2 0.442 0.634375 0.044 0.1484375
2 0.198 0.5328125 0.0275 0.12109375
2 0.384 0.5359375 0.033 0.1234375
2 0.541 0.4453125 0.024 0.10390625
2 0.429 0.459375 0.032 0.109375
1 0.769 0.5125 0.021 0.1328125
2 0.619 0.3828125 0.02 0.1
3 0.712 0.44375 0.025 0.1109375
2 0.386 0.4265625 0.035 0.1046875
3 0.26 0.7703125 0.039 0.159375
0 0.391 0.4046875 0.011 0.01875
2 0.575 0.603125 0.048 0.1328125