2 0.258 0.60625 0.022 0.065625
2 0.57 0.4484375 0.012 0.05390625
2 0.331 0.44375 0.015 0.0515625
3 0.209 0.55625 0.0215 0.053125
2 0.595 0.3984375 0.0135 0.05
2 0.305 0.5296875 0.021 0.0390625
2 0.313 0.56875 0.017 0.071875
2 0.587 0.5359375 0.014 0.0609375
2 0.609 0.453125 0.0135 0.05703125
2 0.546 0.390625 0.012 0.05
1 0.093 0.5328125 0.032 0.0578125
2 0.531 0.3984375 0.011 0.053125
2 0.272 0.4015625 0.0115 0.05
2 0.285 0.403125 0.012 0.05625
3 0.522 0.3890625 0.01 0.046875
2 0.575 0.5421875 0.014 0.06875