2 0.358 0.771875 0.061 0.190625
2 0.47 0.5859375 0.058 0.15
2 0.218 0.665625 0.0475 0.15
2 0.462 0.3171875 0.023 0.10625
2 0.742 0.6453125 0.032 0.153125
3 0.767 0.796875 0.0255 0.16953125
1 0.273 0.4921875 0.0735 0.121875
2 0.547 0.3875 0.025 0.121875
2 0.631 0.4515625 0.0335 0.12109375
3 0.351 0.3890625 0.03 0.11015625
2 0.562 0.5390625 0.0315 0.140625
2 0.378 0.6359375 0.045 0.1390625
2 0.796 0.378125 0.02 0.11875
0 0.537 0.60625 0.0215 0.03046875
2 0.403 0.621875 0.032 0.165625
2 0.583 0.475 0.0345 0.13828125