2 0.769 0.5328125 0.052 0.14375
2 0.583 0.7125 0.05 0.1875
2 0.609 0.4375 0.042 0.109375
3 0.843 0.6625 0.069 0.1890625
2 0.246 0.6 0.035 0.1828125
2 0.447 0.578125 0.048 0.178125
2 0.551 0.4703125 0.04 0.14375
2 0.564 0.4859375 0.035 0.1484375
2 0.423 0.3703125 0.028 0.11875
3 0.281 0.4234375 0.038 0.1328125
2 0.521 0.5421875 0.041 0.1578125
0 0.733 0.4375 0.014 0.0203125
1 0.242 0.4703125 0.033 0.15625
2 0.481 0.5546875 0.064 0.1703125
2 0.538 0.4421875 0.026 0.109375
2 0.534 0.4109375 0.034 0.1171875