2 0.704 0.603125 0.035 0.15625
2 0.531 0.628125 0.062 0.1734375
3 0.213 0.6171875 0.05 0.175
2 0.27 0.5609375 0.056 0.15
2 0.393 0.4984375 0.0575 0.13984375
2 0.564 0.371875 0.027 0.109375
1 0.726 0.4765625 0.0355 0.1375
2 0.476 0.5640625 0.063 0.16875
3 0.7 0.4265625 0.043 0.1171875
2 0.249 0.4234375 0.044 0.12734375
0 0.251 0.484375 0.0135 0.025
2 0.358 0.4765625 0.038 0.1359375
2 0.425 0.4625 0.0375 0.128125
2 0.468 0.546875 0.0445 0.13046875
2 0.514 0.5609375 0.043 0.1640625
2 0.413 0.421875 0.036 0.10546875