2 0.749 0.540625 0.061 0.125
2 0.31 0.603125 0.056 0.1703125
3 0.834 0.6890625 0.064 0.1796875
2 0.519 0.5296875 0.046 0.1375
2 0.668 0.7 0.07 0.1640625
3 0.251 0.4328125 0.053 0.121875
2 0.412 0.5546875 0.032 0.15625
1 0.219 0.475 0.043 0.1390625
2 0.384 0.3765625 0.026 0.0953125
2 0.522 0.40625 0.03 0.1203125
2 0.736 0.4171875 0.039 0.1109375
0 0.738 0.49375 0.014 0.0265625
2 0.444 0.565625 0.045 0.1671875
2 0.547 0.4796875 0.033 0.14375
2 0.522 0.4609375 0.02 0.140625
2 0.536 0.4546875 0.016 0.125