2 0.343 0.6203125 0.048 0.1828125
2 0.153 0.628125 0.042 0.184375
3 0.736 0.7453125 0.05 0.2046875
2 0.523 0.5328125 0.055 0.14375
2 0.38 0.39375 0.031 0.1109375
2 0.401 0.584375 0.034 0.1703125
2 0.466 0.6984375 0.053 0.1796875
3 0.247 0.4578125 0.036 0.128125
0 0.483 0.665625 0.019 0.021875
2 0.704 0.428125 0.023 0.1203125
1 0.184 0.503125 0.052 0.1484375
2 0.442 0.5734375 0.049 0.178125
2 0.759 0.5984375 0.053 0.1828125
2 0.568 0.48125 0.04 0.14375
2 0.512 0.48125 0.03 0.121875
2 0.514 0.4328125 0.032 0.11875