2 0.326 0.6953125 0.0355 0.17734375
2 0.821 0.54375 0.044 0.15
2 0.718 0.7234375 0.043 0.1890625
3 0.842 0.8359375 0.066 0.19375
1 0.371 0.5046875 0.0415 0.140625
2 0.054 0.7171875 0.044 0.17890625
2 0.507 0.328125 0.024 0.109375
2 0.601 0.6109375 0.061 0.1546875
2 0.516 0.6109375 0.041 0.15625
3 0.393 0.403125 0.024 0.11171875
2 0.649 0.5046875 0.041 0.1421875
2 0.54 0.6140625 0.036 0.121875
2 0.622 0.4125 0.026 0.10703125
2 0.592 0.546875 0.0355 0.146875
2 0.621 0.5015625 0.0345 0.115625
0 0.703 0.6453125 0.0135 0.025
3 0.842 0.971875 0.066 0.05625