1 0.113 0.625 0.026 0.0703125
2 0.48 0.621875 0.014 0.078125
2 0.484 0.56875 0.012 0.05625
2 0.528 0.578125 0.017 0.065625
2 0.699 0.6078125 0.032 0.0640625
2 0.505 0.5421875 0.011 0.059375
2 0.712 0.6015625 0.017 0.071875
2 0.748 0.621875 0.017 0.0609375
2 0.78 0.58125 0.013 0.0515625
2 0.761 0.6453125 0.026 0.0625
2 0.447 0.6125 0.012 0.0671875
2 0.461 0.6453125 0.014 0.071875
3 0.989 0.6609375 0.017 0.065625
2 0.868 0.6171875 0.025 0.06875
1 0.886 0.6234375 0.024 0.065625
3 0.437 0.5390625 0.009 0.0515625