2 0.776 0.6046875 0.036 0.1328125
2 0.543 0.828125 0.043 0.1859375
2 0.017 0.753125 0.034 0.171875
2 0.432 0.3796875 0.032 0.1
2 0.281 0.6703125 0.032 0.153125
2 0.461 0.6671875 0.038 0.15625
1 0.234 0.5140625 0.0355 0.12734375
2 0.611 0.521875 0.036 0.11875
2 0.744 0.4703125 0.025 0.1109375
2 0.493 0.4265625 0.026 0.109375
3 0.066 0.6046875 0.022 0.14375
2 0.572 0.465625 0.0285 0.125
3 0.866 0.48125 0.034 0.1109375
0 0.753 0.478125 0.01 0.01875
2 0.594 0.584375 0.031 0.134375
2 0.595 0.4609375 0.054 0.11484375
2 0.5425 0.97734375 0.043 0.0453125