1 0.6485234375 0.3193472222222222 0.0702265625 0.2053472222222222
3 0.5077109375 0.27040277777777777 0.06334375 0.16995833333333335
3 0.225109375 0.523361111111111 0.0983984375 0.1990277777777778
2 0.2100078125 0.40670833333333334 0.06819531250000001 0.1787083333333333
2 0.2887109375 0.41851388888888885 0.0680546875 0.21619444444444444
2 0.3445078125 0.3110138888888889 0.027296874999999998 0.1238888888888889
2 0.3718515625 0.32479166666666665 0.0507265625 0.13522222222222222
2 0.4067421875 0.3998888888888889 0.0528046875 0.17200000000000001
2 0.4055703125 0.3660972222222222 0.032234374999999996 0.11368055555555555
2 0.42132812499999994 0.3650555555555555 0.0351015625 0.14169444444444443
2 0.361953125 0.4351805555555555 0.06218749999999999 0.20322222222222222
2 0.55165625 0.4309027777777778 0.0379453125 0.17845833333333336
2 0.7897890624999999 0.4813472222222222 0.048078125 0.19602777777777775
2 0.9289765624999999 0.4935 0.047796875 0.17172222222222222
2 0.58146875 0.75675 0.0793515625 0.283875