2 0.732421875 0.34305555555555556 0.109375 0.23333333333333334
2 0.858984375 0.2965277777777778 0.103125 0.2388888888888889
2 0.658984375 0.7319444444444444 0.1328125 0.3263888888888889
2 0.53125 0.44027777777777777 0.08046875 0.24305555555555555
2 0.473046875 0.41875 0.07421875 0.2111111111111111
2 0.3484375 0.4326388888888889 0.07109375 0.19444444444444445
2 0.327734375 0.38125 0.07109375 0.18888888888888888
2 0.283203125 0.41458333333333336 0.053125 0.1638888888888889
2 0.284375 0.39791666666666664 0.065625 0.18055555555555555
2 0.24140625 0.46944444444444444 0.07890625 0.1986111111111111
2 0.175 0.6479166666666667 0.09140625 0.2
3 0.159375 0.5395833333333333 0.06796875 0.16111111111111112
3 0.753125 0.21180555555555555 0.0765625 0.18055555555555555
1 0.57109375 0.25416666666666665 0.08203125 0.18472222222222223