3 0.866796875 0.7756944444444445 0.1375 0.32222222222222224
2 0.646484375 0.6611111111111111 0.121875 0.31805555555555554
2 0.77265625 0.5895833333333333 0.09296875 0.24305555555555555
2 0.5890625 0.5090277777777777 0.07265625 0.20694444444444443
2 0.6671875 0.4326388888888889 0.05078125 0.1527777777777778
2 0.634765625 0.40902777777777777 0.05078125 0.14583333333333334
2 0.3296875 0.6472222222222223 0.14921875 0.3680555555555556
2 0.2546875 0.30416666666666664 0.0703125 0.21388888888888888
2 0.288671875 0.2326388888888889 0.05390625 0.15138888888888888
2 0.210546875 0.22083333333333333 0.06484375 0.17222222222222222
2 0.04375 0.2076388888888889 0.0625 0.21388888888888888