1 0.3969140625 0.29388888888888887 0.06309375 0.16370833333333334
3 0.5198203125 0.22122222222222224 0.038078125000000004 0.13873611111111112
3 0.51415625 0.6300416666666666 0.0671171875 0.2411111111111111
2 0.4728203125 0.5002083333333333 0.0560546875 0.22680555555555557
2 0.47145312500000003 0.44490277777777776 0.0494140625 0.18563888888888888
2 0.4168359375 0.4116944444444445 0.0378359375 0.17245833333333332
2 0.29665625 0.42186111111111113 0.0865390625 0.2483611111111111
2 0.52034375 0.5002083333333333 0.044328125 0.18977777777777777
2 0.5425390625000001 0.437375 0.05096874999999999 0.16365277777777779
2 0.575609375 0.39352777777777775 0.038984375 0.17547222222222222
2 0.6230078125 0.3568472222222222 0.040023437499999995 0.14145833333333332
2 0.65028125 0.3349722222222222 0.049 0.1740972222222222
2 0.666296875 0.28718055555555555 0.04196875 0.1456527777777778
2 0.6192968750000001 0.22804166666666667 0.039109375 0.13619444444444445
2 0.8698671875 0.35556944444444444 0.070203125 0.1828888888888889