1 0.30859375 0.5423611111111111 0.06484375 0.16805555555555557
3 0.38671875 0.4409722222222222 0.04765625 0.1625
3 0.718359375 0.7006944444444444 0.1203125 0.25972222222222224
2 0.515625 0.43472222222222223 0.04140625 0.11388888888888889
2 0.459765625 0.4201388888888889 0.053125 0.125
2 0.548046875 0.5333333333333333 0.06171875 0.1875
2 0.528125 0.4673611111111111 0.03984375 0.11527777777777778
2 0.512890625 0.5395833333333333 0.06484375 0.17916666666666667
2 0.401171875 0.6034722222222222 0.04921875 0.17916666666666667
2 0.272265625 0.6770833333333334 0.0578125 0.18611111111111112
2 0.3609375 0.7402777777777778 0.0640625 0.21944444444444444
2 0.678515625 0.42986111111111114 0.05703125 0.11944444444444445