1 0.6515625 0.39166666666666666 0.04921875 0.15
3 0.837890625 0.35555555555555557 0.05703125 0.16805555555555557
3 0.125 0.6368055555555555 0.07265625 0.18194444444444444
2 0.30234375 0.5354166666666667 0.06328125 0.15555555555555556
2 0.30625 0.6395833333333333 0.07109375 0.23194444444444445
2 0.371875 0.45555555555555555 0.0484375 0.14583333333333334
2 0.4125 0.39444444444444443 0.0453125 0.11805555555555555
2 0.436328125 0.5083333333333333 0.06171875 0.18472222222222223
2 0.47109375 0.5229166666666667 0.0546875 0.17777777777777778
2 0.55078125 0.4826388888888889 0.059375 0.16111111111111112
2 0.751171875 0.5013888888888889 0.0625 0.17777777777777778
2 0.7328125 0.4486111111111111 0.0578125 0.15138888888888888
2 0.7171875 0.4909722222222222 0.0578125 0.1763888888888889