2 0.560828125 0.7127916666666667 0.1004453125 0.3918611111111111
2 0.8267265625 0.5704305555555556 0.095421875 0.27579166666666666
2 0.9732109375 0.38740277777777776 0.053570312499999995 0.203375
2 0.7039609375 0.36508333333333337 0.068640625 0.18254166666666669
2 0.8342656249999999 0.32241666666666663 0.0546875 0.14880555555555555
2 0.8646796875 0.3189444444444444 0.04296875 0.16170833333333334
2 0.591515625 0.3745 0.0625 0.18948611111111113
2 0.5161796875 0.3794583333333333 0.0636171875 0.19940277777777776
2 0.5513359375 0.36656944444444445 0.0513359375 0.19345833333333332
2 0.439453125 0.5639861111111111 0.0909609375 0.2470277777777778
2 0.20367968749999998 0.4345277777777778 0.083703125 0.21031944444444445
2 0.0560859375 0.42906944444444445 0.0853828125 0.21925000000000003
1 0.3551875 0.31695833333333334 0.07421875 0.1736111111111111
3 0.453125 0.27529166666666666 0.046875 0.1379027777777778