2 0.5911458333333334 0.8199074074074074 0.11145833333333334 0.2833333333333333
2 0.2734375 0.37175925925925923 0.08489583333333334 0.23148148148148148
2 0.34739583333333335 0.3 0.07604166666666666 0.18796296296296297
2 0.24713541666666666 0.18425925925925926 0.07135416666666666 0.17407407407407408
2 0.45625 0.30972222222222223 0.06041666666666667 0.16666666666666666
2 0.4669270833333333 0.24675925925925926 0.0703125 0.14907407407407408
2 0.50625 0.21898148148148147 0.057291666666666664 0.15092592592592594
2 0.7799479166666666 0.6990740740740741 0.09635416666666667 0.2388888888888889
2 0.609375 0.6064814814814815 0.09947916666666666 0.23425925925925925
2 0.5192708333333333 0.45555555555555555 0.08333333333333333 0.23333333333333334
2 0.4752604166666667 0.39351851851851855 0.0703125 0.21666666666666667
3 0.6388020833333333 0.31574074074074077 0.06927083333333334 0.1648148148148148
3 0.17890625 0.39490740740740743 0.09375 0.24537037037037038
1 0.7205729166666667 0.45046296296296295 0.07552083333333333 0.20092592592592592