3 0.4036458333333333 0.5578703703703703 0.058854166666666666 0.19166666666666668
3 0.8692708333333333 0.6300925925925925 0.0671875 0.21851851851851853
1 0.38697916666666665 0.4666666666666667 0.05520833333333333 0.1361111111111111
2 0.27265625 0.6226851851851852 0.09270833333333334 0.2324074074074074
2 0.2916666666666667 0.5703703703703704 0.0765625 0.17685185185185184
2 0.49947916666666664 0.6861111111111111 0.1328125 0.3111111111111111
2 0.5919270833333333 0.5800925925925926 0.06822916666666666 0.19907407407407407
2 0.5859375 0.5305555555555556 0.05260416666666667 0.17777777777777778
2 0.48880208333333336 0.5222222222222223 0.06510416666666667 0.20185185185185187
2 0.465625 0.5444444444444444 0.0671875 0.20092592592592592
2 0.6361979166666667 0.4949074074074074 0.046875 0.1962962962962963
2 0.6635416666666667 0.44537037037037036 0.03177083333333333 0.1425925925925926
2 0.7015625 0.43796296296296294 0.0375 0.15833333333333333
2 0.88671875 0.49166666666666664 0.05677083333333333 0.1425925925925926
2 0.8005208333333333 0.6615740740740741 0.078125 0.2833333333333333