1 0.6598958333333333 0.39675925925925926 0.06041666666666667 0.16574074074074074
3 0.85234375 0.475 0.0546875 0.17222222222222222
2 0.725 0.6240740740740741 0.07916666666666666 0.2074074074074074
2 0.271875 0.49537037037037035 0.08125 0.17222222222222222
2 0.25442708333333336 0.3527777777777778 0.05260416666666667 0.13148148148148148
3 0.10520833333333333 0.43657407407407406 0.0625 0.17314814814814813
2 0.4861979166666667 0.26990740740740743 0.049479166666666664 0.1398148148148148
2 0.3997395833333333 0.3351851851851852 0.05364583333333333 0.14074074074074075
2 0.42161458333333335 0.4625 0.0734375 0.16574074074074074
2 0.4166666666666667 0.4083333333333333 0.052083333333333336 0.13148148148148148
2 0.4901041666666667 0.4699074074074074 0.046875 0.15462962962962962
2 0.98125 0.6282407407407408 0.0375 0.21574074074074073
2 0.5338541666666666 0.5194444444444445 0.071875 0.17222222222222222
2 0.52265625 0.47453703703703703 0.0546875 0.1638888888888889
2 0.55 0.5342592592592592 0.041666666666666664 0.18333333333333332