2 0.8013020833333333 0.4375 0.08645833333333333 0.22592592592592592
2 0.6138020833333333 0.38935185185185184 0.053125 0.17962962962962964
2 0.5440104166666667 0.4449074074074074 0.057291666666666664 0.18055555555555555
2 0.4895833333333333 0.5226851851851851 0.06458333333333334 0.20462962962962963
2 0.4984375 0.4962962962962963 0.0453125 0.19722222222222222
2 0.640625 0.8300925925925926 0.08020833333333334 0.28703703703703703
2 0.2526041666666667 0.5768518518518518 0.07916666666666666 0.2111111111111111
2 0.5682291666666667 0.28888888888888886 0.0453125 0.16666666666666666
2 0.15494791666666666 0.6527777777777778 0.0953125 0.2222222222222222
2 0.5598958333333334 0.3037037037037037 0.03854166666666667 0.10462962962962963
2 0.6010416666666667 0.2222222222222222 0.040625 0.13055555555555556
1 0.43463541666666666 0.33194444444444443 0.05364583333333333 0.1648148148148148
2 0.6020833333333333 0.2490740740740741 0.043229166666666666 0.13703703703703704
3 0.9453125 0.5981481481481481 0.0984375 0.2574074074074074
3 0.4765625 0.2800925925925926 0.05364583333333333 0.1425925925925926