1 0.7409687500000001 0.2962037037037037 0.05198958333333333 0.13130555555555556
3 0.9163489583333334 0.4026666666666667 0.06159895833333333 0.15903703703703703
3 0.15011458333333336 0.4731388888888889 0.07340624999999999 0.17728703703703705
2 0.22016666666666668 0.3614722222222222 0.04683854166666667 0.15997222222222224
2 0.400625 0.33323148148148146 0.058796875 0.1683148148148148
2 0.5178697916666667 0.2907685185185185 0.073234375 0.16439814814814815
2 0.5712499999999999 0.23475925925925925 0.049791666666666665 0.1449814814814815
2 0.5819270833333333 0.42892592592592593 0.0659375 0.20462037037037037
2 0.44345833333333334 0.6587407407407407 0.07936458333333334 0.23369444444444443
2 0.33473958333333337 0.6091018518518518 0.08848958333333333 0.22005555555555556
2 0.6542552083333334 0.4227962962962963 0.05043229166666666 0.15763888888888888
2 0.6981979166666666 0.41921296296296295 0.05628645833333333 0.16666666666666666
2 0.7670729166666667 0.4619166666666667 0.0664375 0.16641666666666666