2 0.475390625 0.6861111111111111 0.08046875 0.1875
2 0.240625 0.7430555555555556 0.07421875 0.18472222222222223
2 0.351953125 0.8479166666666667 0.13515625 0.30416666666666664
2 0.54296875 0.6 0.065625 0.15138888888888888
2 0.579296875 0.5722222222222222 0.053125 0.14583333333333334
2 0.5734375 0.5340277777777778 0.0515625 0.125
2 0.53515625 0.5229166666666667 0.0453125 0.11527777777777778
2 0.609375 0.5708333333333333 0.06953125 0.1638888888888889
2 0.68046875 0.6229166666666667 0.084375 0.19722222222222222
2 0.7421875 0.6138888888888889 0.0859375 0.1763888888888889
2 0.765234375 0.5055555555555555 0.05078125 0.14027777777777778
3 0.170703125 0.7166666666666667 0.065625 0.1736111111111111
1 0.355078125 0.6409722222222223 0.06796875 0.17222222222222222