3 0.7311354166666667 0.25419444444444445 0.046651041666666664 0.1653425925925926
3 0.14659895833333333 0.6354814814814815 0.09502083333333333 0.23578703703703704
2 0.22778125 0.6235648148148148 0.10243229166666666 0.24666666666666665
2 0.3458072916666667 0.4082222222222222 0.0715625 0.1701388888888889
2 0.329078125 0.30974999999999997 0.05503125 0.11902777777777779
2 0.22550520833333335 0.29354629629629625 0.054911458333333336 0.1421851851851852
2 0.5055625 0.3218981481481481 0.07597395833333334 0.15952777777777777
2 0.4661145833333334 0.4761388888888889 0.046552083333333334 0.22496296296296298
2 0.5983333333333333 0.4035925925925926 0.07270312500000001 0.1886574074074074
2 0.5859635416666666 0.2546666666666667 0.07140624999999999 0.14775
2 0.6295833333333333 0.19611111111111112 0.031036458333333336 0.12787037037037036
2 0.7430520833333334 0.47591666666666665 0.050942708333333336 0.19210185185185186
2 0.7994270833333333 0.5076203703703703 0.05692708333333333 0.1768148148148148
2 0.7818489583333333 0.5212777777777778 0.040005208333333334 0.16246296296296298
1 0.8071770833333333 0.33798148148148144 0.04247395833333333 0.16623148148148148