2 0.75 0.44375 0.0953125 0.30833333333333335
2 0.914453125 0.23680555555555555 0.06484375 0.2152777777777778
2 0.646875 0.30416666666666664 0.075 0.1763888888888889
2 0.5734375 0.27708333333333335 0.05390625 0.14583333333333334
2 0.586328125 0.23402777777777778 0.04453125 0.13472222222222222
2 0.52890625 0.3680555555555556 0.06015625 0.20277777777777778
2 0.49140625 0.44722222222222224 0.071875 0.23194444444444445
2 0.398828125 0.4201388888888889 0.06484375 0.2152777777777778
2 0.34140625 0.5125 0.07265625 0.24027777777777778
2 0.15703125 0.5319444444444444 0.0796875 0.23194444444444445
2 0.033203125 0.60625 0.06640625 0.2569444444444444
1 0.277734375 0.37083333333333335 0.096875 0.19583333333333333
3 0.43125 0.28194444444444444 0.0609375 0.14722222222222223
3 0.5078125 0.6590277777777778 0.09609375 0.3125