2 0.58359375 0.4888888888888889 0.06328125 0.15694444444444444
2 0.553125 0.48125 0.0625 0.16805555555555557
2 0.4890625 0.42569444444444443 0.05 0.1388888888888889
2 0.46875 0.40625 0.05390625 0.1361111111111111
2 0.443359375 0.3951388888888889 0.046875 0.13472222222222222
2 0.41953125 0.32222222222222224 0.04140625 0.11388888888888889
2 0.43359375 0.3486111111111111 0.034375 0.09722222222222222
2 0.453125 0.3659722222222222 0.04375 0.125
2 0.3796875 0.40694444444444444 0.05859375 0.1527777777777778
2 0.391015625 0.45208333333333334 0.0625 0.16527777777777777
2 0.30859375 0.35138888888888886 0.0609375 0.15138888888888888
3 0.359765625 0.3770833333333333 0.0484375 0.15138888888888888
1 0.626171875 0.44375 0.06171875 0.17083333333333334