2 0.5822916666666667 0.40925925925925927 0.06614583333333333 0.14537037037037037
2 0.5453125 0.39675925925925926 0.05 0.16018518518518518
2 0.48723958333333334 0.3138888888888889 0.065625 0.1537037037037037
2 0.4244791666666667 0.2810185185185185 0.058333333333333334 0.14907407407407408
2 0.24739583333333334 0.3194444444444444 0.04791666666666667 0.12777777777777777
2 0.17864583333333334 0.3101851851851852 0.06354166666666666 0.1287037037037037
2 0.221875 0.4041666666666667 0.06041666666666667 0.16574074074074074
2 0.26536458333333335 0.42407407407407405 0.06770833333333333 0.17407407407407408
2 0.6455729166666667 0.5087962962962963 0.05625 0.16296296296296298
2 0.5572916666666666 0.6652777777777777 0.1109375 0.22777777777777777
2 0.7700520833333333 0.6222222222222222 0.05 0.15092592592592594
2 0.7885416666666667 0.7050925925925926 0.058333333333333334 0.1712962962962963
3 0.8973958333333333 0.5041666666666667 0.0453125 0.16111111111111112
3 0.024479166666666666 0.3578703703703704 0.04895833333333333 0.19722222222222222
1 0.7841145833333333 0.41898148148148145 0.05364583333333333 0.15