2 0.45286458333333335 0.3662037037037037 0.0671875 0.16111111111111112
2 0.39166666666666666 0.36064814814814816 0.0890625 0.20277777777777778
2 0.3 0.3435185185185185 0.06458333333333334 0.16944444444444445
2 0.15182291666666667 0.38981481481481484 0.075 0.18888888888888888
2 0.32890625 0.5115740740740741 0.096875 0.16574074074074074
2 0.32708333333333334 0.6129629629629629 0.07552083333333333 0.24537037037037038
3 0.2755208333333333 0.7796296296296297 0.10989583333333333 0.27314814814814814
3 0.5768229166666666 0.21805555555555556 0.05364583333333333 0.1574074074074074
1 0.6953125 0.27175925925925926 0.07083333333333333 0.1712962962962963
2 0.4708333333333333 0.4638888888888889 0.0609375 0.21666666666666667
2 0.5333333333333333 0.4847222222222222 0.0890625 0.24166666666666667
2 0.6877604166666667 0.4837962962962963 0.10572916666666667 0.24444444444444444
2 0.83515625 0.44583333333333336 0.0765625 0.18333333333333332
2 0.7520833333333333 0.6680555555555555 0.1375 0.2833333333333333