1 0.2256953125 0.4711666666666667 0.0409765625 0.15715277777777778
3 0.32653906250000003 0.4048611111111111 0.0330234375 0.1564861111111111
3 0.886140625 0.8618055555555556 0.0741015625 0.2763888888888889
2 0.71746875 0.5581944444444444 0.0687890625 0.19230555555555556
2 0.71596875 0.4378472222222222 0.04365625 0.13680555555555557
2 0.6897968750000001 0.46052777777777776 0.040796874999999996 0.145125
2 0.5424140625 0.4937361111111111 0.0428984375 0.17681944444444445
2 0.51246875 0.48238888888888887 0.0455 0.16802777777777778
2 0.49254687500000005 0.5034583333333333 0.055140625 0.18699999999999997
2 0.44313281250000003 0.555875 0.0852265625 0.23395833333333332
2 0.41676562500000003 0.6457777777777778 0.054625 0.22629166666666667
2 0.11307031249999999 0.6279583333333333 0.0683359375 0.23231944444444447
2 0.520734375 0.847013888888889 0.068546875 0.24218055555555557
2 0.9564453125 0.671125 0.087109375 0.20522222222222222