2 0.47744270833333335 0.4358796296296296 0.040562499999999994 0.14444444444444443
2 0.4872708333333333 0.39873148148148146 0.0406875 0.14653703703703702
2 0.42100000000000004 0.5694074074074075 0.06179166666666667 0.22169444444444444
2 0.22530729166666666 0.5886296296296296 0.05842708333333334 0.17955555555555555
2 0.6042552083333333 0.3503611111111111 0.04419270833333333 0.1285
2 0.56259375 0.3202777777777778 0.04419791666666666 0.1238888888888889
2 0.7008020833333333 0.3122962962962963 0.044828124999999996 0.10467592592592592
2 0.8277447916666667 0.37350925925925926 0.04716145833333333 0.1285
2 0.7326354166666668 0.5306481481481482 0.06657291666666666 0.16037037037037036
2 0.536421875 0.492462962962963 0.05695833333333333 0.1627037037037037
2 0.6646041666666667 0.8953703703703704 0.06202083333333333 0.20925925925925926
2 0.7717604166666666 0.8989537037037038 0.06434895833333333 0.20209259259259257
3 0.4024479166666667 0.2912314814814815 0.05202604166666667 0.11903703703703704
1 0.32640625 0.3581111111111111 0.04578645833333333 0.14632407407407408