2 0.4883125 0.39005555555555554 0.03235416666666666 0.10835185185185185
2 0.5234010416666667 0.43830555555555556 0.033 0.12476851851851851
2 0.6051666666666667 0.459712962962963 0.053828125 0.15970370370370368
2 0.48069791666666667 0.512712962962963 0.03405208333333333 0.15922222222222224
2 0.4985364583333334 0.5110925925925927 0.041078125 0.16061111111111112
2 0.516109375 0.578675925925926 0.058 0.1661388888888889
2 0.4385104166666667 0.544074074074074 0.05905208333333333 0.1687037037037037
2 0.35661458333333335 0.5756666666666667 0.06973958333333334 0.16475925925925924
2 0.31286458333333333 0.7112777777777778 0.07599479166666666 0.2600555555555556
2 0.18097395833333335 0.6275000000000001 0.0491875 0.22212962962962962
2 0.7571770833333333 0.4512685185185185 0.0570625 0.1543888888888889
3 0.9125729166666667 0.6103703703703705 0.07748437500000001 0.2434259259259259
3 0.05500520833333333 0.5730000000000001 0.056364583333333336 0.1848888888888889
1 0.28923437500000004 0.4959351851851852 0.06909375 0.1650185185185185