2 0.46640625 0.41388888888888886 0.0671875 0.1875
2 0.51875 0.45 0.075 0.18472222222222223
2 0.7109375 0.5152777777777777 0.06484375 0.19166666666666668
2 0.882421875 0.6354166666666666 0.0625 0.22916666666666666
2 0.365625 0.3770833333333333 0.0828125 0.18472222222222223
2 0.34375 0.4354166666666667 0.08515625 0.20416666666666666
2 0.236328125 0.37222222222222223 0.06015625 0.13055555555555556
2 0.204296875 0.4201388888888889 0.0828125 0.21666666666666667
2 0.3125 0.2520833333333333 0.0703125 0.17222222222222222
2 0.378515625 0.3055555555555556 0.08515625 0.16944444444444445
2 0.226953125 0.8180555555555555 0.11875 0.23194444444444445
3 0.203515625 0.6055555555555555 0.10546875 0.25833333333333336
3 0.496875 0.28194444444444444 0.05390625 0.1388888888888889
1 0.63203125 0.3486111111111111 0.05390625 0.14444444444444443