1 0.39505208333333336 0.3625 0.10208333333333333 0.1787037037037037
3 0.16484375 0.3523148148148148 0.09270833333333334 0.21944444444444444
3 0.9588541666666667 0.6148148148148148 0.08125 0.24166666666666667
2 0.8106770833333333 0.49212962962962964 0.0640625 0.18425925925925926
2 0.778125 0.5111111111111111 0.07395833333333333 0.2037037037037037
2 0.7268229166666667 0.4236111111111111 0.06302083333333333 0.15833333333333333
2 0.62578125 0.3194444444444444 0.07708333333333334 0.16018518518518518
2 0.68046875 0.4736111111111111 0.07239583333333334 0.20277777777777778
2 0.69375 0.4699074074074074 0.06354166666666666 0.16296296296296298
2 0.61328125 0.48703703703703705 0.07604166666666666 0.1935185185185185
2 0.51484375 0.5263888888888889 0.1015625 0.21574074074074073
2 0.64296875 0.6736111111111112 0.09583333333333334 0.26944444444444443
2 0.7239583333333334 0.6611111111111111 0.0921875 0.2101851851851852
2 0.3541666666666667 0.5314814814814814 0.10572916666666667 0.25833333333333336
2 0.12916666666666668 0.5175925925925926 0.1 0.24537037037037038