2 0.282421875 0.5527777777777778 0.06875 0.21805555555555556
2 0.155859375 0.4041666666666667 0.075 0.175
2 0.281640625 0.36527777777777776 0.05625 0.14722222222222223
2 0.358203125 0.3923611111111111 0.04921875 0.1638888888888889
2 0.349609375 0.3645833333333333 0.040625 0.16111111111111112
2 0.45703125 0.42986111111111114 0.06171875 0.18194444444444444
2 0.565234375 0.46319444444444446 0.0625 0.2013888888888889
2 0.49921875 0.6111111111111112 0.06953125 0.2861111111111111
2 0.523046875 0.5076388888888889 0.059375 0.2388888888888889
2 0.708203125 0.46944444444444444 0.0640625 0.20416666666666666
2 0.8828125 0.45694444444444443 0.06328125 0.22361111111111112
1 0.673828125 0.3638888888888889 0.05390625 0.16944444444444445
3 0.56484375 0.33055555555555555 0.05 0.15416666666666667
3 0.138671875 0.6527777777777778 0.13671875 0.28888888888888886