1 0.394921875 0.28194444444444444 0.053125 0.12777777777777777
3 0.501171875 0.23055555555555557 0.0375 0.13333333333333333
3 0.6328125 0.7194444444444444 0.115625 0.30833333333333335
2 0.501953125 0.38958333333333334 0.04765625 0.16666666666666666
2 0.472265625 0.41597222222222224 0.0390625 0.13333333333333333
2 0.44765625 0.4236111111111111 0.03984375 0.14583333333333334
2 0.187109375 0.46805555555555556 0.06015625 0.17916666666666667
2 0.247265625 0.625 0.09453125 0.2875
2 0.645703125 0.3541666666666667 0.0484375 0.15555555555555556
2 0.6328125 0.31527777777777777 0.0421875 0.1486111111111111
2 0.6484375 0.2833333333333333 0.0390625 0.1527777777777778
2 0.68125 0.3104166666666667 0.0484375 0.17083333333333334
2 0.77734375 0.4041666666666667 0.06484375 0.19722222222222222
2 0.87265625 0.36041666666666666 0.06796875 0.1736111111111111