1 0.79140625 0.21805555555555556 0.08671875 0.20694444444444443
3 0.150390625 0.5555555555555556 0.06328125 0.16666666666666666
2 0.31171875 0.43333333333333335 0.06015625 0.1486111111111111
2 0.376171875 0.38333333333333336 0.07265625 0.17222222222222222
2 0.47734375 0.3173611111111111 0.0671875 0.14722222222222223
2 0.541796875 0.3298611111111111 0.06796875 0.19722222222222222
2 0.572265625 0.2986111111111111 0.05390625 0.16805555555555557
2 0.605078125 0.34791666666666665 0.059375 0.20416666666666666
2 0.72109375 0.35625 0.0671875 0.19305555555555556
2 0.743359375 0.37916666666666665 0.0734375 0.225
2 0.828515625 0.41458333333333336 0.09921875 0.25277777777777777
2 0.22109375 0.6458333333333334 0.07421875 0.21388888888888888
2 0.74765625 0.7784722222222222 0.1359375 0.30694444444444446