1 0.32890625 0.31851851851851853 0.07135416666666666 0.15185185185185185
3 0.09661458333333334 0.34953703703703703 0.08489583333333334 0.17777777777777778
2 0.57734375 0.2351851851851852 0.043229166666666666 0.10925925925925926
2 0.5940104166666667 0.2949074074074074 0.06458333333333334 0.17314814814814813
2 0.6877604166666667 0.38657407407407407 0.0640625 0.19166666666666668
2 0.56796875 0.45231481481481484 0.052083333333333336 0.15925925925925927
2 0.5447916666666667 0.4708333333333333 0.052083333333333336 0.17685185185185184
2 0.5130208333333334 0.45601851851851855 0.06041666666666667 0.19074074074074074
2 0.3341145833333333 0.549074074074074 0.1203125 0.22962962962962963
2 0.16380208333333332 0.47685185185185186 0.07916666666666666 0.19074074074074074
2 0.7091145833333333 0.7199074074074074 0.09270833333333334 0.27870370370370373
2 0.8895833333333333 0.4046296296296296 0.042708333333333334 0.17962962962962964
2 0.2513020833333333 0.6773148148148148 0.078125 0.22592592592592592