2 0.5328125 0.8263888888888888 0.08125 0.28055555555555556
2 0.332421875 0.7104166666666667 0.084375 0.21388888888888888
2 0.2703125 0.70625 0.06484375 0.21388888888888888
2 0.199609375 0.7125 0.05859375 0.1986111111111111
2 0.5046875 0.6548611111111111 0.06015625 0.1638888888888889
2 0.58046875 0.625 0.05859375 0.15416666666666667
2 0.654296875 0.5895833333333333 0.04609375 0.12638888888888888
2 0.568359375 0.5527777777777778 0.04921875 0.1111111111111111
2 0.801171875 0.5645833333333333 0.05546875 0.14444444444444443
2 0.875 0.6319444444444444 0.05703125 0.18333333333333332
2 0.5078125 0.5395833333333333 0.0328125 0.09444444444444444
3 0.100390625 0.6784722222222223 0.0609375 0.16527777777777777
3 0.9375 0.6798611111111111 0.065625 0.24444444444444444
1 0.3359375 0.6027777777777777 0.046875 0.13194444444444445