2 0.4317708333333333 0.22546296296296298 0.058333333333333334 0.16574074074074074
2 0.39895833333333336 0.2662037037037037 0.0453125 0.1537037037037037
2 0.31588541666666664 0.19583333333333333 0.059375 0.15648148148148147
2 0.28020833333333334 0.18796296296296297 0.043229166666666666 0.12962962962962962
2 0.1546875 0.1865740740740741 0.05364583333333333 0.15185185185185185
3 0.16953125 0.22453703703703703 0.06041666666666667 0.18611111111111112
2 0.32760416666666664 0.37083333333333335 0.09375 0.23055555555555557
2 0.20078125 0.5425925925925926 0.13177083333333334 0.2777777777777778
2 0.4875 0.6847222222222222 0.0890625 0.275
2 0.528125 0.4273148148148148 0.07135416666666666 0.20092592592592592
2 0.6627604166666666 0.6328703703703704 0.0671875 0.22037037037037038
2 0.80859375 0.7578703703703704 0.0828125 0.24166666666666667
2 0.8390625 0.7805555555555556 0.0890625 0.25925925925925924
3 0.7221354166666667 0.5032407407407408 0.08020833333333334 0.2111111111111111
1 0.5231770833333333 0.27685185185185185 0.07083333333333333 0.17314814814814813