1 0.12526041666666668 0.337037037037037 0.058854166666666666 0.12962962962962962
3 0.04401041666666667 0.4388888888888889 0.05416666666666667 0.14351851851851852
3 0.9403645833333333 0.38564814814814813 0.06145833333333333 0.1712962962962963
2 0.8 0.35185185185185186 0.06458333333333334 0.18518518518518517
2 0.75078125 0.2949074074074074 0.057291666666666664 0.1675925925925926
2 0.54609375 0.25416666666666665 0.059375 0.14722222222222223
2 0.5114583333333333 0.32083333333333336 0.06197916666666667 0.14351851851851852
2 0.46822916666666664 0.37222222222222223 0.08177083333333333 0.1537037037037037
2 0.5286458333333334 0.42592592592592593 0.044270833333333336 0.18981481481481483
2 0.5255208333333333 0.512962962962963 0.06927083333333334 0.18981481481481483
2 0.5390625 0.5814814814814815 0.044270833333333336 0.1925925925925926
2 0.71015625 0.663425925925926 0.0671875 0.21296296296296297
2 0.4119791666666667 0.6013888888888889 0.08020833333333334 0.2
2 0.12213541666666666 0.6148148148148148 0.11770833333333333 0.23148148148148148
2 0.38229166666666664 0.8240740740740741 0.1265625 0.23981481481481481