1 0.46536458333333336 0.37824074074074077 0.07447916666666667 0.2064814814814815
3 0.5265625 0.32314814814814813 0.04635416666666667 0.1638888888888889
3 0.7169270833333333 0.4324074074074074 0.06979166666666667 0.22037037037037038
2 0.6119791666666666 0.31666666666666665 0.0640625 0.17037037037037037
2 0.59765625 0.37824074074074077 0.049479166666666664 0.16111111111111112
2 0.559375 0.4912037037037037 0.07395833333333333 0.24074074074074073
2 0.503125 0.3888888888888889 0.06302083333333333 0.21481481481481482
2 0.3 0.7361111111111112 0.11458333333333333 0.33240740740740743
2 0.18359375 0.6532407407407408 0.0578125 0.20185185185185187
2 0.17135416666666667 0.6189814814814815 0.058333333333333334 0.22037037037037038
2 0.45 0.75 0.08802083333333334 0.2861111111111111
2 0.86796875 0.36435185185185187 0.05416666666666667 0.20092592592592592
2 0.8846354166666667 0.33564814814814814 0.0703125 0.20555555555555555
2 0.646875 0.20833333333333334 0.0484375 0.1574074074074074
2 0.6802083333333333 0.2101851851851852 0.044270833333333336 0.1361111111111111