1 0.7591145833333334 0.26805555555555555 0.06458333333333334 0.15833333333333333
3 0.69296875 0.2101851851851852 0.052083333333333336 0.15185185185185185
3 0.17578125 0.7578703703703704 0.115625 0.24259259259259258
2 0.26171875 0.5592592592592592 0.10885416666666667 0.23148148148148148
2 0.24817708333333333 0.412962962962963 0.0671875 0.15092592592592594
2 0.3841145833333333 0.3472222222222222 0.08854166666666667 0.1648148148148148
2 0.5244791666666667 0.6527777777777778 0.0765625 0.2175925925925926
2 0.2596354166666667 0.9449074074074074 0.14114583333333333 0.11018518518518519
2 0.6606770833333333 0.46111111111111114 0.049479166666666664 0.17962962962962964
2 0.7583333333333333 0.43657407407407406 0.06354166666666666 0.18703703703703703
2 0.6236979166666666 0.34629629629629627 0.04114583333333333 0.13240740740740742
2 0.5794270833333334 0.3458333333333333 0.04791666666666667 0.15648148148148147
2 0.5671875 0.3148148148148148 0.04635416666666667 0.1175925925925926
2 0.55234375 0.2462962962962963 0.042708333333333334 0.12407407407407407
2 0.5755208333333334 0.19027777777777777 0.04010416666666667 0.12129629629629629