2 0.363671875 0.7729166666666667 0.08828125 0.30277777777777776
2 0.1640625 0.6076388888888888 0.05390625 0.16666666666666666
2 0.055859375 0.6097222222222223 0.0609375 0.21666666666666667
2 0.38828125 0.6465277777777778 0.06640625 0.22083333333333333
2 0.469921875 0.6347222222222222 0.05 0.1763888888888889
2 0.4921875 0.60625 0.05390625 0.16666666666666666
2 0.532421875 0.5625 0.03125 0.11944444444444445
2 0.546484375 0.5979166666666667 0.04375 0.1361111111111111
2 0.587890625 0.5659722222222222 0.034375 0.10833333333333334
2 0.61015625 0.6465277777777778 0.0484375 0.1638888888888889
2 0.651953125 0.7076388888888889 0.06328125 0.18333333333333332
2 0.762890625 0.6368055555555555 0.04140625 0.13333333333333333
3 0.154296875 0.5340277777777778 0.05078125 0.16111111111111112
3 0.79296875 0.7145833333333333 0.08359375 0.21388888888888888
1 0.316015625 0.5444444444444444 0.06953125 0.17083333333333334