1 0.36015625 0.4009259259259259 0.071875 0.15833333333333333
3 0.18802083333333333 0.5314814814814814 0.07239583333333334 0.17592592592592593
2 0.21276041666666667 0.611574074074074 0.08697916666666666 0.19814814814814816
2 0.32916666666666666 0.65 0.10833333333333334 0.2814814814814815
2 0.43984375 0.8 0.08697916666666666 0.25277777777777777
2 0.5440104166666667 0.5203703703703704 0.06458333333333334 0.18518518518518517
2 0.42994791666666665 0.5175925925925926 0.07604166666666666 0.20092592592592592
2 0.48385416666666664 0.4601851851851852 0.0625 0.2222222222222222
2 0.5169270833333334 0.4361111111111111 0.06875 0.2074074074074074
2 0.5815104166666667 0.3976851851851852 0.07395833333333333 0.225
2 0.6286458333333333 0.3712962962962963 0.07864583333333333 0.22037037037037038
2 0.6833333333333333 0.30277777777777776 0.075 0.2064814814814815
2 0.7611979166666667 0.37777777777777777 0.09166666666666666 0.25462962962962965
2 0.840625 0.2361111111111111 0.0515625 0.1787037037037037