1 0.60234375 0.3770833333333333 0.03828125 0.13472222222222222
3 0.50390625 0.3506944444444444 0.0484375 0.14583333333333334
3 0.229296875 0.6513888888888889 0.06953125 0.225
2 0.191796875 0.475 0.06640625 0.19027777777777777
2 0.21171875 0.41944444444444445 0.05859375 0.16666666666666666
2 0.091796875 0.425 0.05703125 0.15833333333333333
2 0.36796875 0.36875 0.03828125 0.10833333333333334
2 0.382421875 0.33402777777777776 0.02734375 0.12361111111111112
2 0.4234375 0.43125 0.0390625 0.16666666666666666
2 0.41484375 0.4388888888888889 0.03125 0.1736111111111111
2 0.45 0.45 0.0390625 0.16666666666666666
2 0.544140625 0.5638888888888889 0.065625 0.18194444444444444
2 0.744921875 0.4840277777777778 0.05078125 0.17083333333333334
2 0.919921875 0.5118055555555555 0.05546875 0.19027777777777777