1 0.36302083333333335 0.3800925925925926 0.052083333333333336 0.14537037037037037
3 0.4125 0.30462962962962964 0.03802083333333333 0.12407407407407407
2 0.03802083333333333 0.6476851851851851 0.0578125 0.1638888888888889
2 0.30885416666666665 0.6027777777777777 0.09739583333333333 0.21296296296296297
2 0.4088541666666667 0.5351851851851852 0.08645833333333333 0.21851851851851853
2 0.4984375 0.4337962962962963 0.05677083333333333 0.20092592592592592
2 0.5244791666666667 0.41759259259259257 0.07135416666666666 0.1787037037037037
2 0.5169270833333334 0.3731481481481482 0.06666666666666667 0.16018518518518518
2 0.5828125 0.3138888888888889 0.0484375 0.13148148148148148
2 0.6229166666666667 0.28194444444444444 0.04479166666666667 0.1361111111111111
2 0.6567708333333333 0.32916666666666666 0.05416666666666667 0.17314814814814813
2 0.85546875 0.2800925925925926 0.057291666666666664 0.15462962962962962
2 0.8565104166666667 0.4148148148148148 0.06770833333333333 0.19722222222222222
2 0.43984375 0.7532407407407408 0.090625 0.25092592592592594