1 0.33584895833333334 0.3357777777777778 0.05815625 0.15026851851851852
3 0.40029687500000005 0.25049074074074074 0.05944791666666667 0.15793518518518518
3 0.9663437500000001 0.8328981481481481 0.05742708333333334 0.23710185185185184
2 0.8354895833333333 0.5365462962962964 0.08999479166666666 0.2485462962962963
2 0.718375 0.34017592592592594 0.057588541666666666 0.20997222222222223
2 0.8765052083333333 0.33173148148148146 0.07045833333333333 0.16762037037037036
2 0.5773697916666667 0.41747222222222224 0.07505208333333332 0.1886574074074074
2 0.5597291666666667 0.26137037037037036 0.04888541666666667 0.14728703703703702
2 0.5149374999999999 0.20652777777777778 0.037432291666666666 0.1255462962962963
2 0.5175416666666667 0.4663055555555556 0.04784895833333334 0.2076111111111111
2 0.41832812500000005 0.6034444444444444 0.06296354166666666 0.19805555555555557
2 0.37165625 0.5377222222222222 0.08011979166666668 0.2036388888888889
2 0.18852604166666667 0.5258981481481482 0.07991666666666666 0.19949074074074072
2 0.6003489583333333 0.80975 0.10929166666666666 0.29264814814814816