2 0.47734375 0.4847222222222222 0.0828125 0.22777777777777777
2 0.503515625 0.5069444444444444 0.0734375 0.20694444444444443
2 0.5546875 0.49166666666666664 0.109375 0.2708333333333333
2 0.790234375 0.3229166666666667 0.13359375 0.2791666666666667
2 0.493359375 0.8215277777777777 0.15859375 0.35694444444444445
2 0.364453125 0.5111111111111111 0.08984375 0.18194444444444444
2 0.330078125 0.4666666666666667 0.0578125 0.1388888888888889
2 0.331640625 0.4465277777777778 0.05234375 0.11944444444444445
2 0.303125 0.45416666666666666 0.04765625 0.12083333333333333
2 0.188671875 0.6215277777777778 0.10078125 0.21944444444444444
2 0.192578125 0.5430555555555555 0.08828125 0.19444444444444445
3 0.0515625 0.6965277777777777 0.09296875 0.19722222222222222
3 0.815625 0.2388888888888889 0.0640625 0.17916666666666667
1 0.56015625 0.30972222222222223 0.07265625 0.21666666666666667