3 0.4368177083333334 0.28336111111111106 0.0686875 0.18662037037037038
3 0.5228802083333333 0.6587407407407407 0.06633333333333333 0.2429537037037037
1 0.28682812500000004 0.3188796296296296 0.060375 0.16739814814814813
2 0.4369479166666667 0.4043981481481482 0.07676041666666666 0.23887962962962964
2 0.31384375000000003 0.5086574074074074 0.063625 0.19510185185185186
2 0.2809010416666667 0.649824074074074 0.07847395833333333 0.29225
2 0.18006250000000001 0.5467314814814815 0.08121874999999999 0.21337037037037038
2 0.4584322916666667 0.5502037037037038 0.05983333333333333 0.20642592592592593
2 0.4834322916666667 0.8832222222222222 0.07336979166666667 0.2335648148148148
2 0.519234375 0.375 0.05383333333333333 0.2217685185185185
2 0.6041927083333333 0.3265185185185185 0.05578125 0.16878703703703704
2 0.59546875 0.2948148148148148 0.035729166666666666 0.12852777777777777
2 0.877875 0.34364814814814815 0.056265625 0.18451851851851853
2 0.8273541666666666 0.5804074074074075 0.06460416666666667 0.22747222222222221
2 0.8000781250000001 0.6546944444444445 0.06083333333333333 0.25105555555555553