3 0.7856875 0.38055555555555554 0.0541953125 0.17733333333333334
3 0.1550625 0.34734722222222225 0.0676796875 0.19191666666666668
1 0.39515625 0.27665277777777775 0.06869531250000001 0.15005555555555555
2 0.40114062500000003 0.40705555555555556 0.059835937500000005 0.2465138888888889
2 0.2505 0.4475555555555556 0.07365625 0.21179166666666668
2 0.12615625 0.504375 0.0567421875 0.17033333333333334
2 0.19230468750000002 0.638375 0.06403125 0.2485138888888889
2 0.5190390625 0.3776666666666667 0.0313125 0.192375
2 0.5886328125 0.340875 0.038984375 0.15119444444444444
2 0.6203984375 0.3272222222222222 0.040023437499999995 0.15629166666666666
2 0.631796875 0.27040277777777777 0.032859375 0.13293055555555555
2 0.667859375 0.24806944444444445 0.0346796875 0.11836111111111111
2 0.6656484375 0.40636111111111106 0.0380625 0.1849583333333333
2 0.8233203124999999 0.4628333333333333 0.056015625 0.2108611111111111