2 0.4158854166666667 0.7300925925925926 0.08854166666666667 0.3148148148148148
2 0.57109375 0.5745370370370371 0.07447916666666667 0.20833333333333334
2 0.3932291666666667 0.5055555555555555 0.04791666666666667 0.19444444444444445
2 0.30833333333333335 0.5851851851851851 0.05520833333333333 0.2175925925925926
2 0.17864583333333334 0.43842592592592594 0.0546875 0.16203703703703703
2 0.41380208333333335 0.4638888888888889 0.04010416666666667 0.1537037037037037
2 0.4036458333333333 0.4152777777777778 0.03802083333333333 0.13333333333333333
2 0.39791666666666664 0.4041666666666667 0.0296875 0.12777777777777777
1 0.4453125 0.4236111111111111 0.043229166666666666 0.1537037037037037
2 0.45625 0.42685185185185187 0.027604166666666666 0.062037037037037036
3 0.31614583333333335 0.46064814814814814 0.04791666666666667 0.16203703703703703
3 0.53359375 0.4777777777777778 0.050520833333333334 0.1398148148148148