1 0.1915859375 0.4360833333333334 0.061296874999999994 0.16799999999999998
3 0.30870312499999997 0.36504166666666665 0.0520390625 0.15090277777777777
3 0.5743125 0.7138055555555556 0.098875 0.25122222222222224
2 0.45192187500000003 0.4233611111111111 0.052023437500000005 0.14718055555555556
2 0.44410937500000003 0.37337499999999996 0.052023437500000005 0.12127777777777776
2 0.4086953125 0.46837500000000004 0.0488984375 0.15155555555555555
2 0.42223437500000005 0.5229861111111112 0.0561875 0.1626388888888889
2 0.3727578125 0.48654166666666665 0.0499453125 0.15780555555555556
2 0.26065625 0.6183472222222222 0.06271875 0.18297222222222223
2 0.08735937499999999 0.6004027777777778 0.0781015625 0.17997222222222223
2 0.28435156250000004 0.7247916666666667 0.0684453125 0.28476388888888887
2 0.5159765625 0.5632638888888889 0.0655546875 0.19318055555555555
2 0.6265234375000001 0.4257916666666667 0.04965625 0.13120833333333334