1 0.248828125 0.3875 0.0625 0.17083333333333334
3 0.332421875 0.33611111111111114 0.05859375 0.1597222222222222
3 0.575390625 0.7215277777777778 0.1140625 0.30833333333333335
2 0.277734375 0.5284722222222222 0.08515625 0.2111111111111111
2 0.1640625 0.5541666666666667 0.09609375 0.2361111111111111
2 0.28359375 0.6854166666666667 0.08515625 0.24722222222222223
2 0.373046875 0.5131944444444444 0.06484375 0.20972222222222223
2 0.4125 0.50625 0.046875 0.18472222222222223
2 0.411328125 0.33402777777777776 0.046875 0.14305555555555555
2 0.446484375 0.3590277777777778 0.05390625 0.1486111111111111
2 0.476953125 0.47291666666666665 0.04921875 0.1527777777777778
2 0.529296875 0.4354166666666667 0.0671875 0.16805555555555557
2 0.63203125 0.5625 0.08515625 0.20555555555555555
2 0.6625 0.4583333333333333 0.04609375 0.13472222222222222