1 0.3151041666666667 0.3685185185185185 0.06510416666666667 0.14351851851851852
3 0.08828125 0.4634259259259259 0.07708333333333334 0.16666666666666666
2 0.553125 0.21666666666666667 0.03854166666666667 0.1037037037037037
2 0.5747395833333333 0.2712962962962963 0.05677083333333333 0.16574074074074074
2 0.6752604166666667 0.33611111111111114 0.05572916666666667 0.18518518518518517
2 0.5630208333333333 0.43425925925925923 0.0453125 0.1537037037037037
2 0.5416666666666666 0.4587962962962963 0.04375 0.17222222222222222
2 0.5091145833333334 0.4527777777777778 0.052083333333333336 0.18425925925925926
2 0.34036458333333336 0.5944444444444444 0.1109375 0.21481481481481482
2 0.16588541666666667 0.5703703703703704 0.07083333333333333 0.1814814814814815
2 0.72578125 0.6592592592592592 0.08020833333333334 0.26851851851851855
2 0.8763020833333334 0.29768518518518516 0.034375 0.17592592592592593
2 0.26979166666666665 0.7444444444444445 0.06822916666666666 0.2175925925925926