2 0.534765625 0.7305555555555555 0.14375 0.42083333333333334
2 0.811328125 0.6895833333333333 0.12578125 0.3055555555555556
2 0.96875 0.5645833333333333 0.0625 0.21805555555555556
2 0.715234375 0.44375 0.08828125 0.20416666666666666
2 0.84765625 0.45 0.07109375 0.16527777777777777
2 0.877734375 0.4576388888888889 0.0609375 0.1736111111111111
2 0.604296875 0.4111111111111111 0.08359375 0.20833333333333334
2 0.530078125 0.38819444444444445 0.0859375 0.21805555555555556
2 0.565625 0.38819444444444445 0.07265625 0.20833333333333334
2 0.433203125 0.5402777777777777 0.11796875 0.275
2 0.21796875 0.3263888888888889 0.10625 0.2361111111111111
2 0.07421875 0.26666666666666666 0.109375 0.24583333333333332
1 0.3796875 0.2673611111111111 0.09296875 0.19722222222222222
3 0.48046875 0.26319444444444445 0.06171875 0.1527777777777778