3 0.572265625 0.5215277777777778 0.05703125 0.125
3 0.154296875 0.8569444444444444 0.13046875 0.2861111111111111
1 0.6578125 0.5368055555555555 0.04765625 0.12222222222222222
2 0.466796875 0.5993055555555555 0.03671875 0.1361111111111111
2 0.45859375 0.5833333333333334 0.0328125 0.14027777777777778
2 0.472265625 0.5125 0.0453125 0.12361111111111112
2 0.416015625 0.6104166666666667 0.034375 0.14027777777777778
2 0.432421875 0.6305555555555555 0.03671875 0.15
2 0.391015625 0.5625 0.040625 0.13194444444444445
2 0.33359375 0.6326388888888889 0.06640625 0.16111111111111112
2 0.2484375 0.6840277777777778 0.07578125 0.20694444444444443
2 0.58515625 0.6284722222222222 0.06796875 0.17222222222222222
2 0.8046875 0.6180555555555556 0.06484375 0.18472222222222223
2 0.619921875 0.8256944444444444 0.1 0.2847222222222222