2 0.40729166666666666 0.5569444444444445 0.0828125 0.2101851851851852
2 0.309375 0.5912037037037037 0.09114583333333333 0.23333333333333334
2 0.03567708333333333 0.5472222222222223 0.07135416666666666 0.19444444444444445
2 0.39479166666666665 0.7833333333333333 0.10729166666666666 0.3138888888888889
2 0.49140625 0.5435185185185185 0.0625 0.20092592592592592
2 0.5424479166666667 0.5314814814814814 0.06354166666666666 0.21666666666666667
2 0.5809895833333333 0.4981481481481482 0.06354166666666666 0.20277777777777778
2 0.66171875 0.49398148148148147 0.05625 0.18518518518518517
2 0.6330729166666667 0.44814814814814813 0.050520833333333334 0.14814814814814814
2 0.6145833333333334 0.4074074074074074 0.052083333333333336 0.13518518518518519
2 0.7875 0.6310185185185185 0.07291666666666667 0.2361111111111111
2 0.8622395833333333 0.5125 0.04375 0.1537037037037037
2 0.98046875 0.5481481481481482 0.0390625 0.1648148148148148
3 0.19322916666666667 0.48564814814814816 0.058333333333333334 0.16111111111111112
1 0.40963541666666664 0.4550925925925926 0.0515625 0.1574074074074074