3 0.4705729166666667 0.26157407407407407 0.09375 0.21203703703703702
3 0.49895833333333334 0.6638888888888889 0.09947916666666666 0.26481481481481484
1 0.32057291666666665 0.22685185185185186 0.0828125 0.18981481481481483
2 0.453125 0.3787037037037037 0.10885416666666667 0.2657407407407407
2 0.3190104166666667 0.42268518518518516 0.09010416666666667 0.2175925925925926
2 0.26666666666666666 0.5439814814814815 0.11822916666666666 0.31851851851851853
2 0.18411458333333333 0.39814814814814814 0.109375 0.24351851851851852
2 0.45260416666666664 0.5291666666666667 0.08802083333333334 0.22685185185185186
2 0.428125 0.8625 0.1046875 0.25925925925925924
2 0.53671875 0.38796296296296295 0.084375 0.2388888888888889
2 0.62578125 0.38055555555555554 0.07864583333333333 0.18888888888888888
2 0.6221354166666667 0.3458333333333333 0.053125 0.14074074074074075
2 0.8877604166666667 0.5226851851851851 0.08125 0.2037037037037037
2 0.8044270833333333 0.7282407407407407 0.0953125 0.2490740740740741
2 0.7674479166666667 0.7875 0.0953125 0.27037037037037037