2 0.522265625 0.41944444444444445 0.09609375 0.2152777777777778
2 0.405859375 0.47152777777777777 0.07265625 0.19444444444444445
2 0.373046875 0.5069444444444444 0.084375 0.1986111111111111
2 0.328125 0.5444444444444444 0.08828125 0.2
2 0.5671875 0.3486111111111111 0.09609375 0.23333333333333334
2 0.545703125 0.34444444444444444 0.05625 0.2013888888888889
2 0.61953125 0.23958333333333334 0.04921875 0.1625
2 0.587890625 0.20069444444444445 0.06484375 0.1638888888888889
2 0.893359375 0.26180555555555557 0.1109375 0.21666666666666667
2 0.692578125 0.5222222222222223 0.109375 0.26944444444444443
2 0.76953125 0.6173611111111111 0.09765625 0.29583333333333334
3 0.134375 0.4986111111111111 0.065625 0.17083333333333334
1 0.39296875 0.33402777777777776 0.06640625 0.16666666666666666