2 0.65 0.5368055555555555 0.09609375 0.2861111111111111
2 0.841015625 0.31805555555555554 0.05 0.1597222222222222
2 0.655859375 0.35 0.06875 0.15694444444444444
2 0.5875 0.3055555555555556 0.04765625 0.14583333333333334
2 0.519921875 0.36736111111111114 0.0640625 0.17916666666666667
2 0.4328125 0.39652777777777776 0.05234375 0.19166666666666668
2 0.46953125 0.37916666666666665 0.0515625 0.2152777777777778
2 0.288671875 0.6069444444444444 0.103125 0.25416666666666665
2 0.24375 0.6430555555555556 0.08046875 0.3194444444444444
2 0.155859375 0.4625 0.0703125 0.2375
2 0.050390625 0.5291666666666667 0.07734375 0.2513888888888889
1 0.266796875 0.30833333333333335 0.12109375 0.2013888888888889
3 0.370703125 0.27847222222222223 0.0421875 0.15
3 0.73671875 0.7652777777777777 0.10703125 0.3402777777777778