2 0.26640625 0.3020833333333333 0.05546875 0.15
2 0.21875 0.3861111111111111 0.065625 0.16805555555555557
2 0.225 0.36736111111111114 0.04921875 0.16805555555555557
3 0.182421875 0.38055555555555554 0.06875 0.19583333333333333
2 0.178125 0.3145833333333333 0.05078125 0.14583333333333334
2 0.353125 0.2861111111111111 0.03515625 0.11944444444444445
2 0.370703125 0.36875 0.04921875 0.1736111111111111
2 0.370703125 0.3388888888888889 0.06015625 0.1736111111111111
2 0.390234375 0.3888888888888889 0.0609375 0.17916666666666667
2 0.503515625 0.4375 0.0734375 0.18611111111111112
2 0.7328125 0.5097222222222222 0.0578125 0.15416666666666667
2 0.899609375 0.5916666666666667 0.09375 0.21666666666666667
2 0.48515625 0.6951388888888889 0.09453125 0.27361111111111114
3 0.825 0.4361111111111111 0.06171875 0.1875
1 0.567578125 0.3416666666666667 0.06875 0.16666666666666666