2 0.36171875 0.3958333333333333 0.06484375 0.15138888888888888
2 0.330078125 0.5861111111111111 0.11171875 0.24861111111111112
2 0.333984375 0.5277777777777778 0.07890625 0.175
2 0.25546875 0.42916666666666664 0.0625 0.1486111111111111
2 0.119921875 0.5361111111111111 0.0515625 0.15416666666666667
2 0.410546875 0.4215277777777778 0.0546875 0.11944444444444445
2 0.5265625 0.4354166666666667 0.0484375 0.14027777777777778
2 0.59140625 0.3923611111111111 0.06171875 0.17222222222222222
2 0.8046875 0.4527777777777778 0.059375 0.20416666666666666
2 0.836328125 0.4423611111111111 0.06640625 0.2375
2 0.65078125 0.6166666666666667 0.10703125 0.29305555555555557
3 0.45078125 0.525 0.06015625 0.18472222222222223
2 0.45703125 0.49930555555555556 0.07578125 0.2
2 0.43515625 0.5701388888888889 0.08203125 0.2361111111111111
3 0.503125 0.5034722222222222 0.08046875 0.20555555555555555
1 0.61484375 0.30416666666666664 0.0609375 0.16944444444444445