3 0.7996640625 0.4166666666666667 0.0513359375 0.17856944444444445
1 0.6183046875 0.3958333333333333 0.0669609375 0.172625
2 0.7056328125 0.5074444444444445 0.0630546875 0.18948611111111113
2 0.9545234375 0.5039722222222223 0.0809140625 0.18651388888888887
2 0.23297656249999998 0.41765277777777776 0.053015625 0.18848611111111113
2 0.36328125 0.4206388888888889 0.0591484375 0.16666666666666666
2 0.37471875 0.32440277777777776 0.0440859375 0.10912499999999999
2 0.291015625 0.38095833333333334 0.0396171875 0.15873611111111113
2 0.31640625 0.39633333333333337 0.0502265625 0.1577361111111111
2 0.47796093749999996 0.4409722222222222 0.0708671875 0.22320833333333334
2 0.44586718750000004 0.4856111111111111 0.0703125 0.19345833333333332
2 0.5717109375 0.5094305555555556 0.0731015625 0.15376388888888887
2 0.5343203125 0.5367083333333333 0.0775703125 0.2202361111111111