2 0.42075781250000005 0.5381944444444444 0.064734375 0.25495833333333334
2 0.353234375 0.4578333333333333 0.0814765625 0.19741666666666666
2 0.2003359375 0.45387500000000003 0.0747734375 0.19345833333333332
2 0.10965625000000001 0.4697361111111111 0.0652890625 0.2172638888888889
1 0.306640625 0.34276388888888887 0.084265625 0.15376388888888887
3 0.0281796875 0.3819444444444444 0.051898437500000005 0.1845277777777778
2 0.43889843749999996 0.4131944444444444 0.0753359375 0.17956944444444442
2 0.5108828125 0.3993055555555556 0.059710937500000005 0.1875
2 0.5376640625 0.40029166666666666 0.0652890625 0.18948611111111113
2 0.650671875 0.35366666666666663 0.046875 0.139875
2 0.697265625 0.39484722222222224 0.0652890625 0.14681944444444445
2 0.8267265625 0.36012500000000003 0.068640625 0.15675
2 0.9637265625 0.4047638888888889 0.072546875 0.2222222222222222
2 0.786828125 0.5243055555555556 0.0747734375 0.25893055555555555