2 0.6497395833333334 0.6652777777777777 0.10416666666666667 0.24814814814814815
2 0.8208333333333333 0.42916666666666664 0.0875 0.15555555555555556
2 0.5674479166666667 0.3333333333333333 0.06458333333333334 0.13333333333333333
2 0.46067708333333335 0.4625 0.06354166666666666 0.19074074074074074
2 0.41328125 0.4652777777777778 0.06614583333333333 0.1712962962962963
2 0.23567708333333334 0.513425925925926 0.07604166666666666 0.15555555555555556
3 0.21510416666666668 0.3560185185185185 0.04895833333333333 0.1259259259259259
2 0.24453125 0.37592592592592594 0.04479166666666667 0.13518518518518519
2 0.2877604166666667 0.35509259259259257 0.049479166666666664 0.12962962962962962
2 0.11614583333333334 0.6046296296296296 0.058854166666666666 0.17777777777777778
2 0.1015625 0.7407407407407407 0.0734375 0.2
2 0.21432291666666667 0.8407407407407408 0.0921875 0.2037037037037037
2 0.18802083333333333 0.9157407407407407 0.08541666666666667 0.1685185185185185