1 0.405859375 0.2722222222222222 0.06328125 0.1486111111111111
3 0.502734375 0.2423611111111111 0.06015625 0.14027777777777778
3 0.69609375 0.6368055555555555 0.11171875 0.27361111111111114
2 0.675 0.4076388888888889 0.05859375 0.17777777777777778
2 0.659765625 0.3701388888888889 0.05703125 0.16666666666666666
2 0.638671875 0.31319444444444444 0.053125 0.1597222222222222
2 0.699609375 0.30486111111111114 0.06796875 0.1736111111111111
2 0.758984375 0.4111111111111111 0.0796875 0.2222222222222222
2 0.523046875 0.37569444444444444 0.053125 0.16527777777777777
2 0.459765625 0.42083333333333334 0.0921875 0.23472222222222222
2 0.31015625 0.40694444444444444 0.08984375 0.2111111111111111
2 0.197265625 0.5722222222222222 0.090625 0.2791666666666667
2 0.091796875 0.44027777777777777 0.1125 0.24305555555555555