1 0.598046875 0.30069444444444443 0.0796875 0.15555555555555556
3 0.787890625 0.28055555555555556 0.06484375 0.14305555555555555
3 0.025 0.6673611111111111 0.04921875 0.24027777777777778
2 0.07578125 0.46875 0.0640625 0.17222222222222222
2 0.233984375 0.6013888888888889 0.1046875 0.24166666666666667
2 0.290234375 0.4361111111111111 0.0578125 0.1736111111111111
2 0.2734375 0.34444444444444444 0.0578125 0.15694444444444444
2 0.31875 0.3506944444444444 0.05390625 0.1597222222222222
2 0.34140625 0.40208333333333335 0.059375 0.17222222222222222
2 0.39921875 0.41597222222222224 0.06640625 0.19166666666666668
2 0.46484375 0.4527777777777778 0.08125 0.20416666666666666
2 0.6453125 0.4 0.09296875 0.24305555555555555
2 0.669140625 0.48125 0.075 0.2388888888888889
2 0.776953125 0.38055555555555554 0.06796875 0.2013888888888889
2 0.95859375 0.32569444444444445 0.06875 0.20833333333333334