3 0.5223958333333333 0.2847222222222222 0.07604166666666666 0.18703703703703703
3 0.23151041666666666 0.7569444444444444 0.12083333333333333 0.27314814814814814
1 0.621875 0.3106481481481482 0.07760416666666667 0.1925925925925926
2 0.77421875 0.475462962962963 0.09479166666666666 0.2638888888888889
2 0.4388020833333333 0.4930555555555556 0.06614583333333333 0.19722222222222222
2 0.4635416666666667 0.4023148148148148 0.07395833333333333 0.1935185185185185
2 0.39895833333333336 0.5041666666666667 0.08072916666666667 0.21481481481481482
2 0.40338541666666666 0.4361111111111111 0.0671875 0.17407407407407408
2 0.35208333333333336 0.4824074074074074 0.07447916666666667 0.18981481481481483
2 0.36015625 0.3638888888888889 0.0765625 0.1787037037037037
2 0.35234375 0.30462962962962964 0.051041666666666666 0.16296296296296298
2 0.27265625 0.46805555555555556 0.09375 0.2351851851851852
2 0.14401041666666667 0.575925925925926 0.1109375 0.2851851851851852
2 0.15416666666666667 0.4824074074074074 0.06510416666666667 0.17962962962962964