1 0.241015625 0.42430555555555555 0.04765625 0.16527777777777777
3 0.319140625 0.36944444444444446 0.06015625 0.16527777777777777
3 0.508203125 0.70625 0.1265625 0.3194444444444444
2 0.183203125 0.6222222222222222 0.08359375 0.20555555555555555
2 0.331640625 0.68125 0.0828125 0.22916666666666666
2 0.321875 0.5472222222222223 0.05859375 0.22361111111111112
2 0.40703125 0.525 0.05078125 0.18611111111111112
2 0.398828125 0.4840277777777778 0.040625 0.1375
2 0.447265625 0.49444444444444446 0.04921875 0.1486111111111111
2 0.45390625 0.4701388888888889 0.0359375 0.11805555555555555
2 0.47890625 0.4048611111111111 0.034375 0.1125
2 0.5 0.4354166666666667 0.05546875 0.17222222222222222
2 0.429296875 0.36527777777777776 0.03515625 0.1111111111111111
2 0.65390625 0.5138888888888888 0.08046875 0.16527777777777777