2 0.5174479166666667 0.5092592592592593 0.08229166666666667 0.24259259259259258
2 0.47421875 0.524074074074074 0.08177083333333333 0.21944444444444444
2 0.43463541666666666 0.4981481481481482 0.06822916666666666 0.18055555555555555
2 0.3828125 0.44907407407407407 0.049479166666666664 0.16666666666666666
2 0.3953125 0.4722222222222222 0.0609375 0.15833333333333333
2 0.3893229166666667 0.42453703703703705 0.0359375 0.125
2 0.4296875 0.4027777777777778 0.034375 0.1361111111111111
2 0.21171875 0.5833333333333334 0.07916666666666666 0.1824074074074074
2 0.6807291666666667 0.6055555555555555 0.10208333333333333 0.2722222222222222
2 0.73671875 0.5037037037037037 0.07291666666666667 0.23981481481481481
2 0.9692708333333333 0.4439814814814815 0.06145833333333333 0.17685185185185184
3 0.44114583333333335 0.7569444444444444 0.0984375 0.3101851851851852
1 0.5515625 0.40046296296296297 0.05364583333333333 0.17685185185185184