2 0.5759375 0.38183333333333336 0.0591640625 0.17293055555555556
2 0.6594609375 0.3037222222222222 0.0504375 0.19031944444444446
2 0.678796875 0.27919444444444447 0.05134375 0.1597777777777778
2 0.5149375 0.523 0.09471874999999999 0.24230555555555558
2 0.44782031250000004 0.45033333333333336 0.0633515625 0.20808333333333331
2 0.36898437500000003 0.5763472222222222 0.045 0.23556944444444447
2 0.205578125 0.5866527777777778 0.064546875 0.23533333333333334
2 0.1607890625 0.6005416666666666 0.058304687499999994 0.19830555555555557
2 0.276609375 0.4348333333333333 0.0464453125 0.20022222222222222
2 0.6433828125 0.5989166666666667 0.0534296875 0.22747222222222221
2 0.9386093750000001 0.6448611111111111 0.0566484375 0.22444444444444445
3 0.52821875 0.25963888888888886 0.0327421875 0.1415
3 0.3930078125 0.6124583333333333 0.055281250000000004 0.22445833333333334
1 0.486296875 0.28347222222222224 0.0374375 0.13825