1 0.594140625 0.36527777777777776 0.07265625 0.18472222222222223
3 0.853515625 0.43125 0.0703125 0.19305555555555556
2 0.360546875 0.35625 0.05078125 0.15555555555555556
2 0.361328125 0.3013888888888889 0.05 0.11666666666666667
2 0.21328125 0.2923611111111111 0.06796875 0.14305555555555555
2 0.226953125 0.4215277777777778 0.0765625 0.19305555555555556
2 0.278515625 0.5354166666666667 0.08984375 0.2361111111111111
2 0.406640625 0.3902777777777778 0.06953125 0.19722222222222222
2 0.394140625 0.35833333333333334 0.05859375 0.17222222222222222
2 0.4375 0.4777777777777778 0.075 0.2263888888888889
2 0.5421875 0.5458333333333333 0.10546875 0.25416666666666665
2 0.591015625 0.7756944444444445 0.13515625 0.325
2 0.777734375 0.5277777777777778 0.0890625 0.2
2 0.983984375 0.5229166666666667 0.03203125 0.1986111111111111