3 0.73359375 0.26157407407407407 0.0484375 0.16666666666666666
3 0.1453125 0.624537037037037 0.09739583333333333 0.2388888888888889
2 0.2265625 0.6152777777777778 0.1046875 0.25
2 0.34661458333333334 0.40324074074074073 0.0734375 0.17222222222222222
2 0.33098958333333334 0.30462962962962964 0.05625 0.12037037037037036
2 0.22760416666666666 0.2851851851851852 0.05625 0.14351851851851852
2 0.5072916666666667 0.32222222222222224 0.07760416666666667 0.16203703703703703
2 0.46640625 0.475 0.04895833333333333 0.22592592592592592
2 0.59921875 0.4064814814814815 0.07447916666666667 0.19074074074074074
2 0.58828125 0.2574074074074074 0.07291666666666667 0.15
2 0.6325520833333333 0.2 0.03229166666666667 0.1287037037037037
2 0.7432291666666667 0.48333333333333334 0.05260416666666667 0.1935185185185185
2 0.79921875 0.5171296296296296 0.058854166666666666 0.1787037037037037
2 0.7815104166666667 0.5300925925925926 0.041666666666666664 0.1638888888888889
1 0.80859375 0.3476851851851852 0.044270833333333336 0.1675925925925926