1 0.538671875 0.34375 0.0625 0.1986111111111111
3 0.475390625 0.28125 0.0453125 0.15833333333333333
3 0.194921875 0.7166666666666667 0.1109375 0.23472222222222222
2 0.138671875 0.5159722222222223 0.06171875 0.16944444444444445
2 0.165234375 0.41875 0.05859375 0.15555555555555556
2 0.24296875 0.42569444444444443 0.0625 0.19166666666666668
2 0.340625 0.3541666666666667 0.06484375 0.16666666666666666
2 0.405078125 0.41805555555555557 0.0515625 0.19722222222222222
2 0.46015625 0.4597222222222222 0.046875 0.18888888888888888
2 0.511328125 0.45416666666666666 0.0484375 0.175
2 0.69609375 0.4895833333333333 0.07734375 0.2125
2 0.62578125 0.6673611111111111 0.10234375 0.2875