1 0.363671875 0.5347222222222222 0.08046875 0.18055555555555555
3 0.465625 0.41597222222222224 0.0640625 0.16111111111111112
3 0.88046875 0.6979166666666666 0.13828125 0.3236111111111111
2 0.57421875 0.36736111111111114 0.0578125 0.14166666666666666
2 0.6 0.38819444444444445 0.05859375 0.15555555555555556
2 0.6171875 0.46597222222222223 0.05390625 0.1875
2 0.619140625 0.4465277777777778 0.04609375 0.18055555555555555
2 0.645703125 0.44166666666666665 0.06875 0.1875
2 0.562890625 0.5444444444444444 0.08828125 0.21666666666666667
2 0.477734375 0.6798611111111111 0.10234375 0.2263888888888889
2 0.4859375 0.6409722222222223 0.0796875 0.18472222222222223
2 0.36171875 0.6958333333333333 0.08515625 0.2361111111111111
2 0.84140625 0.5152777777777777 0.09765625 0.21805555555555556
2 0.830859375 0.36319444444444443 0.05 0.12916666666666668