1 0.533203125 0.3194444444444444 0.09921875 0.19166666666666668
3 0.43828125 0.29930555555555555 0.040625 0.11527777777777778
3 0.3015625 0.7340277777777777 0.12265625 0.29583333333333334
2 0.312890625 0.5541666666666667 0.08125 0.18055555555555555
2 0.285546875 0.46805555555555556 0.07734375 0.1625
2 0.151171875 0.5041666666666667 0.1109375 0.17777777777777778
2 0.328125 0.3763888888888889 0.05859375 0.1638888888888889
2 0.344921875 0.3458333333333333 0.0578125 0.14027777777777778
2 0.4109375 0.4409722222222222 0.05078125 0.1638888888888889
2 0.44296875 0.4708333333333333 0.06875 0.1638888888888889
2 0.432421875 0.47638888888888886 0.0546875 0.1638888888888889
2 0.5625 0.4847222222222222 0.08359375 0.21388888888888888
2 0.762109375 0.36319444444444443 0.07578125 0.2263888888888889
2 0.668359375 0.6715277777777777 0.159375 0.33194444444444443
2 0.960546875 0.26944444444444443 0.065625 0.19583333333333333