2 0.3579140625 0.3441111111111111 0.04109375 0.1298888888888889
2 0.3898828125 0.28718055555555555 0.04903125 0.12713888888888888
2 0.24151562499999998 0.4317083333333333 0.0843359375 0.19165277777777778
2 0.1451015625 0.403125 0.0542734375 0.14144444444444446
2 0.2056484375 0.5942916666666667 0.079 0.27375
2 0.37790625 0.4759166666666667 0.06153125 0.16433333333333333
2 0.5175390625 0.48516666666666663 0.0686796875 0.2013611111111111
2 0.54696875 0.48644444444444446 0.04940625 0.17473611111111112
2 0.589609375 0.49569444444444444 0.08390625 0.19695833333333335
2 0.7392109375 0.46468055555555554 0.068 0.209
2 0.60340625 0.7124305555555556 0.0854609375 0.267
3 0.7992343749999999 0.35556944444444444 0.050023437500000004 0.164375
1 0.56728125 0.3511666666666667 0.045234375 0.14540277777777777