2 0.389453125 0.4173611111111111 0.08046875 0.225
2 0.30390625 0.40208333333333335 0.08203125 0.19722222222222222
2 0.2484375 0.33402777777777776 0.0578125 0.18611111111111112
2 0.219921875 0.3576388888888889 0.07421875 0.20277777777777778
2 0.20546875 0.37916666666666665 0.0578125 0.18194444444444444
2 0.507421875 0.4625 0.08671875 0.20277777777777778
2 0.537109375 0.3763888888888889 0.04765625 0.16527777777777777
2 0.60546875 0.35555555555555557 0.07578125 0.17777777777777778
2 0.649609375 0.33055555555555555 0.071875 0.17916666666666667
2 0.7421875 0.3784722222222222 0.05703125 0.19166666666666668
2 0.946875 0.4395833333333333 0.0703125 0.16805555555555557
2 0.337890625 0.7513888888888889 0.103125 0.3527777777777778
3 0.53984375 0.24305555555555555 0.0484375 0.11388888888888889
3 0.7015625 0.8881944444444444 0.1125 0.22361111111111112
1 0.380078125 0.28125 0.0640625 0.16111111111111112