1 0.41015625 0.2875 0.05 0.1597222222222222
3 0.53203125 0.21944444444444444 0.03984375 0.13055555555555556
3 0.59375 0.4777777777777778 0.04921875 0.19027777777777777
2 0.553125 0.37569444444444444 0.05625 0.17777777777777778
2 0.574609375 0.34652777777777777 0.04921875 0.13472222222222222
2 0.621484375 0.27708333333333335 0.025 0.11666666666666667
2 0.65703125 0.32708333333333334 0.05234375 0.1638888888888889
2 0.63671875 0.2659722222222222 0.025 0.12638888888888888
2 0.6921875 0.3548611111111111 0.05390625 0.18333333333333332
2 0.75078125 0.37916666666666665 0.0765625 0.1763888888888889
2 0.83125 0.33541666666666664 0.04609375 0.1625
2 0.28359375 0.4388888888888889 0.0765625 0.18472222222222223
2 0.47890625 0.4236111111111111 0.0625 0.16111111111111112
2 0.196484375 0.5791666666666667 0.09609375 0.2708333333333333
2 0.073828125 0.47638888888888886 0.06796875 0.19027777777777777