2 0.5010416666666667 0.49027777777777776 0.052083333333333336 0.14722222222222223
2 0.30546875 0.3402777777777778 0.0390625 0.13240740740740742
2 0.23385416666666667 0.39444444444444443 0.046875 0.15555555555555556
2 0.13880208333333333 0.5342592592592592 0.058854166666666666 0.1648148148148148
2 0.21796875 0.649074074074074 0.05677083333333333 0.18703703703703703
3 0.18984375 0.3476851851851852 0.044270833333333336 0.1361111111111111
2 0.59375 0.262037037037037 0.04791666666666667 0.10555555555555556
2 0.725 0.4185185185185185 0.03958333333333333 0.15185185185185185
2 0.7018229166666666 0.33240740740740743 0.034895833333333334 0.10925925925925926
2 0.7255208333333333 0.2773148148148148 0.034375 0.09907407407407408
2 0.8528645833333334 0.5125 0.04739583333333333 0.14722222222222223
2 0.7494791666666667 0.35555555555555557 0.034375 0.11481481481481481
1 0.95 0.36712962962962964 0.05625 0.16018518518518518