1 0.3567708333333333 0.4060185185185185 0.058854166666666666 0.15
3 0.4015625 0.32222222222222224 0.044270833333333336 0.12685185185185185
2 0.04921875 0.7328703703703704 0.065625 0.16944444444444445
2 0.31588541666666664 0.637962962962963 0.10677083333333333 0.22407407407407406
2 0.41119791666666666 0.5518518518518518 0.096875 0.22685185185185186
2 0.49453125 0.43472222222222223 0.0671875 0.20462962962962963
2 0.51953125 0.4134259259259259 0.0796875 0.18611111111111112
2 0.509375 0.37083333333333335 0.07395833333333333 0.1675925925925926
2 0.5713541666666667 0.29953703703703705 0.0546875 0.1361111111111111
2 0.609375 0.2601851851851852 0.0515625 0.1398148148148148
2 0.6458333333333334 0.30092592592592593 0.0625 0.17685185185185184
2 0.840625 0.2152777777777778 0.06510416666666667 0.16018518518518518
2 0.8497395833333333 0.3490740740740741 0.07760416666666667 0.2037037037037037
2 0.4552083333333333 0.762962962962963 0.10260416666666666 0.25925925925925924