2 0.47659375 0.5115555555555555 0.05579166666666667 0.21708333333333332
2 0.37484375000000003 0.5683611111111111 0.07494791666666667 0.1923148148148148
2 0.26241145833333335 0.6439351851851852 0.077953125 0.21333333333333335
2 0.5584270833333334 0.49326851851851855 0.06190104166666666 0.17589814814814814
2 0.5989166666666667 0.4504537037037037 0.06736979166666666 0.18748148148148147
2 0.58134375 0.4104259259259259 0.045234375 0.12130555555555554
2 0.6110260416666667 0.3958425925925926 0.03690104166666666 0.1152962962962963
2 0.785171875 0.5237037037037037 0.05315625 0.2112962962962963
3 0.8307395833333333 0.5325 0.04533854166666666 0.18259259259259258
2 0.9247447916666667 0.5839907407407408 0.07709375 0.19067592592592594
2 0.9677135416666667 0.4660740740740741 0.058859375000000005 0.18400925925925926
2 0.7076354166666667 0.7562777777777777 0.11032291666666666 0.3662685185185185
2 0.5308229166666666 0.8438703703703704 0.09523958333333334 0.3122685185185185
2 0.2624739583333333 0.6418333333333333 0.05388020833333333 0.17124999999999999
1 0.333046875 0.4817037037037037 0.04916666666666667 0.17497222222222222
3 0.14777083333333335 0.5353981481481481 0.047890625 0.20271296296296296