2 0.3835625 0.8006111111111112 0.068953125 0.29056944444444444
2 0.1740703125 0.6799305555555556 0.043203124999999995 0.158
2 0.0667890625 0.7049166666666667 0.047375 0.20798611111111112
2 0.39925781250000003 0.6697361111111111 0.05215625 0.21169444444444444
2 0.47926562500000003 0.6402361111111111 0.039 0.1689027777777778
2 0.49957812500000004 0.6071388888888889 0.0431640625 0.15919444444444444
2 0.5365546875 0.5553055555555555 0.0235078125 0.11477777777777778
2 0.552828125 0.5868888888888889 0.0352265625 0.12934722222222222
2 0.5917578125 0.5461666666666667 0.0276796875 0.10343055555555555
2 0.6193593749999999 0.6214861111111112 0.038093749999999996 0.15640277777777778
2 0.665125 0.6734444444444444 0.051515624999999995 0.17281944444444444
2 0.770390625 0.5787916666666667 0.032710937499999995 0.12702777777777777
3 0.1590390625 0.6084166666666667 0.0409921875 0.15294444444444444
3 0.8053515625 0.649263888888889 0.070078125 0.20083333333333334
1 0.32048437500000004 0.5836527777777778 0.0586796875 0.15988888888888889