1 0.675390625 0.42916666666666664 0.08203125 0.1763888888888889
3 0.3546875 0.6854166666666667 0.12421875 0.3013888888888889
2 0.21875 0.5527777777777778 0.10859375 0.275
2 0.177734375 0.2847222222222222 0.1015625 0.20833333333333334
2 0.358984375 0.3055555555555556 0.06796875 0.15
2 0.428515625 0.25277777777777777 0.059375 0.12916666666666668
2 0.92578125 0.6743055555555556 0.11875 0.2375
2 0.675390625 0.6770833333333334 0.12109375 0.2625
2 0.684765625 0.5840277777777778 0.1171875 0.23472222222222222
2 0.6953125 0.5673611111111111 0.10703125 0.18055555555555555
2 0.53515625 0.44513888888888886 0.078125 0.1875
2 0.46171875 0.4152777777777778 0.071875 0.18888888888888888
2 0.474609375 0.5118055555555555 0.08125 0.2152777777777778
2 0.491796875 0.4201388888888889 0.06875 0.17222222222222222