1 0.649609375 0.6131944444444445 0.0765625 0.1736111111111111
3 0.5703125 0.5576388888888889 0.06171875 0.14305555555555555
3 0.13125 0.6 0.09921875 0.25416666666666665
2 0.169921875 0.5013888888888889 0.0796875 0.1986111111111111
2 0.18984375 0.4361111111111111 0.06484375 0.13194444444444445
2 0.369140625 0.5201388888888889 0.05625 0.12916666666666668
2 0.40078125 0.5090277777777777 0.05703125 0.1361111111111111
2 0.474609375 0.5069444444444444 0.04296875 0.11666666666666667
2 0.449609375 0.575 0.05859375 0.1486111111111111
2 0.49375 0.6020833333333333 0.04921875 0.1638888888888889
2 0.487109375 0.5902777777777778 0.04609375 0.15555555555555556
2 0.439453125 0.75625 0.08359375 0.2652777777777778
2 0.71640625 0.75625 0.06015625 0.20416666666666666
2 0.9625 0.8194444444444444 0.0390625 0.1638888888888889