2 0.6317265625 0.39525 0.04965625 0.19051388888888887
2 0.5816640625 0.37697222222222226 0.06541406250000001 0.17709722222222224
2 0.66128125 0.3479305555555555 0.054078125 0.14447222222222222
2 0.6571796875 0.2940138888888889 0.044578125 0.11533333333333334
2 0.5978749999999999 0.2290972222222222 0.028828125 0.11744444444444445
2 0.376078125 0.42175 0.06309375 0.2041527777777778
2 0.509859375 0.41597222222222224 0.0507109375 0.19722222222222222
2 0.305640625 0.42244444444444446 0.06544531249999999 0.19165277777777778
2 0.2792734375 0.5348055555555555 0.0452734375 0.2149861111111111
2 0.23096875 0.6876805555555555 0.10230468749999999 0.23136111111111113
2 0.7646015625 0.5945138888888889 0.0432578125 0.23255555555555554
2 0.9450546875000001 0.4076388888888889 0.0656328125 0.18981944444444443
3 0.5828984375 0.812763888888889 0.1264765625 0.31255555555555553
3 0.5190390625 0.24158333333333332 0.0313125 0.12391666666666666
1 0.383046875 0.29562499999999997 0.062703125 0.13245833333333334