1 0.4140625 0.25069444444444444 0.06640625 0.16944444444444445
3 0.5734375 0.24375 0.0515625 0.15833333333333333
3 0.626171875 0.8590277777777777 0.13046875 0.28194444444444444
2 0.617578125 0.4652777777777778 0.11484375 0.3
2 0.701171875 0.4354166666666667 0.0796875 0.23194444444444445
2 0.691796875 0.3548611111111111 0.07734375 0.18472222222222223
2 0.82109375 0.43333333333333335 0.09453125 0.20416666666666666
2 0.959375 0.5715277777777777 0.08125 0.23472222222222222
2 0.790625 0.6736111111111112 0.1078125 0.28888888888888886
2 0.388671875 0.4083333333333333 0.08515625 0.2013888888888889
2 0.403125 0.39305555555555555 0.0875 0.2152777777777778
2 0.44453125 0.4076388888888889 0.090625 0.23055555555555557
2 0.367578125 0.5944444444444444 0.17265625 0.35694444444444445
2 0.209765625 0.3645833333333333 0.1078125 0.23055555555555557
2 0.10703125 0.3458333333333333 0.13125 0.26805555555555555