2 0.7924479166666667 0.45694444444444443 0.06822916666666666 0.1814814814814815
2 0.8513020833333333 0.44351851851851853 0.0640625 0.13148148148148148
2 0.59453125 0.6171296296296296 0.0875 0.21666666666666667
2 0.22864583333333333 0.9064814814814814 0.11354166666666667 0.18703703703703703
2 0.33203125 0.4148148148148148 0.07552083333333333 0.175
2 0.178125 0.43796296296296294 0.06979166666666667 0.17314814814814813
2 0.4278645833333333 0.31203703703703706 0.05625 0.12222222222222222
2 0.45729166666666665 0.24583333333333332 0.03125 0.1
2 0.48463541666666665 0.300462962962963 0.043229166666666666 0.1361111111111111
2 0.5140625 0.3921296296296296 0.06458333333333334 0.16203703703703703
2 0.5083333333333333 0.31527777777777777 0.04635416666666667 0.11944444444444445
2 0.5885416666666666 0.3851851851851852 0.03333333333333333 0.13703703703703704
3 0.9427083333333334 0.3787037037037037 0.05 0.1537037037037037
1 0.7578125 0.3541666666666667 0.052083333333333336 0.15462962962962962