1 0.39375 0.25416666666666665 0.08125 0.15555555555555556
3 0.69296875 0.7458333333333333 0.121875 0.30972222222222223
2 0.80390625 0.4930555555555556 0.0859375 0.18055555555555555
2 0.257421875 0.3458333333333333 0.075 0.2222222222222222
2 0.195703125 0.47638888888888886 0.10546875 0.27361111111111114
2 0.378125 0.4076388888888889 0.07265625 0.23472222222222222
2 0.41953125 0.3819444444444444 0.0609375 0.21805555555555556
2 0.47890625 0.4013888888888889 0.0703125 0.1875
2 0.571875 0.4215277777777778 0.0875 0.1625
2 0.63125 0.4652777777777778 0.0703125 0.16111111111111112
2 0.6078125 0.3763888888888889 0.06171875 0.12361111111111112
2 0.626953125 0.36527777777777776 0.06640625 0.16944444444444445
2 0.644921875 0.39652777777777776 0.06484375 0.14305555555555555