1 0.7322916666666667 0.26666666666666666 0.05677083333333333 0.13703703703703704
3 0.9114583333333334 0.35138888888888886 0.06770833333333333 0.16666666666666666
3 0.15 0.5166666666666667 0.08020833333333334 0.18611111111111112
2 0.21536458333333333 0.3962962962962963 0.053125 0.16574074074074074
2 0.39427083333333335 0.3458333333333333 0.06510416666666667 0.175
2 0.5096354166666667 0.28888888888888886 0.0796875 0.17314814814814813
2 0.5606770833333333 0.2263888888888889 0.05520833333333333 0.15092592592592594
2 0.57890625 0.41898148148148145 0.07395833333333333 0.21203703703703702
2 0.44973958333333336 0.6652777777777777 0.08854166666666667 0.24259259259259258
2 0.33932291666666664 0.6291666666666667 0.096875 0.23055555555555557
2 0.65078125 0.40370370370370373 0.05625 0.1638888888888889
2 0.69453125 0.39490740740740743 0.0625 0.17314814814814813
2 0.76484375 0.4287037037037037 0.07291666666666667 0.17407407407407408