1 0.5765625 0.35833333333333334 0.05 0.1486111111111111
3 0.840625 0.4131944444444444 0.06484375 0.1597222222222222
3 0.07421875 0.41805555555555557 0.09921875 0.20555555555555555
2 0.336328125 0.46875 0.07578125 0.2013888888888889
2 0.347265625 0.425 0.06328125 0.17916666666666667
2 0.37109375 0.35347222222222224 0.04921875 0.1625
2 0.3515625 0.31666666666666665 0.04765625 0.1625
2 0.383203125 0.2881944444444444 0.0359375 0.13194444444444445
2 0.396484375 0.2548611111111111 0.034375 0.13472222222222222
2 0.474609375 0.46805555555555556 0.08359375 0.2152777777777778
2 0.455859375 0.6263888888888889 0.084375 0.22916666666666666
2 0.58203125 0.5347222222222222 0.0796875 0.2125
2 0.749609375 0.5166666666666667 0.08203125 0.20694444444444443
2 0.72578125 0.6895833333333333 0.08515625 0.25555555555555554