2 0.45286458333333335 0.48009259259259257 0.07447916666666667 0.1675925925925926
2 0.14739583333333334 0.5643518518518519 0.053125 0.17314814814814813
2 0.090625 0.5814814814814815 0.05416666666666667 0.16666666666666666
3 0.28151041666666665 0.2935185185185185 0.044270833333333336 0.12037037037037036
2 0.4005208333333333 0.30925925925925923 0.03854166666666667 0.13333333333333333
2 0.44375 0.2796296296296296 0.041666666666666664 0.10740740740740741
2 0.5653645833333333 0.3189814814814815 0.034895833333333334 0.12314814814814815
2 0.5622395833333333 0.3138888888888889 0.0421875 0.14629629629629629
2 0.5924479166666666 0.35462962962962963 0.04114583333333333 0.12777777777777777
2 0.6677083333333333 0.42453703703703705 0.05 0.14907407407407408
2 0.7848958333333333 0.5023148148148148 0.04479166666666667 0.14537037037037037
2 0.8177083333333334 0.6277777777777778 0.052083333333333336 0.17777777777777778
1 0.8075520833333333 0.33425925925925926 0.0421875 0.1388888888888889