2 0.771875 0.7520833333333333 0.06796875 0.2222222222222222
2 0.653125 0.7958333333333333 0.09453125 0.2638888888888889
2 0.576953125 0.6520833333333333 0.05390625 0.175
2 0.37890625 0.6090277777777777 0.07890625 0.1986111111111111
2 0.397265625 0.5743055555555555 0.05546875 0.15138888888888888
2 0.448046875 0.5472222222222223 0.0359375 0.12083333333333333
2 0.477734375 0.5826388888888889 0.0546875 0.1486111111111111
2 0.519140625 0.5930555555555556 0.05703125 0.15
2 0.5390625 0.6048611111111111 0.05703125 0.14583333333333334
3 0.644921875 0.5652777777777778 0.04921875 0.1361111111111111
3 0.24765625 0.7027777777777777 0.07109375 0.30694444444444446
1 0.72265625 0.6208333333333333 0.05 0.1388888888888889