1 0.12518229166666667 0.33694444444444444 0.05869791666666667 0.12943518518518518
3 0.04413541666666666 0.439 0.05415104166666666 0.14375
3 0.9403697916666667 0.385537037037037 0.061468749999999996 0.17107407407407407
2 0.7998854166666667 0.3518611111111111 0.06434895833333333 0.18474074074074076
2 0.750796875 0.2946944444444444 0.05732291666666667 0.1676388888888889
2 0.5461197916666667 0.2542037037037037 0.059432291666666665 0.14682407407407408
2 0.5115520833333334 0.3207407407407407 0.061911458333333336 0.14332407407407408
2 0.4681979166666667 0.3721203703703704 0.08196354166666667 0.15349074074074076
2 0.5287395833333333 0.42615740740740743 0.04419791666666666 0.18980555555555556
2 0.5256145833333333 0.5130555555555556 0.06919791666666668 0.19000925925925927
2 0.53915625 0.5813333333333334 0.04419791666666666 0.1922962962962963
2 0.710046875 0.6634907407407408 0.06696354166666667 0.21309259259259258
2 0.41188541666666667 0.601462962962963 0.08002083333333333 0.2001574074074074
2 0.12218749999999999 0.6146574074074075 0.1178125 0.23116666666666666
2 0.38239062500000004 0.8239907407407407 0.1265052083333333 0.2401111111111111