1 0.906453125 0.3427222222222222 0.057437499999999996 0.18266666666666667
3 0.751515625 0.30395833333333333 0.08089062500000001 0.18615277777777778
3 0.1432109375 0.8762777777777777 0.1403359375 0.2474583333333333
2 0.0809765625 0.5572638888888889 0.07315625 0.20897222222222223
2 0.13371093750000002 0.5322638888888889 0.061429687499999996 0.19601388888888888
2 0.6335468750000001 0.8699027777777778 0.115796875 0.2601805555555556
2 0.77234375 0.5731111111111111 0.07046875 0.21983333333333333
2 0.804828125 0.4460555555555556 0.0690390625 0.22034722222222222
2 0.694484375 0.423375 0.086625 0.1935138888888889
2 0.6198828125 0.36968055555555557 0.0546015625 0.1602083333333333
2 0.604515625 0.33184722222222224 0.065546875 0.18405555555555558
2 0.5178671875 0.3286111111111111 0.047195312499999996 0.13129166666666667