2 0.73359375 0.35 0.1078125 0.23055555555555557
2 0.8609375 0.3076388888888889 0.1015625 0.2375
2 0.656640625 0.7368055555555556 0.13046875 0.325
2 0.53203125 0.4409722222222222 0.078125 0.24166666666666667
2 0.473828125 0.41805555555555557 0.07265625 0.20972222222222223
2 0.34921875 0.4284722222222222 0.06953125 0.19305555555555556
2 0.32890625 0.3763888888888889 0.0703125 0.1875
2 0.283984375 0.4076388888888889 0.05234375 0.1638888888888889
2 0.285546875 0.3909722222222222 0.0640625 0.18055555555555555
2 0.241796875 0.46111111111111114 0.07734375 0.19722222222222222
2 0.1734375 0.6375 0.08984375 0.1986111111111111
3 0.158984375 0.5284722222222222 0.06640625 0.1597222222222222
3 0.755859375 0.22013888888888888 0.075 0.17916666666666667
1 0.5734375 0.2569444444444444 0.08046875 0.18333333333333332