1 0.545703125 0.3277777777777778 0.0890625 0.1763888888888889
3 0.452734375 0.2875 0.03359375 0.10972222222222222
3 0.287109375 0.6888888888888889 0.10546875 0.2791666666666667
2 0.310546875 0.5131944444444444 0.07109375 0.16805555555555557
2 0.289453125 0.4222222222222222 0.06875 0.15
2 0.153515625 0.4284722222222222 0.10234375 0.15833333333333333
2 0.337890625 0.3402777777777778 0.04921875 0.15694444444444444
2 0.35703125 0.31319444444444444 0.05 0.13194444444444445
2 0.415625 0.4222222222222222 0.040625 0.15694444444444444
2 0.445703125 0.4583333333333333 0.059375 0.15416666666666667
2 0.434375 0.4618055555555556 0.0453125 0.15833333333333333
2 0.562890625 0.4986111111111111 0.07109375 0.2013888888888889
2 0.76953125 0.4215277777777778 0.06171875 0.21666666666666667
2 0.65546875 0.7069444444444445 0.14140625 0.30833333333333335
2 0.97265625 0.37083333333333335 0.053125 0.18888888888888888