1 0.36875 0.5868055555555556 0.04296875 0.14444444444444443
3 0.159765625 0.6131944444444445 0.05625 0.18194444444444444
2 0.287890625 0.6555555555555556 0.05234375 0.16527777777777777
2 0.431640625 0.6861111111111111 0.0453125 0.2
2 0.494921875 0.6361111111111111 0.05859375 0.2
2 0.535546875 0.7131944444444445 0.0578125 0.2013888888888889
2 0.595703125 0.8701388888888889 0.07578125 0.25972222222222224
2 0.59453125 0.5652777777777778 0.03046875 0.11388888888888889
2 0.56875 0.5319444444444444 0.025 0.1111111111111111
2 0.67734375 0.5965277777777778 0.04453125 0.15416666666666667
2 0.8625 0.6152777777777778 0.0453125 0.14583333333333334
2 0.8046875 0.7222222222222222 0.0859375 0.23333333333333334
2 0.9609375 0.7319444444444444 0.06640625 0.2361111111111111