2 0.43333333333333335 0.39444444444444443 0.05416666666666667 0.1648148148148148
2 0.45 0.324537037037037 0.04739583333333333 0.1527777777777778
2 0.40859375 0.26851851851851855 0.0515625 0.15925925925925927
2 0.43125 0.23055555555555557 0.033854166666666664 0.12037037037037036
2 0.28880208333333335 0.40324074074074073 0.0515625 0.15833333333333333
2 0.228125 0.7356481481481482 0.08177083333333333 0.225
2 0.3729166666666667 0.7087962962962963 0.08854166666666667 0.22407407407407406
2 0.7013020833333333 0.712037037037037 0.0765625 0.26296296296296295
2 0.8130208333333333 0.5013888888888889 0.06458333333333334 0.17222222222222222
2 0.7536458333333333 0.4097222222222222 0.06770833333333333 0.22685185185185186
2 0.9263020833333333 0.6069444444444444 0.07239583333333334 0.2175925925925926
2 0.6768229166666667 0.2712962962962963 0.04791666666666667 0.11203703703703703
3 0.85859375 0.19027777777777777 0.03958333333333333 0.13148148148148148
3 0.1421875 0.6064814814814815 0.11354166666666667 0.23333333333333334