2 0.432421875 0.4152777777777778 0.07265625 0.18333333333333332
2 0.259765625 0.40902777777777777 0.1171875 0.21388888888888888
2 0.1890625 0.5798611111111112 0.10703125 0.3013888888888889
2 0.527734375 0.39444444444444443 0.04453125 0.16805555555555557
2 0.5640625 0.375 0.06171875 0.20694444444444443
2 0.612890625 0.25 0.04765625 0.12777777777777777
2 0.64453125 0.2916666666666667 0.04921875 0.14027777777777778
2 0.675390625 0.3888888888888889 0.06171875 0.16666666666666666
2 0.85703125 0.4270833333333333 0.0765625 0.175
2 0.7875 0.5520833333333334 0.08125 0.20833333333333334
3 0.50625 0.2423611111111111 0.0578125 0.1486111111111111
3 0.615234375 0.775 0.1078125 0.30694444444444446
1 0.39375 0.25763888888888886 0.06328125 0.16805555555555557