1 0.7006171875 0.39087500000000003 0.057476562499999995 0.17856944444444445
2 0.615515625 0.5436527777777778 0.056921875 0.23809722222222224
2 0.8677421875 0.49008333333333337 0.0636171875 0.22619444444444448
2 0.35965625 0.3263888888888889 0.04296875 0.13690277777777776
2 0.39090625 0.375 0.0385078125 0.16269444444444445
2 0.42242968750000004 0.34473611111111113 0.0390625 0.1418611111111111
3 0.42913281249999996 0.5327361111111111 0.052453125 0.22420833333333334
2 0.44280468749999996 0.4697361111111111 0.060828125 0.19741666666666666
3 0.5694765625 0.3229166666666667 0.04296875 0.15376388888888887
2 0.6528984375 0.49602777777777773 0.053570312499999995 0.21824999999999997
2 0.5142265625 0.5104166666666666 0.0396171875 0.22718055555555555
2 0.5234375 0.4995 0.055804687500000005 0.2013888888888889
2 0.544921875 0.5362083333333333 0.0552421875 0.2152777777777778