2 0.613671875 0.5590277777777778 0.05078125 0.16111111111111112
2 0.776953125 0.5659722222222222 0.0484375 0.18611111111111112
2 0.617578125 0.6888888888888889 0.06328125 0.24166666666666667
2 0.54296875 0.5236111111111111 0.06953125 0.19722222222222222
2 0.506640625 0.5145833333333333 0.04921875 0.2222222222222222
2 0.45234375 0.4722222222222222 0.0546875 0.19166666666666668
2 0.371484375 0.3548611111111111 0.040625 0.1375
2 0.382421875 0.3854166666666667 0.03359375 0.12361111111111112
2 0.28125 0.41944444444444445 0.05390625 0.1486111111111111
2 0.146875 0.5694444444444444 0.06484375 0.21805555555555556
3 0.037109375 0.4486111111111111 0.05 0.16111111111111112
1 0.6765625 0.42986111111111114 0.0328125 0.15555555555555556
3 0.88515625 0.49722222222222223 0.053125 0.18055555555555555
2 0.938671875 0.6201388888888889 0.05 0.18055555555555555
2 0.10859375 0.39791666666666664 0.03203125 0.15555555555555556