3 0.1681484375 0.6094583333333333 0.041765625 0.144375
3 0.6629765625 0.6770277777777778 0.04678125 0.17768055555555556
1 0.31657812500000004 0.5864305555555556 0.046953125 0.13304166666666667
2 0.11978124999999999 0.6741388888888888 0.058304687499999994 0.1927222222222222
2 0.029031249999999998 0.6982083333333333 0.0408671875 0.17605555555555558
2 0.33271875 0.7741111111111111 0.053203125 0.2723055555555556
2 0.3456796875 0.679 0.043960937500000005 0.18855555555555553
2 0.42971875 0.633638888888889 0.036265625 0.17190277777777777
2 0.47307812499999996 0.6105 0.042249999999999996 0.16265277777777779
2 0.5498984375 0.5581944444444444 0.0344296875 0.1413888888888889
2 0.5847890625 0.6028611111111111 0.037546875 0.1335
2 0.526984375 0.6506527777777779 0.05630468749999999 0.18045833333333333
2 0.613890625 0.6734444444444444 0.05434375 0.23298611111111112
2 0.7678515625 0.5922083333333333 0.03596875 0.13998611111111112