1 0.16521875 0.45844444444444443 0.04215625 0.1437361111111111
3 0.264109375 0.40648611111111116 0.0433203125 0.1421388888888889
3 0.7828906250000001 0.8541944444444444 0.1097890625 0.2796666666666667
2 0.4313515625 0.4329861111111111 0.0473359375 0.15022222222222223
2 0.4235390625 0.3600833333333333 0.0317109375 0.11091666666666666
2 0.44957812500000005 0.3927222222222222 0.0369140625 0.11598611111111112
2 0.48115625 0.3899444444444444 0.02584375 0.11044444444444444
2 0.40146875 0.5298333333333334 0.053976562500000005 0.18420833333333334
2 0.41553125 0.4576388888888889 0.0404375 0.13240277777777779
2 0.3930703125 0.4534722222222222 0.038484375 0.13331944444444443
2 0.2732890625 0.6030833333333334 0.043710937500000005 0.18025
2 0.07550781250000001 0.6744861111111111 0.0830546875 0.20405555555555555
2 0.3812890625 0.8134583333333334 0.07871875 0.2722777777777778
2 0.7529453125 0.6460138888888889 0.0655234375 0.22212500000000002
2 0.7287265625 0.4356527777777778 0.0275078125 0.12083333333333333