1 0.794140625 0.22708333333333333 0.08515625 0.20555555555555555
3 0.15 0.5444444444444444 0.06171875 0.16527777777777777
2 0.3125 0.4270833333333333 0.059375 0.14722222222222223
2 0.37734375 0.3798611111111111 0.071875 0.17083333333333334
2 0.479296875 0.31666666666666665 0.06640625 0.14583333333333334
2 0.54375 0.33125 0.06640625 0.19583333333333333
2 0.57421875 0.30069444444444443 0.05234375 0.16805555555555557
2 0.606640625 0.35138888888888886 0.0578125 0.20416666666666666
2 0.72265625 0.36319444444444443 0.065625 0.19305555555555556
2 0.74453125 0.38680555555555557 0.071875 0.225
2 0.829296875 0.425 0.09765625 0.2513888888888889
2 0.219921875 0.6368055555555555 0.07265625 0.2125
2 0.744921875 0.7861111111111111 0.13359375 0.30416666666666664