2 0.4083333333333333 0.6152777777777778 0.07552083333333333 0.24722222222222223
2 0.1921875 0.6171296296296296 0.10416666666666667 0.2657407407407407
2 0.54140625 0.8527777777777777 0.1078125 0.29444444444444445
2 0.5653645833333333 0.42083333333333334 0.07395833333333333 0.22314814814814815
2 0.5815104166666667 0.32685185185185184 0.058854166666666666 0.18055555555555555
2 0.5348958333333333 0.2652777777777778 0.05520833333333333 0.15648148148148147
2 0.49583333333333335 0.2023148148148148 0.044270833333333336 0.14074074074074075
2 0.6263020833333334 0.3175925925925926 0.04583333333333333 0.18518518518518517
2 0.7622395833333333 0.44166666666666665 0.09270833333333334 0.24537037037037038
2 0.7921875 0.30185185185185187 0.06666666666666667 0.17777777777777778
2 0.85625 0.20972222222222223 0.06302083333333333 0.18055555555555555
3 0.3609375 0.3143518518518518 0.06458333333333334 0.15925925925925927
3 0.96640625 0.6208333333333333 0.0671875 0.30648148148148147
1 0.30911458333333336 0.38333333333333336 0.0640625 0.16296296296296298