2 0.531671875 0.5110972222222222 0.0331328125 0.13284722222222223
2 0.47725 0.6004305555555556 0.0388671875 0.16336111111111112
2 0.47385937499999997 0.5345833333333333 0.0216796875 0.11731944444444445
2 0.4881171875 0.5322777777777777 0.0306640625 0.12195833333333334
2 0.43187499999999995 0.5367916666666667 0.043171875 0.10552777777777779
2 0.3833046875 0.5664166666666667 0.058015625 0.11847222222222221
3 0.1889140625 0.7411388888888889 0.1093359375 0.25031944444444443
2 0.1719921875 0.6205694444444444 0.0650703125 0.13419444444444445
2 0.4383125 0.679 0.0677734375 0.17280555555555555
2 0.66896875 0.6229861111111111 0.048085937499999995 0.20154166666666667
2 0.8468203125 0.650875 0.04234375 0.18093055555555557
2 0.9479843750000001 0.6763333333333333 0.054570312499999996 0.17629166666666668
2 0.494171875 0.7714583333333334 0.07271875 0.24151388888888886
3 0.606859375 0.5296111111111111 0.023359374999999998 0.14209722222222224
1 0.6232656249999999 0.5415277777777777 0.030125000000000002 0.1589861111111111