1 0.40078125 0.34953703703703703 0.10625 0.18703703703703703
3 0.17135416666666667 0.3111111111111111 0.09947916666666666 0.22592592592592592
3 0.9533854166666667 0.6712962962962963 0.0890625 0.24537037037037038
2 0.81015625 0.5310185185185186 0.0703125 0.18703703703703703
2 0.7768229166666667 0.5453703703703704 0.08020833333333334 0.2074074074074074
2 0.7294270833333333 0.45185185185185184 0.06822916666666666 0.16203703703703703
2 0.6325520833333333 0.33564814814814814 0.08177083333333333 0.16574074074074074
2 0.6809895833333334 0.49583333333333335 0.07864583333333333 0.2064814814814815
2 0.69453125 0.49398148148148147 0.06822916666666666 0.16666666666666666
2 0.6135416666666667 0.5013888888888889 0.08177083333333333 0.19814814814814816
2 0.5138020833333333 0.5277777777777778 0.1078125 0.22314814814814815
2 0.6356770833333333 0.6907407407407408 0.10416666666666667 0.2740740740740741
2 0.7169270833333333 0.6884259259259259 0.0984375 0.21574074074074073
2 0.3533854166666667 0.513425925925926 0.11354166666666667 0.26481481481481484
2 0.12916666666666668 0.47129629629629627 0.10729166666666666 0.25092592592592594