2 0.650390625 0.5322361111111111 0.0931953125 0.2827361111111111
2 0.8390078125 0.30754166666666666 0.048546875 0.15873611111111113
2 0.654296875 0.3452361111111111 0.0675234375 0.1547638888888889
2 0.58565625 0.30258333333333337 0.0463203125 0.14484722222222224
2 0.5186953125 0.36656944444444445 0.0619453125 0.17758333333333334
2 0.431640625 0.3988055555555555 0.05078125 0.1904722222222222
2 0.46846875 0.38045833333333334 0.0496640625 0.21329166666666666
2 0.2898984375 0.6135972222222222 0.10100781249999999 0.25098611111111113
2 0.2452578125 0.6507916666666667 0.0775703125 0.31745833333333334
2 0.1556953125 0.4732083333333333 0.068078125 0.2361111111111111
2 0.05078125 0.5431527777777778 0.0747734375 0.24901388888888887
1 0.2647890625 0.3154722222222222 0.11885937499999999 0.19841666666666669
3 0.3685859375 0.2827361111111111 0.040734375 0.14880555555555555
3 0.7393984375 0.7579305555555556 0.10379687500000001 0.3373055555555556