2 0.5765625 0.39444444444444443 0.058854166666666666 0.1361111111111111
2 0.5390625 0.3888888888888889 0.04114583333333333 0.15462962962962962
2 0.4765625 0.31712962962962965 0.0578125 0.14537037037037037
2 0.4122395833333333 0.2962962962962963 0.050520833333333334 0.14074074074074075
2 0.23802083333333332 0.3675925925925926 0.04114583333333333 0.12129629629629629
2 0.16927083333333334 0.3712962962962963 0.057291666666666664 0.11944444444444445
2 0.21796875 0.4564814814814815 0.0515625 0.15833333333333333
2 0.26223958333333336 0.46805555555555556 0.058854166666666666 0.1648148148148148
2 0.6453125 0.48194444444444445 0.04739583333333333 0.15648148148148147
2 0.5666666666666667 0.6537037037037037 0.1 0.21203703703703702
2 0.77578125 0.5712962962962963 0.0421875 0.14537037037037037
2 0.7989583333333333 0.6504629629629629 0.04895833333333333 0.1638888888888889
3 0.8955729166666667 0.4305555555555556 0.036458333333333336 0.15648148148148147
3 0.019010416666666665 0.44722222222222224 0.03802083333333333 0.1925925925925926
1 0.7778645833333333 0.36666666666666664 0.04583333333333333 0.14351851851851852