2 0.2799479166666667 0.47129629629629627 0.08489583333333334 0.18703703703703703
2 0.21822916666666667 0.3101851851851852 0.06770833333333333 0.1685185185185185
2 0.5528645833333333 0.7851851851851852 0.07864583333333333 0.3074074074074074
2 0.75546875 0.5532407407407407 0.0609375 0.2212962962962963
2 0.6927083333333334 0.49074074074074076 0.052083333333333336 0.2074074074074074
2 0.6057291666666667 0.425462962962963 0.06145833333333333 0.19537037037037036
2 0.49270833333333336 0.3296296296296296 0.029166666666666667 0.15925925925925927
2 0.5182291666666666 0.3333333333333333 0.034375 0.15925925925925927
2 0.53671875 0.350462962962963 0.0390625 0.15648148148148147
1 0.74296875 0.3226851851851852 0.04635416666666667 0.15648148148148147
2 0.490625 0.2791666666666667 0.03333333333333333 0.1398148148148148
2 0.46770833333333334 0.23796296296296296 0.05 0.13518518518518519
3 0.09296875 0.5699074074074074 0.07552083333333333 0.2064814814814815
3 0.6473958333333333 0.23796296296296296 0.04895833333333333 0.1425925925925926