1 0.674609375 0.38125 0.10234375 0.2375
3 0.931640625 0.49375 0.0984375 0.20833333333333334
3 0.05546875 0.3909722222222222 0.1109375 0.24861111111111112
2 0.183203125 0.2743055555555556 0.0765625 0.2125
2 0.361328125 0.2569444444444444 0.06484375 0.15694444444444444
2 0.405859375 0.33611111111111114 0.06484375 0.175
2 0.409375 0.2847222222222222 0.0515625 0.13055555555555556
2 0.48828125 0.40069444444444446 0.07578125 0.21666666666666667
2 0.53359375 0.46319444444444446 0.08125 0.20972222222222223
2 0.516015625 0.3972222222222222 0.04921875 0.17083333333333334
2 0.401171875 0.5409722222222222 0.12109375 0.24444444444444444
2 0.61484375 0.6152777777777778 0.06875 0.15694444444444444
2 0.7984375 0.5736111111111111 0.08828125 0.20694444444444443
2 0.95546875 0.6694444444444444 0.0890625 0.21388888888888888
2 0.678515625 0.7618055555555555 0.15234375 0.3458333333333333