2 0.38776041666666666 0.7513888888888889 0.10729166666666666 0.28703703703703703
2 0.31614583333333335 0.700462962962963 0.10572916666666667 0.275
1 0.3541666666666667 0.2791666666666667 0.0734375 0.1925925925925926
2 0.6575520833333334 0.3023148148148148 0.06145833333333333 0.1685185185185185
2 0.7239583333333334 0.2412037037037037 0.059895833333333336 0.15833333333333333
2 0.81875 0.5212962962962963 0.078125 0.22777777777777777
2 0.7416666666666667 0.5486111111111112 0.07395833333333333 0.23148148148148148
2 0.7322916666666667 0.6759259259259259 0.084375 0.2537037037037037
3 0.5911458333333334 0.5731481481481482 0.058854166666666666 0.22685185185185186
2 0.5450520833333333 0.5782407407407407 0.08020833333333334 0.23148148148148148
2 0.446875 0.4537037037037037 0.04791666666666667 0.22592592592592592
3 0.47682291666666665 0.4324074074074074 0.051041666666666666 0.20277777777777778
2 0.5140625 0.42777777777777776 0.0546875 0.20277777777777778