1 0.8890625 0.48194444444444445 0.071875 0.18333333333333332
3 0.8125 0.3902777777777778 0.05 0.16666666666666666
3 0.2421875 0.7423611111111111 0.103125 0.2875
2 0.31171875 0.4708333333333333 0.10859375 0.2513888888888889
2 0.330078125 0.34444444444444444 0.0734375 0.18611111111111112
2 0.503125 0.4013888888888889 0.0734375 0.19027777777777777
2 0.58828125 0.3541666666666667 0.06953125 0.17916666666666667
2 0.61875 0.3548611111111111 0.059375 0.1638888888888889
2 0.6484375 0.4895833333333333 0.06328125 0.2263888888888889
2 0.730859375 0.5291666666666667 0.08671875 0.21666666666666667
2 0.80625 0.6361111111111111 0.08828125 0.23472222222222222
2 0.44140625 0.5263888888888889 0.090625 0.20416666666666666