2 0.2984375 0.5972222222222222 0.07734375 0.2013888888888889
2 0.16015625 0.6673611111111111 0.09375 0.20555555555555555
2 0.38046875 0.5305555555555556 0.04765625 0.15416666666666667
2 0.375 0.4625 0.03671875 0.14166666666666666
2 0.393359375 0.46458333333333335 0.0375 0.13472222222222222
2 0.479296875 0.5173611111111112 0.053125 0.175
2 0.553515625 0.6083333333333333 0.0546875 0.1986111111111111
2 0.544921875 0.5451388888888888 0.0484375 0.15694444444444444
2 0.4984375 0.4125 0.0375 0.12638888888888888
2 0.655859375 0.40347222222222223 0.0421875 0.13194444444444445
2 0.12578125 0.8097222222222222 0.08984375 0.25972222222222224
3 0.429296875 0.5395833333333333 0.0765625 0.21805555555555556
3 0.3359375 0.4673611111111111 0.06796875 0.15694444444444444
1 0.227734375 0.49722222222222223 0.05859375 0.15555555555555556