2 0.41051562500000005 0.5711481481481482 0.07338020833333332 0.19970370370370372
2 0.31462500000000004 0.6203240740740741 0.0808125 0.22167592592592592
2 0.038598958333333336 0.619287037037037 0.06521875 0.18487037037037038
2 0.4091510416666667 0.7985277777777777 0.09277604166666667 0.3002962962962963
2 0.4935208333333333 0.5447685185185185 0.053187500000000006 0.19323148148148148
2 0.5438437500000001 0.5248611111111111 0.053572916666666665 0.20898148148148146
2 0.5805625 0.4855185185185185 0.05408854166666666 0.1951111111111111
2 0.660765625 0.46897222222222223 0.047828125 0.17822222222222223
2 0.6300364583333333 0.42777777777777776 0.043666666666666666 0.14212962962962963
2 0.6096614583333333 0.38993518518518516 0.045885416666666665 0.1289537037037037
2 0.7927864583333334 0.5860740740740741 0.061875 0.22724074074074072
2 0.8615989583333333 0.4562407407407407 0.03673958333333334 0.1481388888888889
2 0.9828125 0.4736018518518519 0.034375 0.15970370370370368
3 0.1936041666666667 0.5330833333333334 0.05101041666666666 0.1536574074074074
1 0.4077864583333334 0.4694351851851852 0.044473958333333334 0.15137037037037035