1 0.31015625 0.3055555555555556 0.05078125 0.1527777777777778
3 0.43515625 0.25555555555555554 0.0484375 0.14027777777777778
3 0.734765625 0.7888888888888889 0.11171875 0.33194444444444443
2 0.641015625 0.6215277777777778 0.0890625 0.28055555555555556
2 0.6046875 0.38819444444444445 0.053125 0.19027777777777777
2 0.579296875 0.3347222222222222 0.05234375 0.15
2 0.59921875 0.25416666666666665 0.0375 0.125
2 0.8796875 0.4152777777777778 0.071875 0.15694444444444444
2 0.475390625 0.4013888888888889 0.07265625 0.1986111111111111
2 0.363671875 0.4465277777777778 0.0734375 0.2263888888888889
2 0.315625 0.4673611111111111 0.08828125 0.23194444444444445
2 0.24296875 0.45416666666666666 0.1015625 0.2625
2 0.155078125 0.43680555555555556 0.08984375 0.19027777777777777
2 0.074609375 0.5520833333333334 0.11171875 0.25416666666666665
2 0.196484375 0.5756944444444444 0.09375 0.2791666666666667