2 0.18411458333333333 0.5907407407407408 0.04895833333333333 0.15185185185185185
2 0.19817708333333334 0.5828703703703704 0.04739583333333333 0.1527777777777778
2 0.05078125 0.6351851851851852 0.057291666666666664 0.15925925925925927
2 0.31328125 0.4185185185185185 0.05677083333333333 0.14629629629629629
2 0.34375 0.40324074074074073 0.04010416666666667 0.10925925925925926
2 0.45416666666666666 0.3685185185185185 0.06354166666666666 0.15648148148148147
2 0.7611979166666667 0.44722222222222224 0.04739583333333333 0.17037037037037037
2 0.84375 0.4060185185185185 0.05625 0.1685185185185185
2 0.9091145833333333 0.30416666666666664 0.04375 0.14351851851851852
2 0.890625 0.524074074074074 0.06145833333333333 0.21574074074074073
2 0.8158854166666667 0.6671296296296296 0.07135416666666666 0.24074074074074073
3 0.31223958333333335 0.33101851851851855 0.049479166666666664 0.13703703703703704
1 0.13489583333333333 0.4050925925925926 0.053125 0.1425925925925926