1 0.3847421875 0.29134722222222226 0.047859374999999996 0.15398611111111113
3 0.53915625 0.22122222222222224 0.03378125 0.148
3 0.673390625 0.8357638888888889 0.09131249999999999 0.3284722222222222
2 0.6102421875 0.4188611111111111 0.0822109375 0.27475
2 0.6879140625 0.35683333333333334 0.053945312499999995 0.2155277777777778
2 0.668578125 0.28197222222222224 0.0582421875 0.16533333333333333
2 0.8045703124999999 0.3063888888888889 0.07372656250000001 0.17944444444444443
2 0.9642578125 0.38379166666666664 0.071484375 0.21158333333333335
2 0.8052890625 0.552625 0.0764609375 0.2645138888888889
2 0.3797890625 0.4549722222222222 0.06400781250000001 0.18030555555555555
2 0.3922265625 0.43459722222222225 0.0641328125 0.19512500000000002
2 0.4340859375 0.4322777777777778 0.0658203125 0.2090138888888889
2 0.3829765625 0.6451944444444445 0.1367890625 0.3107638888888889
2 0.20010937499999998 0.48412499999999997 0.084859375 0.2015833333333333
2 0.0974453125 0.5071527777777778 0.10479687499999998 0.23143055555555556