1 0.58046875 0.4773148148148148 0.07447916666666667 0.1935185185185185
3 0.49453125 0.38796296296296295 0.04479166666666667 0.13055555555555556
3 0.13776041666666666 0.5625 0.10989583333333333 0.27870370370370373
2 0.17890625 0.41574074074074074 0.059375 0.19074074074074074
2 0.2794270833333333 0.4236111111111111 0.07083333333333333 0.23148148148148148
2 0.21640625 0.3055555555555556 0.04739583333333333 0.13148148148148148
2 0.20572916666666666 0.30972222222222223 0.04375 0.1388888888888889
2 0.34270833333333334 0.3958333333333333 0.058854166666666666 0.17777777777777778
2 0.34088541666666666 0.36666666666666664 0.05364583333333333 0.1648148148148148
2 0.39140625 0.45092592592592595 0.058854166666666666 0.18055555555555555
2 0.5041666666666667 0.5472222222222223 0.06458333333333334 0.2111111111111111
2 0.5723958333333333 0.7712962962962963 0.0953125 0.3111111111111111
2 0.6864583333333333 0.6212962962962963 0.07291666666666667 0.2111111111111111
2 0.90234375 0.7245370370370371 0.0640625 0.19537037037037036