1 0.6088125 0.4048611111111111 0.050703125 0.13797222222222222
3 0.82 0.4552083333333333 0.0355703125 0.12984722222222222
3 0.06340625 0.4419027777777778 0.040609374999999996 0.12869444444444444
2 0.2014140625 0.43680555555555556 0.04059375 0.15555555555555556
2 0.2651484375 0.46931944444444446 0.03915625 0.15345833333333334
2 0.4032265625 0.4115833333333333 0.043171875 0.10973611111111112
2 0.41084375 0.3799861111111111 0.0362734375 0.10443055555555555
2 0.4508828125 0.3537222222222222 0.0238984375 0.095875
2 0.44059375 0.43159722222222224 0.026765624999999998 0.11968055555555555
2 0.45094531250000003 0.44131944444444443 0.0227265625 0.12059722222222222
2 0.5459296874999999 0.48911111111111116 0.026492187499999997 0.13054166666666667
2 0.7203984375 0.6129166666666667 0.05771875 0.216125
2 0.714859375 0.5188472222222222 0.0427421875 0.1414027777777778