2 0.526171875 0.41041666666666665 0.090625 0.22916666666666666
2 0.362109375 0.4423611111111111 0.0921875 0.24166666666666667
2 0.373828125 0.36875 0.1015625 0.20833333333333334
2 0.275390625 0.34652777777777777 0.07421875 0.16805555555555557
2 0.08125 0.38055555555555554 0.08828125 0.19166666666666668
2 0.045703125 0.2548611111111111 0.0625 0.1527777777777778
2 0.030078125 0.2743055555555556 0.04375 0.1388888888888889
2 0.4671875 0.8152777777777778 0.13359375 0.3013888888888889
2 0.431640625 0.8736111111111111 0.15546875 0.25277777777777777
2 0.559375 0.5847222222222223 0.078125 0.21944444444444444
3 0.819140625 0.48055555555555557 0.0625 0.16666666666666666
1 0.591796875 0.41944444444444445 0.0625 0.1375