2 0.18130208333333334 0.5514814814814815 0.043328125 0.14648148148148146
2 0.1955572916666667 0.5452314814814815 0.041895833333333334 0.14787037037037035
2 0.046609374999999995 0.5793703703703704 0.05128645833333333 0.15364814814814814
2 0.3168385416666667 0.39549074074074075 0.05138541666666666 0.14005555555555554
2 0.34802083333333333 0.3841574074074074 0.03588541666666667 0.10535185185185185
2 0.45940624999999996 0.3630925925925926 0.05788020833333333 0.14933333333333335
2 0.7627135416666667 0.479962962962963 0.04078645833333334 0.16548148148148148
2 0.8466927083333334 0.44872222222222224 0.049890625 0.16318518518518518
2 0.915890625 0.3554537037037037 0.03855729166666667 0.1386851851851852
2 0.8887447916666668 0.5726481481481481 0.05327083333333334 0.2096574074074074
2 0.808671875 0.7060740740740741 0.06239583333333333 0.23344444444444445
3 0.31925000000000003 0.30800925925925926 0.044484375 0.13175925925925927
1 0.13943750000000002 0.3598518518518518 0.047890625 0.13728703703703704