1 0.7171875 0.5861111111111111 0.04921875 0.15
3 0.578125 0.5458333333333333 0.03515625 0.12777777777777777
3 0.150390625 0.6715277777777777 0.0703125 0.21944444444444444
2 0.26484375 0.6048611111111111 0.0546875 0.1763888888888889
2 0.250390625 0.5548611111111111 0.0390625 0.16111111111111112
2 0.4078125 0.5951388888888889 0.05625 0.1597222222222222
2 0.466796875 0.5986111111111111 0.04140625 0.1875
2 0.509375 0.5902777777777778 0.0375 0.15555555555555556
2 0.54453125 0.6409722222222223 0.0515625 0.1875
2 0.807421875 0.7194444444444444 0.0578125 0.2111111111111111
2 0.580078125 0.8819444444444444 0.09140625 0.2361111111111111
2 0.970703125 0.7381944444444445 0.0515625 0.18611111111111112
2 0.441796875 0.5423611111111111 0.02734375 0.10972222222222222