1 0.751171875 0.5402777777777777 0.053125 0.11388888888888889
3 0.57265625 0.5854166666666667 0.06171875 0.17777777777777778
3 0.49921875 0.6368055555555555 0.07109375 0.19166666666666668
2 0.509375 0.5777777777777777 0.0421875 0.13055555555555556
2 0.523046875 0.5555555555555556 0.0453125 0.15833333333333333
2 0.53515625 0.5763888888888888 0.04765625 0.1486111111111111
2 0.391796875 0.6645833333333333 0.0765625 0.18472222222222223
2 0.253125 0.6694444444444444 0.07421875 0.20833333333333334
2 0.051171875 0.7229166666666667 0.0609375 0.15555555555555556
2 0.606640625 0.5930555555555556 0.06328125 0.19305555555555556
2 0.678125 0.5722222222222222 0.0546875 0.1763888888888889
2 0.71640625 0.5868055555555556 0.04453125 0.1736111111111111
2 0.85078125 0.5326388888888889 0.0578125 0.2013888888888889
2 0.846875 0.5763888888888888 0.053125 0.1736111111111111