1 0.47145312500000003 0.3732685185185185 0.06503645833333334 0.19746296296296295
3 0.5351197916666667 0.32813888888888887 0.03872916666666667 0.15813888888888888
3 0.7194166666666667 0.4660740740740741 0.059671875 0.2117777777777778
2 0.6206614583333334 0.33462037037037035 0.05616666666666667 0.16183333333333333
2 0.6032135416666667 0.39363888888888887 0.042109375 0.15487037037037035
2 0.5595312499999999 0.5004444444444445 0.0628125 0.23189814814814813
2 0.5085572916666666 0.3897037037037037 0.05331770833333334 0.20717592592592593
2 0.28930208333333335 0.7044444444444444 0.09917187499999999 0.3181481481481482
2 0.177265625 0.6037777777777779 0.048276041666666665 0.19552777777777777
2 0.16684895833333335 0.567787037037037 0.048276041666666665 0.21382407407407408
2 0.43792708333333336 0.74125 0.07480729166666666 0.27600925925925923
2 0.8733177083333333 0.4217592592592593 0.04455208333333334 0.19489814814814815
2 0.8912187500000001 0.3959537037037037 0.060822916666666664 0.19652777777777777
2 0.6605677083333333 0.23232407407407407 0.04092708333333333 0.15169444444444447
2 0.6937031250000001 0.23915740740740743 0.03819270833333333 0.13062962962962965