2 0.53515625 0.4236111111111111 0.084375 0.2388888888888889
2 0.467578125 0.4388888888888889 0.08671875 0.24027777777777778
2 0.328515625 0.6020833333333333 0.10625 0.2791666666666667
2 0.319140625 0.49930555555555556 0.09296875 0.20416666666666666
2 0.1921875 0.5826388888888889 0.08671875 0.22361111111111112
2 0.20546875 0.6861111111111111 0.11328125 0.2569444444444444
2 0.107421875 0.6652777777777777 0.10078125 0.23055555555555557
2 0.651171875 0.5729166666666666 0.11015625 0.28888888888888886
2 0.697265625 0.2881944444444444 0.0734375 0.22083333333333333
2 0.626171875 0.24305555555555555 0.08125 0.20555555555555555
2 0.6421875 0.16875 0.0625 0.16111111111111112
2 0.949609375 0.1763888888888889 0.05859375 0.15138888888888888
3 0.491796875 0.2388888888888889 0.0578125 0.15555555555555556
3 0.606640625 0.71875 0.103125 0.3194444444444444
1 0.3515625 0.34444444444444444 0.0734375 0.1763888888888889