1 0.58146875 0.5715 0.0533046875 0.13234722222222223
3 0.44274218750000005 0.5570416666666667 0.0505859375 0.13906944444444444
3 0.2585078125 0.6189444444444444 0.0649296875 0.19112500000000002
2 0.208578125 0.569763888888889 0.0366875 0.11361111111111111
2 0.1689921875 0.5961527777777778 0.0512734375 0.16636111111111113
2 0.10792968750000001 0.5989305555555556 0.046328125 0.15340277777777778
2 0.23865625000000001 0.8324305555555556 0.0681875 0.3009722222222222
2 0.369703125 0.6363055555555556 0.032109375 0.16565277777777776
2 0.379140625 0.5680277777777778 0.0392734375 0.15411111111111112
2 0.48264843749999997 0.5113333333333334 0.0353515625 0.11016666666666666
2 0.5142187500000001 0.7072361111111111 0.06594531249999999 0.2033472222222222
2 0.5959218749999999 0.6947361111111111 0.06398437500000001 0.2153888888888889