2 0.49140625 0.5902777777777778 0.058854166666666666 0.25092592592592594
2 0.42161458333333335 0.5106481481481482 0.05572916666666667 0.23796296296296296
2 0.38333333333333336 0.4791666666666667 0.046875 0.19074074074074074
2 0.33645833333333336 0.41759259259259257 0.0453125 0.13148148148148148
2 0.3268229166666667 0.3800925925925926 0.0375 0.1361111111111111
2 0.27421875 0.45694444444444443 0.0390625 0.17314814814814813
2 0.21484375 0.5013888888888889 0.06041666666666667 0.18518518518518517
2 0.09817708333333333 0.5592592592592592 0.04739583333333333 0.21666666666666667
2 0.04791666666666667 0.4597222222222222 0.04479166666666667 0.14629629629629629
2 0.41067708333333336 0.7777777777777778 0.09166666666666666 0.2833333333333333
2 0.7934895833333333 0.5796296296296296 0.058854166666666666 0.2111111111111111
2 0.9268229166666667 0.5935185185185186 0.04583333333333333 0.175
3 0.8203125 0.5023148148148148 0.03697916666666667 0.18888888888888888
1 0.60234375 0.4486111111111111 0.05677083333333333 0.15555555555555556