1 0.618359375 0.3958333333333333 0.06796875 0.19166666666666668
3 0.801171875 0.4513888888888889 0.059375 0.18472222222222223
2 0.728125 0.5388888888888889 0.078125 0.20833333333333334
2 0.562890625 0.49375 0.06875 0.2111111111111111
2 0.475390625 0.4486111111111111 0.05546875 0.19583333333333333
2 0.501171875 0.6118055555555556 0.10703125 0.2361111111111111
2 0.505078125 0.48680555555555555 0.06796875 0.16527777777777777
2 0.069921875 0.5208333333333334 0.08828125 0.225
2 0.228515625 0.42569444444444443 0.075 0.21388888888888888
2 0.346875 0.44027777777777777 0.06796875 0.1638888888888889
2 0.386328125 0.4409722222222222 0.07109375 0.1986111111111111
2 0.29296875 0.40555555555555556 0.0671875 0.1375
2 0.287109375 0.38819444444444445 0.04140625 0.16944444444444445