1 0.6921875 0.4041666666666667 0.08203125 0.23333333333333334
3 0.90546875 0.4708333333333333 0.0671875 0.1875
2 0.847265625 0.5652777777777778 0.07578125 0.20694444444444443
2 0.7796875 0.6194444444444445 0.11875 0.26944444444444443
2 0.691015625 0.5333333333333333 0.09375 0.225
2 0.507421875 0.5020833333333333 0.065625 0.25277777777777777
2 0.48359375 0.4861111111111111 0.07734375 0.16944444444444445
2 0.486328125 0.45069444444444445 0.053125 0.15555555555555556
2 0.528125 0.45555555555555555 0.06484375 0.18055555555555555
2 0.462109375 0.37430555555555556 0.0609375 0.17916666666666667
2 0.45390625 0.3368055555555556 0.03671875 0.14027777777777778
2 0.48671875 0.3194444444444444 0.0484375 0.14027777777777778
2 0.273828125 0.3347222222222222 0.06953125 0.16527777777777777