3 0.897265625 0.45 0.13046875 0.31666666666666665
2 0.671875 0.525 0.11484375 0.31527777777777777
2 0.765625 0.3597222222222222 0.0875 0.24027777777777778
2 0.581640625 0.4361111111111111 0.0671875 0.20555555555555555
2 0.631640625 0.30486111111111114 0.04765625 0.15138888888888888
2 0.596875 0.3104166666666667 0.046875 0.14444444444444443
2 0.3859375 0.76875 0.14140625 0.3625
2 0.23125 0.5236111111111111 0.065625 0.2125
2 0.243359375 0.4326388888888889 0.05 0.15
2 0.170703125 0.48541666666666666 0.0609375 0.16944444444444445
2 0.0234375 0.6083333333333333 0.046875 0.21388888888888888