2 0.381640625 0.4638888888888889 0.08984375 0.23333333333333334
2 0.296484375 0.48333333333333334 0.090625 0.20694444444444443
2 0.233984375 0.4388888888888889 0.06640625 0.19166666666666668
2 0.208984375 0.4736111111111111 0.0828125 0.2111111111111111
2 0.19765625 0.5 0.065625 0.18888888888888888
2 0.50234375 0.46041666666666664 0.0953125 0.2125
2 0.5203125 0.3645833333333333 0.05546875 0.17083333333333334
2 0.584375 0.3173611111111111 0.08359375 0.18611111111111112
2 0.624609375 0.275 0.0796875 0.1875
2 0.720703125 0.2847222222222222 0.065625 0.19722222222222222
2 0.927734375 0.2625 0.07734375 0.1763888888888889
2 0.373828125 0.8097222222222222 0.11875 0.3625
3 0.50625 0.23402777777777778 0.05390625 0.12083333333333333
3 0.748046875 0.8131944444444444 0.1234375 0.26944444444444443
1 0.35546875 0.3347222222222222 0.07109375 0.16944444444444445