3 0.7734375 0.3111111111111111 0.0671875 0.18888888888888888
3 0.146484375 0.4340277777777778 0.08203125 0.20694444444444443
1 0.378515625 0.30486111111111114 0.0796875 0.16527777777777777
2 0.394921875 0.4326388888888889 0.07890625 0.25833333333333336
2 0.248828125 0.5097222222222222 0.08984375 0.22777777777777777
2 0.130078125 0.5965277777777778 0.06953125 0.18333333333333332
2 0.20625 0.7131944444444445 0.0828125 0.2625
2 0.509375 0.37430555555555556 0.04609375 0.1986111111111111
2 0.575390625 0.32083333333333336 0.05078125 0.1597222222222222
2 0.605859375 0.29930555555555555 0.0515625 0.16527777777777777
2 0.6125 0.24027777777777778 0.04296875 0.14027777777777778
2 0.646484375 0.20902777777777778 0.04375 0.12638888888888888
2 0.656640625 0.3659722222222222 0.05234375 0.19305555555555556
2 0.8171875 0.38333333333333336 0.071875 0.2222222222222222