2 0.3020833333333333 0.6263888888888889 0.07291666666666667 0.20462962962962963
3 0.15208333333333332 0.4305555555555556 0.0625 0.19074074074074074
2 0.39921875 0.33287037037037037 0.04635416666666667 0.17314814814814813
2 0.20260416666666667 0.3351851851851852 0.04479166666666667 0.15555555555555556
2 0.4375 0.20092592592592592 0.04375 0.12037037037037036
2 0.45625 0.24583333333333332 0.0375 0.1175925925925926
2 0.6552083333333333 0.45 0.058333333333333334 0.17407407407407408
2 0.8247395833333333 0.512962962962963 0.0640625 0.17777777777777778
2 0.93828125 0.6050925925925926 0.07239583333333334 0.2175925925925926
2 0.53359375 0.4888888888888889 0.0453125 0.15555555555555556
2 0.5494791666666666 0.4236111111111111 0.04895833333333333 0.17685185185185184
2 0.58359375 0.4726851851851852 0.034895833333333334 0.15648148148148147
1 0.7390625 0.29814814814814816 0.051041666666666666 0.15925925925925927
3 0.8979166666666667 0.3675925925925926 0.05416666666666667 0.1648148148148148