2 0.500875 0.30730555555555555 0.077015625 0.20906481481481481
2 0.43480208333333337 0.35544444444444445 0.07897395833333333 0.23125925925925925
2 0.3615625 0.2698148148148148 0.06401041666666667 0.18963888888888888
2 0.2980885416666667 0.2996759259259259 0.060760416666666664 0.1891574074074074
2 0.21300520833333333 0.2433148148148148 0.055953125000000006 0.19450925925925924
2 0.1643072916666667 0.3630833333333333 0.0991875 0.1956203703703704
2 0.44313541666666667 0.15225 0.048765625 0.17672222222222222
2 0.4954114583333334 0.17377777777777778 0.04003645833333334 0.15958333333333333
2 0.6821822916666667 0.38657407407407407 0.05290625 0.25415740740740744
2 0.8419375 0.567787037037037 0.05522916666666667 0.2415925925925926
2 0.6128489583333334 0.700287037037037 0.08741666666666667 0.27278703703703705
2 0.5995677083333334 0.8560185185185185 0.09210416666666667 0.287962962962963
3 0.1579947916666667 0.48308333333333336 0.056614583333333336 0.23885185185185184
1 0.7424010416666668 0.29191666666666666 0.052244791666666665 0.18060185185185187
3 0.6864114583333334 0.19228703703703703 0.04444270833333333 0.16883333333333334