1 0.558203125 0.3611111111111111 0.0703125 0.2111111111111111
3 0.583984375 0.40902777777777777 0.0859375 0.21944444444444444
3 0.10703125 0.4701388888888889 0.125 0.26944444444444443
2 0.18984375 0.30833333333333335 0.0671875 0.24027777777777778
2 0.3421875 0.3173611111111111 0.05546875 0.17777777777777778
2 0.354296875 0.2708333333333333 0.0609375 0.18472222222222223
2 0.36015625 0.41944444444444445 0.0546875 0.2013888888888889
2 0.401171875 0.3541666666666667 0.071875 0.2111111111111111
2 0.415234375 0.4173611111111111 0.053125 0.19305555555555556
2 0.437109375 0.4388888888888889 0.046875 0.1986111111111111
2 0.480078125 0.4097222222222222 0.046875 0.2013888888888889
2 0.540234375 0.48194444444444445 0.0890625 0.24305555555555555
2 0.541015625 0.6854166666666667 0.1015625 0.3680555555555556
2 0.769140625 0.5034722222222222 0.06015625 0.23055555555555557
2 0.9453125 0.5354166666666667 0.0703125 0.2652777777777778