1 0.516890625 0.3375138888888889 0.049148437499999996 0.15605555555555556
3 0.5164375 0.23568055555555556 0.036515625 0.11905555555555555
3 0.7513828124999999 0.40243055555555557 0.067609375 0.16319444444444445
2 0.70815625 0.3692222222222222 0.0488671875 0.14076388888888888
2 0.6379140624999999 0.3129861111111111 0.0372890625 0.11625
2 0.6851796875 0.2849861111111111 0.025039062499999997 0.12043055555555554
2 0.7199375 0.28231944444444446 0.0294609375 0.13130555555555556
2 0.7537265625 0.31275000000000003 0.030632812500000002 0.12968055555555555
2 0.6034140625 0.35025 0.0333828125 0.14909722222222221
2 0.54853125 0.38797222222222216 0.0421171875 0.15140277777777778
2 0.4471015625 0.4092638888888889 0.039781250000000004 0.16065277777777778
2 0.25114843750000004 0.4278888888888889 0.056734375000000004 0.16781944444444444
2 0.12921875 0.49536111111111114 0.0589609375 0.17543055555555556
2 0.29190625 0.6304027777777778 0.06271875 0.22929166666666667
2 0.9195390625 0.6955416666666667 0.0666796875 0.274875