2 0.291015625 0.5076388888888889 0.08046875 0.20416666666666666
2 0.14765625 0.5159722222222223 0.096875 0.20972222222222223
2 0.3796875 0.47847222222222224 0.05078125 0.15555555555555556
2 0.38359375 0.4097222222222222 0.0390625 0.14305555555555555
2 0.401171875 0.41944444444444445 0.03984375 0.1361111111111111
2 0.477734375 0.5076388888888889 0.05625 0.1763888888888889
2 0.537109375 0.6284722222222222 0.05859375 0.2
2 0.5375 0.5631944444444444 0.05078125 0.15833333333333333
2 0.51015625 0.41458333333333336 0.0390625 0.12777777777777777
2 0.664453125 0.47291666666666665 0.04375 0.13333333333333333
2 0.09453125 0.6395833333333333 0.09375 0.2625
3 0.42578125 0.5083333333333333 0.08046875 0.2222222222222222
3 0.3453125 0.3972222222222222 0.07109375 0.1597222222222222
1 0.236328125 0.3798611111111111 0.0609375 0.15833333333333333