2 0.18671875 0.6680555555555555 0.0609375 0.2
2 0.380078125 0.6298611111111111 0.071875 0.2263888888888889
2 0.439453125 0.5729166666666666 0.07265625 0.18888888888888888
2 0.481640625 0.49930555555555556 0.0640625 0.15694444444444444
2 0.520703125 0.48819444444444443 0.05 0.17083333333333334
2 0.5515625 0.4583333333333333 0.0515625 0.15416666666666667
2 0.7046875 0.47430555555555554 0.06171875 0.16666666666666666
2 0.648828125 0.4444444444444444 0.034375 0.09444444444444444
2 0.616796875 0.4479166666666667 0.04375 0.14444444444444443
3 0.680078125 0.45555555555555555 0.04921875 0.1361111111111111
2 0.67734375 0.4076388888888889 0.0390625 0.11666666666666667
2 0.61640625 0.41041666666666665 0.0390625 0.12916666666666668
3 0.130078125 0.5756944444444444 0.0484375 0.15555555555555556
1 0.353125 0.4875 0.04609375 0.1486111111111111