2 0.591015625 0.36875 0.1078125 0.24305555555555555
2 0.433984375 0.47152777777777777 0.09140625 0.23472222222222222
2 0.237890625 0.5618055555555556 0.09921875 0.22361111111111112
2 0.270703125 0.7284722222222222 0.153125 0.35555555555555557
2 0.019140625 0.5888888888888889 0.03828125 0.15833333333333333
2 0.612109375 0.22152777777777777 0.05546875 0.1597222222222222
2 0.59375 0.18472222222222223 0.0375 0.10138888888888889
2 0.637890625 0.24513888888888888 0.05859375 0.18472222222222223
2 0.66015625 0.2520833333333333 0.0484375 0.1527777777777778
2 0.696875 0.22847222222222222 0.040625 0.12083333333333333
2 0.749609375 0.21944444444444444 0.07109375 0.16527777777777777
2 0.75078125 0.3451388888888889 0.078125 0.21805555555555556
3 0.517578125 0.22361111111111112 0.04453125 0.1361111111111111
3 0.750390625 0.6520833333333333 0.11484375 0.32222222222222224
1 0.40390625 0.3229166666666667 0.06640625 0.17222222222222222