2 0.33177083333333335 0.5824074074074074 0.058854166666666666 0.19537037037037036
2 0.2640625 0.6472222222222223 0.08072916666666667 0.23055555555555557
2 0.4140625 0.8425925925925926 0.10833333333333334 0.3148148148148148
2 0.5028645833333333 0.5805555555555556 0.075 0.2388888888888889
2 0.434375 0.5148148148148148 0.07083333333333333 0.2212962962962963
2 0.5192708333333333 0.45601851851851855 0.07395833333333333 0.20833333333333334
2 0.5721354166666667 0.44212962962962965 0.0609375 0.1712962962962963
2 0.7419270833333333 0.5083333333333333 0.07708333333333334 0.25
2 0.8182291666666667 0.4597222222222222 0.053125 0.1787037037037037
2 0.9375 0.4027777777777778 0.050520833333333334 0.15925925925925927
2 0.9791666666666666 0.44537037037037036 0.041666666666666664 0.17962962962962964
3 0.07942708333333333 0.5814814814814815 0.07083333333333333 0.1962962962962963
1 0.28098958333333335 0.5078703703703704 0.0765625 0.15925925925925927