2 0.26927083333333335 0.24351851851851852 0.05625 0.11574074074074074
2 0.22135416666666666 0.26342592592592595 0.05260416666666667 0.13518518518518519
2 0.24427083333333333 0.31851851851851853 0.04895833333333333 0.14074074074074075
2 0.5338541666666666 0.28703703703703703 0.04895833333333333 0.13055555555555556
2 0.5395833333333333 0.37916666666666665 0.0421875 0.14166666666666666
2 0.6526041666666667 0.3189814814814815 0.04635416666666667 0.14722222222222223
2 0.7236979166666667 0.3597222222222222 0.0390625 0.12407407407407407
2 0.80390625 0.40694444444444444 0.05 0.15092592592592594
2 0.940625 0.6064814814814815 0.051041666666666666 0.1675925925925926
2 0.98203125 0.663425925925926 0.0328125 0.18611111111111112
3 0.09296875 0.2708333333333333 0.05625 0.14074074074074075
1 0.94609375 0.41064814814814815 0.0421875 0.1287037037037037