2 0.702734375 0.5555555555555556 0.0875 0.21805555555555556
2 0.946484375 0.6409722222222223 0.06171875 0.1736111111111111
2 0.657421875 0.7111111111111111 0.11484375 0.29583333333333334
2 0.52265625 0.4826388888888889 0.06328125 0.18472222222222223
2 0.460546875 0.38472222222222224 0.06875 0.2013888888888889
2 0.434375 0.39305555555555555 0.0765625 0.20694444444444443
2 0.383984375 0.3104166666666667 0.08671875 0.18333333333333332
2 0.440625 0.24166666666666667 0.04921875 0.1486111111111111
2 0.334375 0.3840277777777778 0.06171875 0.15416666666666667
2 0.32578125 0.33055555555555555 0.06953125 0.1388888888888889
2 0.290234375 0.37569444444444444 0.07890625 0.1986111111111111
2 0.2578125 0.2916666666666667 0.07421875 0.15416666666666667
3 0.091796875 0.31805555555555554 0.071875 0.1597222222222222
3 0.874609375 0.4895833333333333 0.06015625 0.18055555555555555
1 0.573046875 0.3472222222222222 0.05234375 0.15138888888888888