2 0.4578125 0.6756944444444445 0.06484375 0.17083333333333334
2 0.22109375 0.6597222222222222 0.05859375 0.16944444444444445
2 0.319921875 0.8055555555555556 0.1078125 0.2916666666666667
2 0.5328125 0.6118055555555556 0.053125 0.1375
2 0.57109375 0.5958333333333333 0.040625 0.1361111111111111
2 0.56875 0.5555555555555556 0.04140625 0.11388888888888889
2 0.532421875 0.5333333333333333 0.0359375 0.10555555555555556
2 0.601171875 0.6034722222222222 0.05625 0.1486111111111111
2 0.665625 0.6763888888888889 0.06796875 0.17916666666666667
2 0.72734375 0.6875 0.071875 0.15694444444444444
2 0.760546875 0.5875 0.0390625 0.13055555555555556
3 0.1546875 0.6111111111111112 0.05078125 0.1597222222222222
1 0.34375 0.59375 0.053125 0.15833333333333333