1 0.31768229166666667 0.3569629629629629 0.06219270833333333 0.13937962962962963
3 0.08931249999999999 0.43796296296296294 0.07419791666666667 0.16249074074074074
2 0.5586875 0.2201851851851852 0.03638541666666666 0.10193518518518518
2 0.5791302083333334 0.2759537037037037 0.053828125 0.16255555555555556
2 0.6784687500000001 0.34688888888888886 0.051994791666666665 0.18174074074074073
2 0.56415625 0.43807407407407406 0.04211458333333333 0.15114814814814817
2 0.5425416666666667 0.4612222222222222 0.040552083333333336 0.1696574074074074
2 0.5099895833333333 0.45335185185185184 0.04836979166666667 0.18169444444444444
2 0.33864583333333337 0.5845740740740741 0.10671875 0.20802777777777776
2 0.16463541666666667 0.5497407407407408 0.06728645833333333 0.17772222222222223
2 0.722609375 0.6729722222222222 0.07516666666666666 0.26446296296296296
2 0.8801510416666667 0.32108333333333333 0.030880208333333332 0.1741111111111111
2 0.26521354166666666 0.7297962962962963 0.06402083333333333 0.21375925925925926