1 0.3969765625 0.2785 0.05150781250000001 0.1259861111111111
3 0.5037421875 0.23036111111111113 0.035867187499999995 0.13155555555555556
3 0.6305546875 0.7231944444444445 0.1124140625 0.3047222222222222
2 0.50315625 0.3894722222222222 0.0464140625 0.16505555555555557
2 0.47327343749999995 0.4149305555555556 0.0374375 0.13265277777777779
2 0.44834375 0.42198611111111106 0.038351562500000005 0.14444444444444443
2 0.18742187500000002 0.4582083333333334 0.058171875 0.17752777777777776
2 0.24600781249999998 0.6168472222222222 0.092015625 0.2841666666666667
2 0.6472265625 0.3586944444444444 0.0467890625 0.15441666666666667
2 0.6347890625 0.31945833333333334 0.04040625 0.14772222222222223
2 0.6503515625 0.287875 0.0374140625 0.15166666666666667
2 0.68309375 0.31622222222222224 0.0469140625 0.16901388888888888
2 0.7782734375 0.4125 0.0627890625 0.19490277777777779
2 0.8738359375 0.3721111111111111 0.06642187499999999 0.17200000000000001