1 0.6109375 0.3236111111111111 0.07578125 0.1486111111111111
3 0.80078125 0.34444444444444444 0.0609375 0.1388888888888889
3 0.019140625 0.5631944444444444 0.03828125 0.2375
2 0.08125 0.3770833333333333 0.059375 0.16805555555555557
2 0.22890625 0.5430555555555555 0.0984375 0.23333333333333334
2 0.29609375 0.3909722222222222 0.053125 0.16944444444444445
2 0.2859375 0.2965277777777778 0.053125 0.1527777777777778
2 0.33046875 0.3125 0.05 0.15555555555555556
2 0.34921875 0.36875 0.0546875 0.16805555555555557
2 0.405859375 0.3951388888888889 0.0609375 0.18611111111111112
2 0.468359375 0.44583333333333336 0.07578125 0.19722222222222222
2 0.651171875 0.43194444444444446 0.0859375 0.2361111111111111
2 0.669140625 0.5180555555555556 0.06796875 0.23333333333333334
2 0.7828125 0.44166666666666665 0.0625 0.19583333333333333
2 0.9671875 0.4263888888888889 0.06328125 0.20277777777777778