2 0.5963802083333333 0.5279814814814815 0.07140624999999999 0.19902777777777778
2 0.67371875 0.5701018518518519 0.09066666666666667 0.22770370370370369
2 0.7841302083333334 0.5982314814814815 0.06669270833333334 0.19367592592592592
2 0.8089322916666667 0.6213611111111111 0.07854166666666668 0.2769814814814815
2 0.5578385416666667 0.78475 0.07765625 0.3630185185185185
2 0.350625 0.6042407407407407 0.06817708333333333 0.26125
2 0.39053125000000005 0.46411111111111114 0.0685625 0.19164814814814815
2 0.47093229166666667 0.41886111111111113 0.05358333333333333 0.17291666666666666
2 0.4834322916666667 0.44605555555555554 0.047328125000000006 0.1740648148148148
2 0.5159166666666667 0.4935 0.061515625 0.1995
2 0.5146770833333333 0.3856574074074074 0.036911458333333334 0.13196296296296298
3 0.6280833333333333 0.41285185185185186 0.03715625 0.12385185185185184
1 0.7587395833333334 0.47440740740740744 0.05497916666666667 0.15437962962962962
3 0.14620833333333336 0.7020185185185185 0.07601562499999999 0.2785740740740741