3 0.10494791666666667 0.6921296296296297 0.09375 0.22314814814814815
3 0.790625 0.2412037037037037 0.0640625 0.175
1 0.6354166666666666 0.2638888888888889 0.06822916666666666 0.18425925925925926
2 0.3515625 0.33055555555555555 0.0703125 0.1712962962962963
2 0.29192708333333334 0.46620370370370373 0.090625 0.2
2 0.17760416666666667 0.5222222222222223 0.090625 0.19907407407407407
2 0.40078125 0.3699074074074074 0.07291666666666667 0.17222222222222222
2 0.46328125 0.4703703703703704 0.08125 0.20555555555555555
2 0.4908854166666667 0.45046296296296295 0.06302083333333333 0.16111111111111112
2 0.5544270833333333 0.42268518518518516 0.07291666666666667 0.17314814814814813
2 0.625 0.5055555555555555 0.08645833333333333 0.1962962962962963
2 0.5888020833333333 0.5828703703703704 0.121875 0.2490740740740741
2 0.7020833333333333 0.4273148148148148 0.071875 0.175
2 0.7299479166666667 0.4097222222222222 0.0734375 0.2
2 0.77890625 0.5541666666666667 0.08541666666666667 0.21666666666666667