1 0.616796875 0.34375 0.0734375 0.175
3 0.513671875 0.27569444444444446 0.0515625 0.14305555555555555
3 0.21171875 0.7180555555555556 0.08203125 0.25972222222222224
2 0.16328125 0.4951388888888889 0.096875 0.23055555555555557
2 0.11171875 0.3763888888888889 0.071875 0.1638888888888889
2 0.26171875 0.37916666666666665 0.084375 0.175
2 0.360546875 0.43472222222222223 0.08984375 0.19305555555555556
2 0.373046875 0.3076388888888889 0.05390625 0.12916666666666668
2 0.41484375 0.2638888888888889 0.04140625 0.14027777777777778
2 0.518359375 0.4673611111111111 0.06953125 0.17083333333333334
2 0.566796875 0.48819444444444443 0.065625 0.20277777777777778
2 0.59609375 0.48541666666666666 0.05703125 0.17222222222222222
2 0.615625 0.6333333333333333 0.08515625 0.24305555555555555
2 0.80703125 0.49375 0.06953125 0.20972222222222223