1 0.66015625 0.5506944444444445 0.0609375 0.15694444444444444
3 0.57578125 0.5277777777777778 0.04921875 0.12916666666666668
3 0.153125 0.7451388888888889 0.07578125 0.23472222222222222
2 0.178515625 0.6333333333333333 0.06171875 0.18333333333333332
2 0.18984375 0.5618055555555556 0.05390625 0.11666666666666667
2 0.375 0.5722222222222222 0.0453125 0.11666666666666667
2 0.4046875 0.5479166666666667 0.04453125 0.12361111111111112
2 0.476171875 0.5166666666666667 0.03203125 0.10833333333333334
2 0.46015625 0.59375 0.04453125 0.1361111111111111
2 0.506640625 0.6020833333333333 0.03359375 0.15555555555555556
2 0.498828125 0.5930555555555556 0.03046875 0.15
2 0.4734375 0.7736111111111111 0.05859375 0.2513888888888889
2 0.743359375 0.6631944444444444 0.03984375 0.19583333333333333
2 0.98984375 0.6256944444444444 0.0203125 0.1597222222222222