1 0.3328125 0.3458333333333333 0.0609375 0.1537037037037037
3 0.39557291666666666 0.2569444444444444 0.0625 0.16111111111111112
3 0.9708333333333333 0.8037037037037037 0.058333333333333334 0.24074074074074073
2 0.8359375 0.5157407407407407 0.09479166666666666 0.2537037037037037
2 0.7151041666666667 0.32685185185185184 0.06145833333333333 0.21296296296296297
2 0.8729166666666667 0.30833333333333335 0.07395833333333333 0.17222222222222222
2 0.57578125 0.4125 0.07864583333333333 0.1935185185185185
2 0.5549479166666667 0.25787037037037036 0.0515625 0.15
2 0.5091145833333334 0.20555555555555555 0.04010416666666667 0.12777777777777777
2 0.5169270833333334 0.4652777777777778 0.052083333333333336 0.2101851851851852
2 0.4203125 0.6083333333333333 0.06666666666666667 0.20185185185185187
2 0.3723958333333333 0.5458333333333333 0.08385416666666666 0.20833333333333334
2 0.18932291666666667 0.5453703703703704 0.08385416666666666 0.20462962962962963
2 0.60625 0.8032407407407407 0.11510416666666666 0.29907407407407405