2 0.3720416666666667 0.44362962962962965 0.057630208333333335 0.1807777777777778
2 0.22549999999999998 0.4417685185185185 0.08616145833333334 0.21410185185185185
2 0.20089583333333336 0.5193055555555556 0.07079687500000001 0.21638888888888888
2 0.29776562500000003 0.2684351851851852 0.035375000000000004 0.14057407407407407
2 0.34509375000000003 0.2846296296296296 0.053203125000000004 0.17296296296296299
2 0.5065416666666667 0.2789629629629629 0.03235416666666666 0.15468518518518518
2 0.49573437499999995 0.2505 0.028968749999999998 0.13941666666666666
2 0.5972916666666667 0.42430555555555555 0.06541666666666666 0.19536111111111112
2 0.6485260416666667 0.5270555555555556 0.07543229166666668 0.2342037037037037
2 0.9079479166666666 0.49292592592592593 0.056526041666666665 0.19139814814814815
2 0.58459375 0.7669351851851851 0.08559895833333334 0.29498148148148146
3 0.18624479166666666 0.7476203703703703 0.09488541666666667 0.21699074074074073
3 0.672875 0.20964814814814814 0.027776041666666664 0.12485185185185185
1 0.7586770833333334 0.30395370370370367 0.050942708333333336 0.15837962962962965