2 0.42578125 0.7529722222222222 0.1417421875 0.35912499999999997
2 0.6353203125 0.8353194444444444 0.170203125 0.3293611111111111
2 0.1939140625 0.5580416666666667 0.0708671875 0.2748055555555556
2 0.150671875 0.41815277777777776 0.060265625 0.20931944444444445
2 0.2374453125 0.41418055555555555 0.059710937500000005 0.19345833333333332
2 0.3119453125 0.35862499999999997 0.0502265625 0.1696388888888889
2 0.39453125 0.4196388888888889 0.072546875 0.2043611111111111
2 0.46428906249999996 0.4077361111111111 0.049109375 0.1686527777777778
2 0.6202578125 0.5064444444444445 0.079796875 0.21925000000000003
2 0.8604921875 0.34970833333333334 0.0669609375 0.17559722222222224
2 0.478515625 0.3566527777777778 0.0731015625 0.1259861111111111