1 0.33307291666666666 0.4486111111111111 0.0765625 0.16018518518518518
3 0.17109375 0.42268518518518516 0.0796875 0.1787037037037037
2 0.13880208333333333 0.5592592592592592 0.096875 0.20833333333333334
2 0.26119791666666664 0.5578703703703703 0.1203125 0.24537037037037038
2 0.40963541666666664 0.5365740740740741 0.096875 0.22685185185185186
2 0.5127604166666667 0.5370370370370371 0.07708333333333334 0.1824074074074074
2 0.5338541666666666 0.5 0.058854166666666666 0.17962962962962964
2 0.5919270833333333 0.49675925925925923 0.06614583333333333 0.18518518518518517
2 0.65703125 0.537962962962963 0.0671875 0.20277777777777778
2 0.6466145833333333 0.5194444444444445 0.06510416666666667 0.17592592592592593
2 0.6734375 0.4837962962962963 0.05260416666666667 0.15925925925925927
2 0.75546875 0.49953703703703706 0.05625 0.16203703703703703
2 0.7875 0.5717592592592593 0.07604166666666666 0.19907407407407407
2 0.87734375 0.6041666666666666 0.08177083333333333 0.18611111111111112
2 0.5088541666666667 0.75 0.10625 0.29814814814814816