2 0.501171875 0.41041666666666665 0.08515625 0.23194444444444445
2 0.5703125 0.3229166666666667 0.08828125 0.22361111111111112
2 0.58125 0.29097222222222224 0.05625 0.15416666666666667
2 0.594140625 0.25625 0.04375 0.1625
2 0.60390625 0.2388888888888889 0.03671875 0.13472222222222222
2 0.8390625 0.1638888888888889 0.0609375 0.18611111111111112
2 0.776953125 0.4027777777777778 0.090625 0.2625
2 0.3671875 0.6770833333333334 0.096875 0.2972222222222222
2 0.331640625 0.49930555555555556 0.1140625 0.2569444444444444
2 0.1390625 0.6083333333333333 0.0921875 0.21388888888888888
1 0.314453125 0.4 0.0671875 0.19583333333333333
3 0.432421875 0.30625 0.06953125 0.16111111111111112
3 0.759765625 0.5868055555555556 0.12421875 0.31527777777777777