3 0.203125 0.4634259259259259 0.08333333333333333 0.19074074074074074
1 0.34609375 0.45694444444444443 0.078125 0.1648148148148148
2 0.278125 0.5689814814814815 0.06302083333333333 0.20925925925925926
2 0.3888020833333333 0.5314814814814814 0.071875 0.18518518518518517
2 0.4583333333333333 0.5217592592592593 0.06875 0.20833333333333334
2 0.49947916666666664 0.5166666666666667 0.0671875 0.21296296296296297
2 0.5359375 0.5087962962962963 0.0625 0.2037037037037037
2 0.5981770833333333 0.4703703703703704 0.05572916666666667 0.1537037037037037
2 0.61953125 0.5097222222222222 0.04635416666666667 0.17407407407407408
2 0.6942708333333333 0.4648148148148148 0.053125 0.15925925925925927
2 0.89609375 0.5504629629629629 0.04895833333333333 0.15185185185185185
2 0.8364583333333333 0.7055555555555556 0.07447916666666667 0.2675925925925926
2 0.47630208333333335 0.7430555555555556 0.12083333333333333 0.31296296296296294
2 0.3875 0.7416666666666667 0.13854166666666667 0.3638888888888889