1 0.6390625 0.2972222222222222 0.0796875 0.2152777777777778
3 0.496484375 0.2701388888888889 0.07109375 0.17916666666666667
3 0.22734375 0.5659722222222222 0.1078125 0.21388888888888888
2 0.206640625 0.45208333333333334 0.0765625 0.18888888888888888
2 0.285546875 0.4513888888888889 0.078125 0.2263888888888889
2 0.3359375 0.33611111111111114 0.03359375 0.12777777777777777
2 0.363671875 0.3451388888888889 0.05703125 0.14305555555555555
2 0.40234375 0.41458333333333336 0.0609375 0.17916666666666667
2 0.39921875 0.38125 0.0375 0.11805555555555555
2 0.41484375 0.37777777777777777 0.0421875 0.14722222222222223
2 0.359375 0.45694444444444443 0.071875 0.2125
2 0.548046875 0.42291666666666666 0.046875 0.18333333333333332
2 0.787890625 0.43680555555555556 0.0578125 0.20277777777777778
2 0.926953125 0.4270833333333333 0.05625 0.17916666666666667
2 0.59375 0.7430555555555556 0.09296875 0.29444444444444445