1 0.330640625 0.5007962962962963 0.06336458333333334 0.14233333333333334
3 0.16854166666666667 0.5254444444444445 0.06468229166666667 0.16153703703703703
2 0.15005208333333334 0.6700925925925927 0.07978645833333334 0.18693518518518518
2 0.27042187500000003 0.6308611111111111 0.10047916666666666 0.21726851851851853
2 0.4146197916666667 0.5640925925925926 0.07767708333333333 0.20641666666666666
2 0.5161770833333333 0.5323888888888889 0.062036458333333336 0.1661574074074074
2 0.5334270833333333 0.48956481481481484 0.04315625 0.16849074074074075
2 0.5903229166666667 0.4682777777777778 0.05018229166666666 0.1722037037037037
2 0.6583541666666667 0.4888703703703704 0.04952083333333333 0.19025
2 0.6461822916666667 0.47394444444444445 0.04991666666666667 0.16271296296296295
2 0.6690989583333333 0.4304351851851852 0.038453125 0.14976851851851852
2 0.7516458333333333 0.42060185185185184 0.042088541666666666 0.15092592592592594
2 0.7900520833333334 0.4820462962962963 0.05901041666666666 0.18353703703703703
2 0.8816510416666666 0.4859814814814815 0.066421875 0.16825925925925925
2 0.5331666666666667 0.7433333333333333 0.08013541666666667 0.2773981481481481