1 0.236328125 0.3625 0.06015625 0.16944444444444445
3 0.34296875 0.33819444444444446 0.05234375 0.16527777777777777
3 0.830078125 0.9284722222222223 0.10703125 0.14305555555555555
2 0.7046875 0.64375 0.09140625 0.2152777777777778
2 0.718359375 0.5256944444444445 0.06015625 0.15138888888888888
2 0.68984375 0.5375 0.0578125 0.15833333333333333
2 0.5421875 0.5111111111111111 0.0640625 0.18888888888888888
2 0.514453125 0.4875 0.065625 0.18194444444444444
2 0.4921875 0.5006944444444444 0.07734375 0.20416666666666666
2 0.4375 0.5319444444444444 0.1125 0.2625
2 0.400390625 0.6090277777777777 0.08203125 0.24166666666666667
2 0.106640625 0.4701388888888889 0.09609375 0.25416666666666665
2 0.476171875 0.8465277777777778 0.09765625 0.2638888888888889
2 0.923046875 0.8493055555555555 0.1109375 0.23472222222222222