2 0.452734375 0.41458333333333336 0.08046875 0.20694444444444443
2 0.430078125 0.4152777777777778 0.06328125 0.16805555555555557
2 0.38125 0.49375 0.1015625 0.2263888888888889
2 0.25625 0.5340277777777778 0.11015625 0.225
2 0.094921875 0.6631944444444444 0.08828125 0.1986111111111111
2 0.309765625 0.7222222222222222 0.1640625 0.3375
2 0.759765625 0.43680555555555556 0.1359375 0.2722222222222222
2 0.90078125 0.1875 0.06171875 0.175
2 0.6390625 0.26458333333333334 0.07109375 0.17083333333333334
2 0.595703125 0.2791666666666667 0.07890625 0.1638888888888889
2 0.55625 0.22430555555555556 0.08828125 0.19583333333333333
3 0.464453125 0.2375 0.0640625 0.14444444444444443
3 0.846875 0.7673611111111112 0.10390625 0.22777777777777777
1 0.326171875 0.34791666666666665 0.0625 0.14444444444444443