2 0.463671875 0.39861111111111114 0.059375 0.19027777777777777
2 0.44140625 0.39166666666666666 0.04609375 0.15555555555555556
2 0.384375 0.45 0.08046875 0.20277777777777778
2 0.257421875 0.44305555555555554 0.08984375 0.19722222222222222
2 0.084765625 0.5097222222222222 0.06953125 0.17777777777777778
2 0.28828125 0.6472222222222223 0.13359375 0.29583333333333334
2 0.761328125 0.5340277777777778 0.1109375 0.2388888888888889
2 0.928515625 0.3423611111111111 0.04375 0.1638888888888889
2 0.66328125 0.3215277777777778 0.05390625 0.15555555555555556
2 0.61953125 0.31875 0.0640625 0.14444444444444443
2 0.587109375 0.25069444444444444 0.0703125 0.1763888888888889
3 0.49609375 0.2298611111111111 0.05078125 0.13055555555555556
3 0.808203125 0.8895833333333333 0.0828125 0.20416666666666666
1 0.348046875 0.28680555555555554 0.0484375 0.13055555555555556