1 0.3765625 0.3326388888888889 0.0796875 0.18194444444444444
3 0.489453125 0.21944444444444444 0.05234375 0.1486111111111111
3 0.527734375 0.6229166666666667 0.09140625 0.25972222222222224
2 0.4734375 0.5097222222222222 0.0796875 0.24166666666666667
2 0.466015625 0.45555555555555555 0.06875 0.1986111111111111
2 0.408984375 0.44166666666666665 0.05546875 0.18194444444444444
2 0.2921875 0.49236111111111114 0.11171875 0.27361111111111114
2 0.519921875 0.4930555555555556 0.0640625 0.2013888888888889
2 0.53515625 0.42430555555555555 0.06796875 0.17777777777777778
2 0.562890625 0.3701388888888889 0.05703125 0.18611111111111112
2 0.60546875 0.31805555555555554 0.0546875 0.1527777777777778
2 0.6296875 0.28680555555555554 0.06640625 0.1875
2 0.640234375 0.23472222222222222 0.05703125 0.15694444444444444
2 0.587890625 0.19236111111111112 0.053125 0.14722222222222223
2 0.84765625 0.2326388888888889 0.08828125 0.20277777777777778