2 0.4032265625 0.3944583333333333 0.0379609375 0.13102777777777777
2 0.41246875000000005 0.3691111111111111 0.033015625 0.10581944444444444
2 0.41754687500000004 0.44663888888888886 0.035359375 0.145125
2 0.34945312500000003 0.4863333333333334 0.036148437500000005 0.15275
2 0.232140625 0.5605 0.049960937500000004 0.18766666666666668
2 0.04778125 0.6025138888888889 0.056234375 0.19066666666666668
2 0.3949609375 0.5799444444444445 0.0565859375 0.2265416666666667
2 0.2351328125 0.81125 0.095015625 0.3396388888888889
3 0.5750234375 0.6190555555555556 0.0547421875 0.20755555555555555
2 0.718765625 0.6296944444444444 0.087015625 0.2566111111111111
2 0.6222265625000001 0.4114583333333333 0.0405390625 0.12293055555555556
1 0.13396875 0.45959722222222227 0.0723671875 0.18030555555555555