2 0.27578125 0.73125 0.05390625 0.21388888888888888
2 0.208984375 0.6243055555555556 0.040625 0.14583333333333334
2 0.56328125 0.7784722222222222 0.0625 0.3138888888888889
2 0.646875 0.6444444444444445 0.04453125 0.1736111111111111
2 0.893359375 0.6097222222222223 0.0546875 0.18888888888888888
2 0.610546875 0.5986111111111111 0.04765625 0.1736111111111111
2 0.577734375 0.6034722222222222 0.040625 0.1625
2 0.541796875 0.6090277777777777 0.04609375 0.17083333333333334
2 0.467578125 0.5625 0.028125 0.11944444444444445
2 0.488671875 0.5819444444444445 0.0359375 0.12222222222222222
3 0.12734375 0.8618055555555556 0.078125 0.2652777777777778
3 0.637890625 0.5159722222222223 0.03203125 0.11944444444444445
1 0.747265625 0.5319444444444444 0.0484375 0.14305555555555555