1 0.61953125 0.35138888888888886 0.0765625 0.17777777777777778
3 0.51796875 0.2763888888888889 0.05390625 0.14583333333333334
3 0.207421875 0.7 0.08671875 0.2638888888888889
2 0.163671875 0.4736111111111111 0.10078125 0.2361111111111111
2 0.114453125 0.35208333333333336 0.07421875 0.16805555555555557
2 0.264453125 0.3638888888888889 0.0875 0.17916666666666667
2 0.362109375 0.4263888888888889 0.09375 0.19722222222222222
2 0.376953125 0.3 0.05625 0.13194444444444445
2 0.41953125 0.2590277777777778 0.04375 0.14166666666666666
2 0.519140625 0.46875 0.07265625 0.1736111111111111
2 0.566796875 0.49236111111111114 0.06875 0.20694444444444443
2 0.596484375 0.49166666666666664 0.06015625 0.175
2 0.612890625 0.6402777777777777 0.08984375 0.24861111111111112
2 0.80703125 0.5125 0.0734375 0.21388888888888888