1 0.8119791666666667 0.2689814814814815 0.06354166666666666 0.16296296296296298
3 0.07890625 0.5120370370370371 0.08072916666666667 0.1648148148148148
3 0.9315104166666667 0.3111111111111111 0.04375 0.14814814814814814
2 0.421875 0.33611111111111114 0.05364583333333333 0.14537037037037037
2 0.2838541666666667 0.35648148148148145 0.058854166666666666 0.16296296296296298
2 0.19140625 0.4074074074074074 0.0734375 0.14351851851851852
2 0.27630208333333334 0.5069444444444444 0.06666666666666667 0.1675925925925926
2 0.29244791666666664 0.8583333333333333 0.07135416666666666 0.24166666666666667
2 0.47317708333333336 0.4736111111111111 0.058333333333333334 0.15555555555555556
2 0.5674479166666667 0.2810185185185185 0.050520833333333334 0.14537037037037037
2 0.6260416666666667 0.4041666666666667 0.05260416666666667 0.15925925925925927
2 0.63203125 0.34305555555555556 0.05416666666666667 0.1425925925925926
2 0.6736979166666667 0.3907407407407407 0.04583333333333333 0.14537037037037037
2 0.8625 0.44537037037037036 0.04791666666666667 0.19814814814814816
2 0.93515625 0.538425925925926 0.0609375 0.20462962962962963