1 0.7109375 0.6263888888888889 0.0578125 0.15555555555555556
3 0.575 0.5604166666666667 0.0421875 0.13333333333333333
3 0.1421875 0.6055555555555555 0.08203125 0.22916666666666666
2 0.26015625 0.5604166666666667 0.0640625 0.18333333333333332
2 0.2484375 0.5083333333333333 0.04765625 0.16527777777777777
2 0.402734375 0.5770833333333333 0.06484375 0.16805555555555557
2 0.461328125 0.5923611111111111 0.0515625 0.19166666666666668
2 0.50390625 0.5916666666666667 0.04609375 0.1597222222222222
2 0.536328125 0.6479166666666667 0.06171875 0.19444444444444445
2 0.79296875 0.7756944444444445 0.06875 0.21944444444444444
2 0.55625 0.8854166666666666 0.1046875 0.22916666666666666
2 0.95390625 0.8243055555555555 0.06171875 0.19166666666666668
2 0.439453125 0.53125 0.0328125 0.1125