2 0.6073177083333333 0.654925925925926 0.07244270833333334 0.2376296296296296
2 0.7291197916666667 0.49674074074074076 0.08297395833333333 0.2245
2 0.9179114583333334 0.5173425925925926 0.04909895833333333 0.1795925925925926
2 0.49911979166666665 0.49153703703703705 0.06178125 0.17937037037037037
2 0.3238020833333334 0.47070370370370374 0.07182812499999999 0.184
2 0.21091666666666667 0.5561018518518519 0.08824479166666667 0.2112777777777778
2 0.27758333333333335 0.33971296296296294 0.04969791666666667 0.14425
2 0.4091510416666667 0.34423148148148147 0.03548958333333333 0.11855555555555555
2 0.427703125 0.32432407407407404 0.040046875 0.11578703703703704
2 0.4283541666666667 0.3289537037037037 0.04916145833333333 0.14355555555555555
2 0.4175520833333334 0.3645925925925926 0.024942708333333334 0.14076851851851852
2 0.419890625 0.26380555555555557 0.029630208333333335 0.10354629629629629
3 0.5461875 0.2906481481481481 0.03742708333333333 0.1294537037037037
3 0.028963541666666665 0.7499259259259259 0.05115625 0.24939814814814817
1 0.6136302083333334 0.3455 0.0473125 0.12341666666666666