1 0.7661458333333333 0.33564814814814814 0.08854166666666667 0.2351851851851852
3 0.9309895833333334 0.34305555555555556 0.08020833333333334 0.2490740740740741
3 0.4375 0.687037037037037 0.08854166666666667 0.2851851851851852
2 0.41119791666666666 0.4930555555555556 0.13333333333333333 0.3074074074074074
2 0.2950520833333333 0.44675925925925924 0.08020833333333334 0.22592592592592592
2 0.203125 0.5333333333333333 0.08020833333333334 0.2388888888888889
2 0.13958333333333334 0.3486111111111111 0.07239583333333334 0.21481481481481482
2 0.3828125 0.21944444444444444 0.07604166666666666 0.18703703703703703
2 0.4270833333333333 0.2638888888888889 0.06302083333333333 0.17685185185185184
2 0.38619791666666664 0.7226851851851852 0.096875 0.29814814814814816
2 0.5653645833333333 0.43425925925925923 0.10260416666666666 0.2518518518518518
2 0.6674479166666667 0.4962962962962963 0.0515625 0.17314814814814813
2 0.73984375 0.5189814814814815 0.07239583333333334 0.18981481481481483
2 0.7002604166666667 0.6444444444444445 0.07864583333333333 0.29444444444444445