1 0.18175520833333333 0.36377777777777776 0.05595833333333333 0.18312037037037038
3 0.23494270833333333 0.2708611111111111 0.041239583333333336 0.1431111111111111
3 0.9004635416666668 0.8315092592592592 0.09232812500000001 0.27135185185185184
2 0.5675416666666667 0.27028703703703705 0.04888020833333333 0.1535277777777778
2 0.4799166666666667 0.33335185185185184 0.05852604166666667 0.18475
2 0.3251041666666667 0.4542777777777778 0.07443229166666666 0.1835462962962963
2 0.279796875 0.5175740740740741 0.07235416666666666 0.13653703703703704
2 0.27042187500000003 0.6093333333333334 0.06922916666666666 0.18812037037037035
2 0.22328645833333333 0.6866296296296296 0.08433854166666667 0.2223425925925926
2 0.2687916666666667 0.7403240740740741 0.06206770833333333 0.21862037037037038
2 0.419890625 0.6318981481481482 0.08691666666666667 0.2448148148148148
2 0.5386354166666667 0.4366851851851852 0.053572916666666665 0.17614814814814816
2 0.7341979166666667 0.2994444444444444 0.054072916666666665 0.1562962962962963
2 0.795390625 0.3554537037037037 0.051458333333333335 0.17571296296296296
2 0.6841354166666667 0.7190277777777777 0.09066145833333333 0.2871296296296296