2 0.42421875 0.5229166666666667 0.12578125 0.2125
2 0.505859375 0.5173611111111112 0.08828125 0.2569444444444444
2 0.505859375 0.6416666666666667 0.0953125 0.2791666666666667
2 0.775 0.9222222222222223 0.09375 0.15555555555555556
2 0.65234375 0.5048611111111111 0.07265625 0.21666666666666667
2 0.64140625 0.38125 0.0828125 0.18888888888888888
2 0.58359375 0.38263888888888886 0.06015625 0.175
2 0.558984375 0.26180555555555557 0.07265625 0.1625
2 0.795703125 0.4479166666666667 0.08515625 0.23055555555555557
2 0.9828125 0.5201388888888889 0.034375 0.14583333333333334
3 0.20703125 0.31875 0.08203125 0.15833333333333333
1 0.440625 0.3104166666666667 0.05703125 0.15555555555555556