2 0.2003046875 0.495 0.10217968749999999 0.22797222222222221
2 0.3982109375 0.77075 0.1125703125 0.2910416666666667
2 0.3266640625 0.8629583333333334 0.1296328125 0.2740694444444445
2 0.685046875 0.6440416666666666 0.08988281249999999 0.28530555555555553
2 0.5476875 0.43772222222222223 0.067765625 0.17591666666666667
2 0.43499218749999996 0.4196666666666667 0.0806640625 0.1953611111111111
2 0.44215625000000003 0.44629166666666664 0.065296875 0.1791527777777778
2 0.3755546875 0.47706944444444443 0.09330468750000001 0.22681944444444443
2 0.6558828125 0.362625 0.0784296875 0.19469444444444445
2 0.6329687500000001 0.32640277777777776 0.0534296875 0.15234722222222222
2 0.728796875 0.3118194444444444 0.047171875 0.16486111111111112
2 0.898578125 0.3692222222222222 0.07943750000000001 0.17779166666666665
3 0.47125781250000004 0.2591805555555556 0.04771875 0.12205555555555556
1 0.3167109375 0.3142638888888889 0.0537265625 0.139625