3 0.16484375 0.5680555555555555 0.04765625 0.1486111111111111
3 0.65546875 0.6965277777777777 0.05390625 0.18333333333333332
1 0.313671875 0.5631944444444444 0.05234375 0.1388888888888889
2 0.1140625 0.6263888888888889 0.065625 0.2
2 0.023046875 0.6388888888888888 0.04609375 0.18055555555555555
2 0.322265625 0.7527777777777778 0.0640625 0.2777777777777778
2 0.3390625 0.6597222222222222 0.0515625 0.19305555555555556
2 0.424609375 0.6243055555555556 0.04296875 0.1763888888888889
2 0.46875 0.6069444444444444 0.0484375 0.16805555555555557
2 0.54765625 0.5645833333333333 0.03984375 0.14583333333333334
2 0.58046875 0.6131944444444445 0.04296875 0.1375
2 0.52109375 0.6534722222222222 0.06328125 0.1875
2 0.606640625 0.6868055555555556 0.06328125 0.2388888888888889
2 0.763671875 0.625 0.04140625 0.14444444444444443