2 0.23203125 0.56875 0.0328125 0.1388888888888889
2 0.145703125 0.6548611111111111 0.04921875 0.19722222222222222
2 0.471875 0.5173611111111112 0.03203125 0.10694444444444444
2 0.410546875 0.54375 0.02890625 0.12361111111111112
2 0.425390625 0.5826388888888889 0.025 0.1527777777777778
2 0.441015625 0.5895833333333333 0.03046875 0.14166666666666666
2 0.477734375 0.6118055555555556 0.0328125 0.1625
2 0.601953125 0.6326388888888889 0.0421875 0.1597222222222222
2 0.81171875 0.6618055555555555 0.06484375 0.19305555555555556
2 0.63828125 0.8479166666666667 0.09921875 0.2972222222222222
3 0.584375 0.525 0.03984375 0.11944444444444445
3 0.206640625 0.71875 0.06328125 0.22361111111111112
1 0.666796875 0.5638888888888889 0.02890625 0.12916666666666668