1 0.2875 0.35694444444444445 0.06197916666666667 0.16203703703703703
3 0.33359375 0.26851851851851855 0.08697916666666666 0.2212962962962963
2 0.44817708333333334 0.1837962962962963 0.059895833333333336 0.14166666666666666
2 0.51328125 0.2337962962962963 0.0640625 0.175
2 0.6270833333333333 0.23148148148148148 0.07864583333333333 0.18333333333333332
2 0.70234375 0.20879629629629629 0.0546875 0.15462962962962962
2 0.5526041666666667 0.4199074074074074 0.08125 0.18611111111111112
2 0.56171875 0.35 0.0625 0.18055555555555555
2 0.4953125 0.41435185185185186 0.08125 0.1962962962962963
2 0.34140625 0.5412037037037037 0.09322916666666667 0.225
2 0.2953125 0.5925925925925926 0.08854166666666667 0.20462962962962963
2 0.29453125 0.5435185185185185 0.1046875 0.21851851851851853
2 0.40130208333333334 0.8356481481481481 0.14010416666666667 0.28425925925925927
2 0.7901041666666667 0.3875 0.09375 0.25