1 0.4025078125 0.2750277777777778 0.0664765625 0.16995833333333335
3 0.22967187500000003 0.31055555555555553 0.0632421875 0.1785138888888889
3 0.9448593750000001 0.4299722222222222 0.048320312500000004 0.2043888888888889
2 0.6453984375 0.43286111111111114 0.0639765625 0.19859722222222223
2 0.5687734375 0.33738888888888885 0.05786718749999999 0.21368055555555554
2 0.5987890625000001 0.2811666666666667 0.0540859375 0.1521388888888889
2 0.577953125 0.2341805555555556 0.043671875 0.11836111111111111
2 0.634265625 0.28370833333333334 0.035203125 0.1711111111111111
2 0.6665546875 0.28602777777777777 0.05290625 0.14797222222222223
2 0.4575234375 0.3938611111111111 0.0501953125 0.20625
2 0.42457812500000003 0.39618055555555554 0.049421875 0.19236111111111112
2 0.368921875 0.4116805555555556 0.0409609375 0.20948611111111112
2 0.1200390625 0.4089166666666667 0.0679453125 0.18541666666666667
2 0.1924921875 0.6255277777777778 0.09176562499999999 0.25754166666666667