2 0.2328125 0.5770833333333333 0.034375 0.14027777777777778
2 0.147265625 0.6652777777777777 0.05078125 0.1986111111111111
2 0.471875 0.51875 0.0328125 0.10833333333333334
2 0.4109375 0.5465277777777777 0.0296875 0.125
2 0.426171875 0.5847222222222223 0.0265625 0.15416666666666667
2 0.441796875 0.5916666666666667 0.03125 0.14305555555555555
2 0.478515625 0.6125 0.034375 0.1638888888888889
2 0.603515625 0.6291666666666667 0.04375 0.16111111111111112
2 0.812890625 0.6520833333333333 0.0671875 0.19444444444444445
2 0.641796875 0.8430555555555556 0.10234375 0.3
3 0.584765625 0.5229166666666667 0.04140625 0.12083333333333333
3 0.208984375 0.7277777777777777 0.065625 0.225
1 0.6671875 0.5583333333333333 0.0296875 0.13055555555555556