2 0.5236979166666667 0.612037037037037 0.06666666666666667 0.19907407407407407
2 0.41770833333333335 0.5643518518518519 0.05572916666666667 0.16574074074074074
2 0.7325520833333333 0.49583333333333335 0.06197916666666667 0.16296296296296298
2 0.8497395833333333 0.5189814814814815 0.053125 0.18611111111111112
2 0.8002604166666667 0.3675925925925926 0.05 0.14537037037037037
2 0.46822916666666664 0.3449074074074074 0.05364583333333333 0.125
2 0.41119791666666666 0.4412037037037037 0.03854166666666667 0.12777777777777777
2 0.409375 0.39861111111111114 0.050520833333333334 0.125
2 0.4203125 0.31342592592592594 0.034895833333333334 0.11203703703703703
2 0.13255208333333332 0.5513888888888889 0.0625 0.16203703703703703
1 0.22604166666666667 0.37916666666666665 0.04583333333333333 0.14722222222222223