2 0.418359375 0.6611111111111111 0.140625 0.4041666666666667
2 0.32109375 0.7673611111111112 0.1421875 0.38333333333333336
2 0.566796875 0.5006944444444444 0.0984375 0.2625
2 0.956640625 0.60625 0.08671875 0.2569444444444444
2 0.269921875 0.3236111111111111 0.071875 0.19722222222222222
2 0.3125 0.3368055555555556 0.06796875 0.18194444444444444
2 0.353125 0.32569444444444445 0.04921875 0.1625
2 0.366796875 0.3472222222222222 0.06875 0.2111111111111111
3 0.41328125 0.29305555555555557 0.059375 0.15
3 0.501953125 0.39375 0.071875 0.2013888888888889
1 0.61875 0.3875 0.05859375 0.17777777777777778