2 0.48473437500000005 0.4785833333333333 0.0447265625 0.16270833333333334
2 0.6331640625 0.5134027777777778 0.07075000000000001 0.1652361111111111
2 0.43707812500000004 0.45693055555555556 0.0587890625 0.16341666666666665
2 0.40172656250000005 0.4491805555555556 0.0440859375 0.13633333333333333
2 0.3725 0.43101388888888886 0.04421875 0.1486111111111111
2 0.3477578125 0.4025555555555555 0.0416171875 0.13334722222222223
2 0.2886484375 0.39572222222222225 0.0327734375 0.1266388888888889
2 0.2646953125 0.41875 0.031734374999999995 0.1564861111111111
2 0.10089843750000001 0.476375 0.06351562499999999 0.156
2 0.8060703124999999 0.5649027777777778 0.0415625 0.18258333333333335
3 0.827875 0.49744444444444447 0.055234375 0.16570833333333335
3 0.0595 0.43969444444444444 0.053625 0.15901388888888887
1 0.5680625 0.415625 0.034296875 0.15718055555555555