1 0.354140625 0.294125 0.06218749999999999 0.1502777777777778
3 0.1348828125 0.33358333333333334 0.0715859375 0.17133333333333334
2 0.35609375 0.4469861111111111 0.05307031250000001 0.18516666666666665
2 0.3124765625 0.45149999999999996 0.0517734375 0.1594722222222222
2 0.26573437499999997 0.4619027777777778 0.0494375 0.20344444444444443
2 0.243921875 0.646125 0.082640625 0.28484722222222225
2 0.4932578125 0.6110694444444444 0.10995312500000001 0.26795833333333335
2 0.6597890625 0.6545694444444444 0.10186718749999998 0.25313888888888886
2 0.4834921875 0.43286111111111114 0.0878203125 0.24488888888888888
2 0.5724843749999999 0.386 0.0848203125 0.2275416666666667
2 0.6981328125 0.3927083333333333 0.062671875 0.1530277777777778
2 0.6692265625 0.30419444444444443 0.051734375 0.15420833333333334
2 0.7354296875 0.3012916666666667 0.07346875 0.16925
2 0.9736953125 0.43587499999999996 0.0526015625 0.2185