2 0.5939687499999999 0.43552777777777774 0.0626796875 0.20623611111111112
2 0.7190937500000001 0.4407361111111111 0.0551171875 0.20506944444444444
2 0.798125 0.6994722222222223 0.05953125 0.3521666666666667
2 0.5305625 0.4911805555555555 0.047843750000000004 0.204125
2 0.46311718749999997 0.4215277777777778 0.053578125 0.18055555555555555
2 0.41136718749999995 0.41272222222222227 0.052937500000000005 0.20925
2 0.4032265625 0.3701527777777778 0.027546875 0.15187499999999998
2 0.41859375 0.3739722222222222 0.032234374999999996 0.13868055555555556
2 0.4345390625 0.3571944444444445 0.047203125 0.14447222222222222
2 0.37015625 0.3107916666666667 0.039531250000000004 0.13731944444444444
2 0.3195703125 0.36043055555555553 0.0438359375 0.15094444444444446
2 0.209421875 0.44362500000000005 0.07353125 0.19002777777777777
3 0.2788828125 0.4715138888888889 0.06271875 0.17868055555555556
3 0.8138828124999999 0.3840277777777778 0.0728125 0.18890277777777775
1 0.651 0.3193472222222222 0.0569453125 0.16831944444444444