1 0.66796875 0.3548611111111111 0.09375 0.22777777777777777
3 0.9296875 0.4263888888888889 0.090625 0.1986111111111111
3 0.051171875 0.46041666666666664 0.10234375 0.2375
2 0.1734375 0.32430555555555557 0.0671875 0.20694444444444443
2 0.35 0.2791666666666667 0.05859375 0.15
2 0.3984375 0.35138888888888886 0.0578125 0.16944444444444445
2 0.39921875 0.29930555555555555 0.046875 0.12638888888888888
2 0.483203125 0.4027777777777778 0.0671875 0.2111111111111111
2 0.531640625 0.4583333333333333 0.07265625 0.20277777777777778
2 0.5109375 0.3951388888888889 0.0421875 0.16666666666666666
2 0.403515625 0.55625 0.11171875 0.23194444444444445
2 0.619921875 0.5972222222222222 0.0625 0.15138888888888888
2 0.801171875 0.5270833333333333 0.0796875 0.1986111111111111
2 0.9609375 0.5979166666666667 0.078125 0.20694444444444443
2 0.690625 0.7326388888888888 0.1390625 0.33194444444444443