1 0.36240625 0.49245833333333333 0.065703125 0.16270833333333334
3 0.47438281250000003 0.406375 0.050062499999999996 0.14793055555555557
3 0.8554765625 0.8122916666666667 0.11173437500000001 0.2931111111111111
2 0.58603125 0.3924861111111111 0.045492187499999996 0.12941666666666668
2 0.6094609375 0.4204861111111111 0.045492187499999996 0.14375
2 0.61890625 0.502875 0.03703125 0.17890277777777777
2 0.622484375 0.48412499999999997 0.029867187499999996 0.17381944444444444
2 0.6493046875 0.4877222222222223 0.0522578125 0.17404166666666668
2 0.5574453125 0.5630555555555555 0.0703671875 0.1973888888888889
2 0.460640625 0.6702083333333333 0.0837890625 0.203375
2 0.47242968750000003 0.6346805555555556 0.064390625 0.16704166666666667
2 0.344828125 0.6503055555555556 0.0643984375 0.2191111111111111
2 0.8347109375 0.6206805555555556 0.0793203125 0.1969027777777778
2 0.839265625 0.46712499999999996 0.038953125 0.11897222222222222