2 0.5319921875 0.4307777777777778 0.0741484375 0.18980555555555556
2 0.4117578125 0.4344861111111111 0.05111718750000001 0.17869444444444443
2 0.3754921875 0.45612500000000006 0.0632265625 0.17798611111111112
2 0.3269296875 0.4746388888888889 0.06765625 0.17798611111111112
2 0.5847890625 0.37929166666666664 0.0716640625 0.2095
2 0.56409375 0.3667916666666666 0.0328671875 0.19376388888888887
2 0.6493046875 0.29388888888888887 0.030125000000000002 0.15444444444444444
2 0.6234609375 0.24331944444444445 0.047445312499999996 0.14822222222222223
2 0.9133515624999999 0.4253472222222222 0.0894609375 0.185875
2 0.6849765624999999 0.5985694444444445 0.080640625 0.24297222222222223
2 0.7478046875000001 0.7221527777777779 0.0643515625 0.27718055555555554
3 0.1440625 0.35244444444444445 0.0469765625 0.15581944444444445
1 0.4165078125 0.29562499999999997 0.0488984375 0.15097222222222223