2 0.6140859375 0.5554166666666667 0.04953125 0.1589722222222222
2 0.777421875 0.5576111111111112 0.0467734375 0.18420833333333334
2 0.6193593749999999 0.6853611111111111 0.0608515625 0.23969444444444446
2 0.5430625 0.5225416666666667 0.0676328125 0.19509722222222223
2 0.5068671874999999 0.5144444444444444 0.047328125 0.22055555555555556
2 0.4521796875 0.47394444444444445 0.0525390625 0.1904861111111111
2 0.3698984375 0.3586944444444444 0.0390078125 0.13590277777777776
2 0.3813515625 0.389125 0.0327578125 0.12316666666666667
2 0.2803203125 0.4265 0.0525625 0.14652777777777778
2 0.14751562499999998 0.5805138888888889 0.06299218749999999 0.2161388888888889
3 0.0366484375 0.4628333333333333 0.048296875 0.15901388888888887
1 0.6758671875 0.4245416666666667 0.0311640625 0.15416666666666667
3 0.8851015625 0.4854027777777778 0.0511875 0.17868055555555556
2 0.93965625 0.6067916666666666 0.048320312500000004 0.17840277777777777
2 0.107671875 0.41006944444444443 0.0301875 0.15533333333333335