2 0.28046875 0.4986111111111111 0.07265625 0.22083333333333333
2 0.166796875 0.3194444444444444 0.078125 0.17916666666666667
2 0.29453125 0.3125 0.05859375 0.15
2 0.36796875 0.35833333333333334 0.05234375 0.16666666666666666
2 0.36171875 0.3284722222222222 0.04296875 0.1625
2 0.462890625 0.4201388888888889 0.065625 0.18611111111111112
2 0.567578125 0.4798611111111111 0.06640625 0.20416666666666666
2 0.490625 0.6097222222222223 0.075 0.28888888888888886
2 0.522265625 0.5131944444444444 0.0640625 0.24166666666666667
2 0.70859375 0.5208333333333334 0.06796875 0.20694444444444443
2 0.882421875 0.5520833333333334 0.0671875 0.22777777777777777
1 0.6828125 0.4076388888888889 0.05703125 0.17222222222222222
3 0.57734375 0.34791666666666665 0.053125 0.15694444444444444
3 0.13046875 0.5618055555555556 0.1421875 0.2972222222222222