2 0.46461718750000003 0.39745833333333336 0.057874999999999996 0.18797222222222223
2 0.442484375 0.38958333333333334 0.044859375 0.15372222222222223
2 0.3850625 0.44616666666666666 0.07846093750000001 0.19974999999999998
2 0.2581171875 0.4356388888888889 0.0875859375 0.1948888888888889
2 0.0847578125 0.49686111111111114 0.0676875 0.176125
2 0.2866953125 0.6405694444444444 0.130421875 0.29225
2 0.760953125 0.5424444444444444 0.10888281250000001 0.2348888888888889
2 0.9301484375 0.3556805555555555 0.042328125 0.16229166666666667
2 0.665125 0.3262916666666667 0.0526484375 0.15443055555555554
2 0.6211796875 0.32281944444444444 0.0624140625 0.1428611111111111
2 0.589609375 0.2537361111111111 0.06828125 0.17366666666666666
3 0.49866406249999995 0.2300138888888889 0.049148437499999996 0.12855555555555556
3 0.8041796874999999 0.8994166666666668 0.0807578125 0.2011527777777778
1 0.3500390625 0.2824305555555556 0.0474765625 0.12922222222222224