3 0.40078125 0.5398148148148149 0.06927083333333334 0.19907407407407407
3 0.8596354166666667 0.6976851851851852 0.07864583333333333 0.22592592592592592
1 0.38958333333333334 0.44583333333333336 0.0625 0.14351851851851852
2 0.26666666666666666 0.5796296296296296 0.1046875 0.24444444444444444
2 0.28880208333333335 0.5314814814814814 0.08541666666666667 0.18796296296296297
2 0.48854166666666665 0.6847222222222222 0.1484375 0.3296296296296296
2 0.58671875 0.5967592592592592 0.07864583333333333 0.20833333333333334
2 0.58359375 0.5462962962962963 0.06197916666666667 0.18425925925925926
2 0.48776041666666664 0.5199074074074074 0.07552083333333333 0.20925925925925926
2 0.4630208333333333 0.537962962962963 0.07760416666666667 0.2101851851851852
2 0.6359375 0.5203703703703704 0.0578125 0.20092592592592592
2 0.6658854166666667 0.47638888888888886 0.03958333333333333 0.14537037037037037
2 0.7041666666666667 0.4759259259259259 0.04583333333333333 0.16203703703703703
2 0.8848958333333333 0.5634259259259259 0.0640625 0.15
2 0.7893229166666667 0.7166666666666667 0.09322916666666667 0.2916666666666667