2 0.30625 0.5861111111111111 0.0921875 0.2569444444444444
2 0.3296875 0.7472222222222222 0.109375 0.29305555555555557
2 0.455078125 0.5805555555555556 0.08125 0.21388888888888888
2 0.477734375 0.5368055555555555 0.07421875 0.23472222222222222
2 0.51484375 0.5402777777777777 0.08515625 0.23055555555555557
2 0.561328125 0.5284722222222222 0.06953125 0.19722222222222222
2 0.654296875 0.5361111111111111 0.059375 0.19583333333333333
2 0.640234375 0.4895833333333333 0.06640625 0.17222222222222222
2 0.706640625 0.5222222222222223 0.071875 0.15555555555555556
2 0.708203125 0.8847222222222222 0.11328125 0.23055555555555557
2 0.934375 0.7076388888888889 0.0671875 0.175
3 0.42109375 0.36944444444444446 0.06796875 0.16805555555555557
1 0.30859375 0.3645833333333333 0.0828125 0.22916666666666666