1 0.612890625 0.4222222222222222 0.05703125 0.14583333333333334
3 0.82109375 0.5048611111111111 0.0421875 0.13472222222222222
3 0.06796875 0.37430555555555556 0.046875 0.13472222222222222
2 0.20546875 0.3909722222222222 0.0484375 0.16111111111111112
2 0.267578125 0.43333333333333335 0.046875 0.15833333333333333
2 0.4078125 0.3972222222222222 0.0484375 0.11666666666666667
2 0.4171875 0.36666666666666664 0.04140625 0.10972222222222222
2 0.458203125 0.34652777777777777 0.028125 0.09861111111111111
2 0.444140625 0.42291666666666666 0.0328125 0.12361111111111112
2 0.45390625 0.4340277777777778 0.02890625 0.12361111111111112
2 0.54609375 0.4965277777777778 0.0328125 0.13472222222222222
2 0.7140625 0.6465277777777778 0.06796875 0.22361111111111112
2 0.71328125 0.5520833333333334 0.04921875 0.14722222222222223