1 0.19140625 0.4361111111111111 0.0609375 0.16805555555555557
3 0.30859375 0.36527777777777776 0.05234375 0.15138888888888888
3 0.57421875 0.7138888888888889 0.09921875 0.2513888888888889
2 0.451953125 0.4236111111111111 0.05234375 0.14722222222222223
2 0.444140625 0.3736111111111111 0.05234375 0.12083333333333333
2 0.40859375 0.46805555555555556 0.04921875 0.15138888888888888
2 0.422265625 0.5229166666666667 0.05625 0.1625
2 0.37265625 0.48680555555555555 0.05 0.15833333333333333
2 0.260546875 0.6180555555555556 0.0625 0.18333333333333332
2 0.0875 0.6006944444444444 0.078125 0.18055555555555555
2 0.284375 0.725 0.06875 0.2847222222222222
2 0.516015625 0.5631944444444444 0.065625 0.19305555555555556
2 0.6265625 0.42569444444444443 0.05 0.13055555555555556