2 0.344921875 0.7236111111111111 0.0859375 0.25416666666666665
2 0.404296875 0.8520833333333333 0.10234375 0.2902777777777778
2 0.478515625 0.6069444444444444 0.0765625 0.2111111111111111
2 0.488671875 0.55 0.06796875 0.23333333333333334
2 0.523046875 0.525 0.0796875 0.22777777777777777
2 0.5625 0.4798611111111111 0.06484375 0.19583333333333333
2 0.6484375 0.4166666666666667 0.0546875 0.19444444444444445
2 0.624609375 0.3854166666666667 0.0625 0.16944444444444445
2 0.692578125 0.36527777777777776 0.06875 0.15138888888888888
2 0.7890625 0.7263888888888889 0.10625 0.30277777777777776
2 0.94296875 0.36180555555555555 0.06328125 0.17222222222222222
3 0.397265625 0.4409722222222222 0.0640625 0.16527777777777777
1 0.294140625 0.5208333333333334 0.07734375 0.2263888888888889