2 0.463671875 0.4166666666666667 0.0625 0.18472222222222223
2 0.5171875 0.4479166666666667 0.0703125 0.18055555555555555
2 0.7109375 0.49583333333333335 0.06015625 0.18888888888888888
2 0.8859375 0.6 0.05625 0.22777777777777777
2 0.362109375 0.38958333333333334 0.07890625 0.17916666666666667
2 0.3421875 0.45 0.0796875 0.2
2 0.2328125 0.3972222222222222 0.05703125 0.12777777777777777
2 0.20234375 0.4479166666666667 0.07734375 0.2125
2 0.30546875 0.2701388888888889 0.06640625 0.16805555555555557
2 0.373046875 0.3173611111111111 0.08125 0.1638888888888889
2 0.23671875 0.8430555555555556 0.11328125 0.225
3 0.20703125 0.6333333333333333 0.09921875 0.25277777777777777
3 0.490625 0.2826388888888889 0.05078125 0.1361111111111111
1 0.62734375 0.3368055555555556 0.05 0.14166666666666666