3 0.803125 0.5006944444444444 0.06640625 0.19027777777777777
1 0.626171875 0.42986111111111114 0.08125 0.18888888888888888
2 0.70234375 0.5645833333333333 0.07890625 0.20416666666666666
2 0.9484375 0.6305555555555555 0.09609375 0.20694444444444443
2 0.243359375 0.34444444444444444 0.06875 0.2013888888888889
2 0.371875 0.38333333333333336 0.0734375 0.18055555555555555
2 0.391796875 0.2916666666666667 0.053125 0.11944444444444445
2 0.30390625 0.32430555555555557 0.053125 0.16805555555555557
2 0.327734375 0.34652777777777777 0.06328125 0.16944444444444445
2 0.48359375 0.4354166666666667 0.08984375 0.24027777777777778
2 0.44765625 0.4708333333333333 0.08671875 0.2111111111111111
2 0.569921875 0.5291666666666667 0.0859375 0.17222222222222222
2 0.530859375 0.5458333333333333 0.09609375 0.2388888888888889