2 0.45764843749999995 0.6756388888888889 0.064515625 0.17027777777777778
2 0.2209453125 0.6594444444444445 0.058820312500000006 0.16934722222222223
2 0.319765625 0.8057083333333334 0.10802343750000001 0.2915
2 0.5326484375 0.6116527777777777 0.053054687499999996 0.13719444444444445
2 0.5711875 0.5958055555555556 0.040546874999999996 0.13558333333333333
2 0.56884375 0.555875 0.0410703125 0.11361111111111111
2 0.5323828125000001 0.5331944444444444 0.035867187499999995 0.10529166666666667
2 0.601 0.6033194444444444 0.055906250000000005 0.14830555555555555
2 0.6657109375 0.6766805555555555 0.068140625 0.17929166666666668
2 0.7274296875 0.6872222222222223 0.07178124999999999 0.15637500000000001
2 0.7605000000000001 0.5873611111111111 0.0389609375 0.1302638888888889
3 0.154546875 0.6114166666666667 0.051015624999999995 0.159875
1 0.34359375000000003 0.5938333333333333 0.053078125 0.15805555555555556