3 0.561328125 0.22847222222222222 0.07109375 0.175
3 0.453515625 0.6180555555555556 0.1015625 0.2763888888888889
1 0.393359375 0.2152777777777778 0.06875 0.1763888888888889
2 0.115234375 0.24444444444444444 0.0640625 0.1527777777777778
2 0.20546875 0.2673611111111111 0.1109375 0.2625
2 0.309765625 0.29791666666666666 0.1140625 0.25972222222222224
2 0.3234375 0.29305555555555557 0.07578125 0.17916666666666667
2 0.43125 0.3645833333333333 0.08046875 0.2125
2 0.4984375 0.34652777777777777 0.05078125 0.18194444444444444
2 0.52734375 0.37430555555555556 0.071875 0.21944444444444444
2 0.669140625 0.4041666666666667 0.04765625 0.1597222222222222
2 0.669140625 0.35208333333333336 0.04921875 0.15
2 0.65390625 0.2652777777777778 0.05546875 0.14027777777777778
2 0.918359375 0.46944444444444444 0.06875 0.18888888888888888
2 0.758984375 0.5847222222222223 0.07734375 0.23194444444444445