2 0.5013020833333334 0.49027777777777776 0.0546875 0.15
2 0.30859375 0.3282407407407407 0.041666666666666664 0.13518518518518519
2 0.23619791666666667 0.37777777777777777 0.05 0.15833333333333333
2 0.13828125 0.5120370370370371 0.06197916666666667 0.1685185185185185
2 0.21510416666666668 0.6314814814814815 0.06041666666666667 0.19074074074074074
3 0.19296875 0.3287037037037037 0.046875 0.1388888888888889
2 0.5984375 0.26805555555555555 0.05 0.10833333333333334
2 0.7265625 0.4324074074074074 0.042708333333333334 0.15462962962962962
2 0.7049479166666667 0.3449074074074074 0.03697916666666667 0.1111111111111111
2 0.7296875 0.2916666666666667 0.036458333333333336 0.10092592592592593
2 0.85234375 0.5342592592592592 0.05 0.15
2 0.7520833333333333 0.3712962962962963 0.036458333333333336 0.11666666666666667
1 0.95234375 0.39490740740740743 0.059375 0.1638888888888889