2 0.5934895833333333 0.475462962962963 0.06458333333333334 0.21481481481481482
2 0.38723958333333336 0.47175925925925927 0.09010416666666667 0.20555555555555555
2 0.36380208333333336 0.35462962962962963 0.06354166666666666 0.1638888888888889
2 0.42473958333333334 0.35 0.0515625 0.17407407407407408
2 0.44973958333333336 0.3416666666666667 0.0625 0.18425925925925926
2 0.47369791666666666 0.3662037037037037 0.058854166666666666 0.17777777777777778
2 0.79609375 0.36666666666666664 0.06458333333333334 0.17777777777777778
2 0.9666666666666667 0.33425925925925926 0.0609375 0.17962962962962964
2 0.4609375 0.8583333333333333 0.12604166666666666 0.2833333333333333
2 0.18880208333333334 0.6231481481481481 0.08645833333333333 0.22037037037037038
2 0.1375 0.47638888888888886 0.07083333333333333 0.13703703703703704
2 0.21666666666666667 0.41712962962962963 0.0734375 0.1398148148148148
3 0.19140625 0.850462962962963 0.13645833333333332 0.275
3 0.56015625 0.2152777777777778 0.05416666666666667 0.14351851851851852
1 0.6627604166666666 0.23796296296296296 0.06197916666666667 0.1712962962962963