2 0.5990468750000001 0.50125 0.06502604166666666 0.22657407407407407
2 0.8004687500000001 0.5382870370370371 0.053802083333333334 0.18027777777777776
2 0.9485052083333334 0.5740370370370371 0.06081770833333333 0.21058333333333334
2 0.6063385416666667 0.7477314814814814 0.0848125 0.25194444444444447
2 0.4467135416666667 0.4202592592592593 0.041604166666666664 0.1571759259259259
2 0.42503645833333337 0.3978055555555556 0.04121875 0.14468518518518517
2 0.39691145833333336 0.4173611111111111 0.04226041666666667 0.1537037037037037
2 0.22172395833333333 0.5005648148148149 0.06558854166666667 0.19278703703703703
2 0.14594791666666668 0.3269907407407407 0.044244791666666665 0.13267592592592592
2 0.28344270833333335 0.33566666666666667 0.03797916666666667 0.13383333333333333
2 0.40075520833333333 0.27537962962962964 0.051244791666666664 0.14519444444444446
2 0.4584322916666667 0.20328703703703704 0.039 0.10796296296296296
3 0.07043229166666666 0.7914722222222222 0.08070833333333334 0.2422037037037037
3 0.570859375 0.26275925925925925 0.04119791666666666 0.14080555555555554
1 0.6624583333333334 0.3289537037037037 0.05381770833333333 0.17132407407407407