1 0.66171875 0.36041666666666666 0.0640625 0.15694444444444444
3 0.38203125 0.7388888888888889 0.09375 0.275
2 0.2328125 0.6638888888888889 0.0796875 0.25416666666666665
2 0.15859375 0.41944444444444445 0.08125 0.18333333333333332
2 0.33828125 0.36666666666666664 0.053125 0.13472222222222222
2 0.39921875 0.2875 0.046875 0.11527777777777778
2 0.937109375 0.49930555555555556 0.09609375 0.20833333333333334
2 0.69296875 0.6020833333333333 0.0953125 0.23333333333333334
2 0.690625 0.5083333333333333 0.09453125 0.20555555555555555
2 0.698828125 0.4875 0.09140625 0.15
2 0.52734375 0.4326388888888889 0.05859375 0.17083333333333334
2 0.451953125 0.4326388888888889 0.0515625 0.175
2 0.4765625 0.5222222222222223 0.05859375 0.2
2 0.48203125 0.42569444444444443 0.05078125 0.15833333333333333