2 0.5940989583333334 0.513287037037037 0.03950520833333333 0.20435185185185184
2 0.39372395833333335 0.4275462962962963 0.06843229166666666 0.18332407407407408
2 0.3857135416666667 0.30395370370370367 0.045911458333333335 0.14912037037037038
2 0.44554166666666667 0.3236296296296296 0.031447916666666666 0.1653148148148148
2 0.47099479166666663 0.32582407407407404 0.04199479166666666 0.17202777777777778
2 0.49143749999999997 0.35903703703703704 0.03860416666666667 0.1666851851851852
2 0.8052864583333333 0.4882962962962963 0.04520833333333333 0.16362962962962962
2 0.97565625 0.5250925925925927 0.040890625 0.16778703703703704
2 0.415984375 0.8400740740740741 0.09472916666666667 0.2653333333333333
2 0.18110416666666668 0.4955925925925926 0.062468749999999997 0.20087962962962963
2 0.14985416666666668 0.33196296296296296 0.057265625 0.11716666666666667
2 0.234484375 0.3061574074074074 0.059859375000000006 0.11880555555555555
3 0.15506250000000002 0.7182222222222222 0.10934375 0.23690740740740743
3 0.59475 0.24679629629629632 0.038203125 0.13201851851851854
1 0.6916875 0.3096296296296296 0.043270833333333335 0.15814814814814815