2 0.278515625 0.4354166666666667 0.06328125 0.18472222222222223
2 0.42734375 0.47847222222222224 0.0765625 0.2222222222222222
2 0.35625 0.7513888888888889 0.1015625 0.3236111111111111
2 0.772265625 0.5305555555555556 0.090625 0.22777777777777777
2 0.855078125 0.33055555555555555 0.0609375 0.16111111111111112
2 0.60703125 0.41875 0.0875 0.18194444444444444
2 0.579296875 0.34444444444444444 0.04453125 0.14305555555555555
2 0.7015625 0.2722222222222222 0.04765625 0.1125
2 0.6203125 0.2916666666666667 0.0484375 0.1375
1 0.384375 0.29930555555555555 0.06328125 0.14305555555555555
3 0.508984375 0.2423611111111111 0.03984375 0.13055555555555556
3 0.859375 0.7520833333333333 0.09140625 0.29583333333333334