2 0.299609375 0.5034722222222222 0.096875 0.2222222222222222
2 0.27265625 0.5138888888888888 0.0578125 0.18194444444444444
2 0.24296875 0.5534722222222223 0.10078125 0.2875
2 0.266015625 0.7458333333333333 0.12109375 0.3263888888888889
2 0.44375 0.5951388888888889 0.10703125 0.27361111111111114
2 0.455078125 0.4638888888888889 0.09140625 0.27361111111111114
2 0.573046875 0.3368055555555556 0.084375 0.24722222222222223
2 0.61796875 0.33055555555555555 0.06953125 0.2152777777777778
2 0.608203125 0.27152777777777776 0.06484375 0.20277777777777778
2 0.612890625 0.22777777777777777 0.05859375 0.175
2 0.93984375 0.23402777777777778 0.078125 0.23055555555555557
3 0.073046875 0.49444444444444446 0.09375 0.19444444444444445
1 0.34453125 0.33541666666666664 0.059375 0.1638888888888889