1 0.817984375 0.33172222222222225 0.0666875 0.1861388888888889
3 0.1516171875 0.4251111111111111 0.0464609375 0.1530138888888889
2 0.3238046875 0.3649444444444444 0.0457890625 0.13451388888888888
2 0.3926796875 0.34018055555555554 0.055937499999999994 0.15443055555555554
2 0.4993125 0.31322222222222224 0.053054687499999996 0.13059722222222223
2 0.56096875 0.3488472222222222 0.047453125 0.1833611111111111
2 0.5942968750000001 0.3296527777777778 0.0359921875 0.15883333333333333
2 0.62053125 0.39040277777777777 0.037679687499999996 0.19468055555555555
2 0.7331562500000001 0.4410833333333333 0.04678125 0.18030555555555555
2 0.7523593749999999 0.47175000000000006 0.050031250000000006 0.21154166666666668
2 0.831453125 0.5380555555555555 0.074109375 0.23072222222222222
2 0.21033593750000001 0.5393194444444445 0.05192187499999999 0.19855555555555557
2 0.7095859375 0.8635416666666667 0.1064140625 0.27291666666666664