1 0.6118750000000001 0.3332361111111111 0.0685390625 0.16831944444444444
3 0.5068671874999999 0.2746805555555556 0.047328125 0.13918055555555556
3 0.21834375 0.7446111111111111 0.0744453125 0.2526388888888889
2 0.16365625 0.526125 0.0900703125 0.22309722222222222
2 0.108515625 0.4125 0.06703125 0.15787500000000002
2 0.2585703125 0.4011666666666666 0.0793828125 0.16759722222222223
2 0.3589609375 0.44802777777777775 0.08484375 0.18494444444444444
2 0.36755468750000003 0.31969444444444445 0.0499453125 0.12504166666666666
2 0.408171875 0.27225 0.0374453125 0.1366388888888889
2 0.5174765625 0.46561111111111114 0.064640625 0.16456944444444443
2 0.5663671875 0.4822777777777778 0.0595625 0.19788888888888886
2 0.5957265625 0.4767222222222222 0.051875000000000004 0.1682638888888889
2 0.619421875 0.6220555555555556 0.0784296875 0.23670833333333335
2 0.8065859375000001 0.4651527777777778 0.06343750000000001 0.204375