2 0.42552083333333335 0.4078703703703704 0.059375 0.16018518518518518
2 0.24921875 0.28194444444444444 0.04635416666666667 0.14166666666666666
2 0.1234375 0.2902777777777778 0.071875 0.14351851851851852
2 0.21822916666666667 0.4097222222222222 0.06770833333333333 0.1638888888888889
2 0.49505208333333334 0.2824074074074074 0.03802083333333333 0.13148148148148148
2 0.53828125 0.3226851851851852 0.0484375 0.13796296296296295
2 0.5763020833333333 0.4023148148148148 0.05364583333333333 0.14166666666666666
2 0.7158854166666667 0.5037037037037037 0.07239583333333334 0.17037037037037037
2 0.5752604166666667 0.25833333333333336 0.04114583333333333 0.12777777777777777
1 0.6036458333333333 0.2671296296296296 0.040625 0.11574074074074074
2 0.61796875 0.3013888888888889 0.04114583333333333 0.11018518518518519
3 0.7721354166666666 0.35694444444444445 0.0421875 0.14351851851851852
2 0.6247395833333333 0.7527777777777778 0.07447916666666667 0.23148148148148148
2 0.6942708333333333 0.7152777777777778 0.07604166666666666 0.21944444444444444