2 0.5572916666666666 0.43703703703703706 0.06666666666666667 0.16296296296296298
2 0.5572916666666666 0.29907407407407405 0.04375 0.1388888888888889
2 0.5096354166666667 0.21574074074074073 0.033854166666666664 0.12777777777777777
2 0.70234375 0.3486111111111111 0.044270833333333336 0.15648148148148147
2 0.9588541666666667 0.35509259259259257 0.05520833333333333 0.15833333333333333
2 0.8419270833333333 0.6449074074074074 0.0546875 0.20462962962962963
2 0.5153645833333333 0.8175925925925925 0.07864583333333333 0.2537037037037037
2 0.36484375 0.5421296296296296 0.06927083333333334 0.19537037037037036
2 0.38723958333333336 0.5 0.05572916666666667 0.1962962962962963
2 0.41484375 0.4875 0.0578125 0.1638888888888889
2 0.16770833333333332 0.537962962962963 0.08958333333333333 0.18703703703703703
3 0.14036458333333332 0.40324074074074073 0.04739583333333333 0.15092592592592594
1 0.29635416666666664 0.35324074074074074 0.059375 0.14722222222222223