1 0.43828125 0.2625 0.06484375 0.16805555555555557
3 0.559765625 0.2548611111111111 0.059375 0.15833333333333333
3 0.52109375 0.7520833333333333 0.103125 0.31805555555555554
2 0.462109375 0.6180555555555556 0.0953125 0.2763888888888889
2 0.445703125 0.4125 0.096875 0.2263888888888889
2 0.246484375 0.32708333333333334 0.0609375 0.2013888888888889
2 0.59921875 0.44166666666666665 0.07734375 0.1986111111111111
2 0.58984375 0.4236111111111111 0.08359375 0.2
2 0.649609375 0.4479166666666667 0.06640625 0.18333333333333332
2 0.664453125 0.40902777777777777 0.05703125 0.1736111111111111
2 0.67109375 0.42916666666666664 0.05625 0.18194444444444444
2 0.655078125 0.3458333333333333 0.05703125 0.17777777777777778
2 0.635546875 0.29375 0.05546875 0.14444444444444443
2 0.80859375 0.5236111111111111 0.090625 0.2152777777777778