2 0.693359375 0.5020833333333333 0.128125 0.33194444444444443
2 0.724609375 0.39166666666666666 0.075 0.23333333333333334
2 0.608984375 0.2743055555555556 0.05703125 0.16111111111111112
2 0.73359375 0.2569444444444444 0.08046875 0.17916666666666667
2 0.154296875 0.8090277777777778 0.1265625 0.3333333333333333
1 0.058984375 0.4930555555555556 0.08671875 0.2013888888888889
2 0.16953125 0.54375 0.0734375 0.22777777777777777
2 0.22734375 0.5097222222222222 0.07421875 0.225
2 0.301171875 0.4895833333333333 0.07421875 0.26805555555555555
2 0.319140625 0.45555555555555555 0.06484375 0.20833333333333334
2 0.39296875 0.3993055555555556 0.06953125 0.18333333333333332
2 0.40078125 0.3611111111111111 0.0546875 0.15138888888888888