1 0.19140625 0.3055555555555556 0.06666666666666667 0.1925925925925926
3 0.24973958333333332 0.22268518518518518 0.049479166666666664 0.15
3 0.87890625 0.8800925925925925 0.1078125 0.23981481481481481
2 0.5807291666666666 0.28425925925925927 0.0578125 0.16203703703703703
2 0.48984375 0.33055555555555555 0.06927083333333334 0.19444444444444445
2 0.32864583333333336 0.4222222222222222 0.08489583333333334 0.1962962962962963
2 0.2799479166666667 0.47638888888888886 0.08020833333333334 0.14907407407407408
2 0.26536458333333335 0.5662037037037037 0.0796875 0.2
2 0.21380208333333334 0.6342592592592593 0.096875 0.23703703703703705
2 0.2559895833333333 0.6958333333333333 0.07447916666666667 0.22870370370370371
2 0.4125 0.6162037037037037 0.10104166666666667 0.25925925925925924
2 0.5421875 0.4439814814814815 0.06354166666666666 0.18518518518518517
2 0.7447916666666666 0.3439814814814815 0.06302083333333333 0.16574074074074074
2 0.80234375 0.4111111111111111 0.06145833333333333 0.18425925925925926
2 0.6703125 0.7518518518518519 0.10729166666666666 0.30277777777777776