2 0.45836718750000005 0.4254583333333333 0.0505859375 0.17452777777777778
2 0.5134453125 0.44479166666666664 0.059171875 0.16920833333333332
2 0.7090703125 0.449875 0.048085937499999995 0.17938888888888888
2 0.889984375 0.5154861111111111 0.041421875000000004 0.22031944444444443
2 0.3555703125 0.42024999999999996 0.06765625 0.16643055555555555
2 0.3399453125 0.4844722222222222 0.06765625 0.18608333333333332
2 0.22784374999999998 0.45590277777777777 0.0491796875 0.11736111111111111
2 0.20096093750000002 0.5124722222222222 0.06442187499999999 0.2004166666666667
2 0.29112499999999997 0.3137916666666667 0.0559453125 0.15722222222222224
2 0.3614296875 0.34608333333333335 0.0715625 0.15002777777777776
2 0.2623515625 0.8976805555555556 0.099953125 0.20462500000000003
3 0.21840625 0.6956527777777778 0.0836875 0.23576388888888888
3 0.4756171875 0.2861388888888889 0.042125 0.127375
1 0.615125 0.31044444444444447 0.0411953125 0.13430555555555557