3 0.17421875 0.6861111111111111 0.07135416666666666 0.23148148148148148
3 0.6276041666666666 0.22824074074074074 0.03854166666666667 0.14537037037037037
2 0.2674479166666667 0.3990740740740741 0.0515625 0.17962962962962964
2 0.21119791666666668 0.3125 0.0515625 0.14351851851851852
2 0.5565104166666667 0.7643518518518518 0.0796875 0.26944444444444443
2 0.7317708333333334 0.5768518518518518 0.08020833333333334 0.22777777777777777
2 0.59453125 0.5180555555555556 0.05364583333333333 0.19166666666666668
2 0.6276041666666666 0.47638888888888886 0.051041666666666666 0.1675925925925926
2 0.5864583333333333 0.41898148148148145 0.05416666666666667 0.175
2 0.47994791666666664 0.38472222222222224 0.0421875 0.18055555555555555
2 0.43984375 0.30092592592592593 0.0484375 0.1574074074074074
2 0.5138020833333333 0.24305555555555555 0.0453125 0.13796296296296295
2 0.5611979166666666 0.1925925925925926 0.0421875 0.13703703703703704
1 0.7278645833333334 0.32037037037037036 0.05572916666666667 0.17407407407407408