1 0.6578125 0.387037037037037 0.06354166666666666 0.16944444444444445
3 0.8515625 0.4532407407407407 0.0578125 0.17592592592592593
2 0.72734375 0.6101851851851852 0.08333333333333333 0.21203703703703702
2 0.271875 0.5097222222222222 0.084375 0.17685185185185184
2 0.2515625 0.3680555555555556 0.05520833333333333 0.13425925925925927
3 0.10416666666666667 0.46111111111111114 0.065625 0.17685185185185184
2 0.4817708333333333 0.2708333333333333 0.052083333333333336 0.1425925925925926
2 0.3966145833333333 0.3416666666666667 0.05625 0.14444444444444443
2 0.42083333333333334 0.4675925925925926 0.0765625 0.17037037037037037
2 0.41484375 0.4134259259259259 0.0546875 0.13425925925925927
2 0.4895833333333333 0.4703703703703704 0.05 0.1574074074074074
2 0.98125 0.5976851851851852 0.0375 0.2175925925925926
2 0.5341145833333333 0.5171296296296296 0.075 0.17685185185185184
2 0.5221354166666666 0.47314814814814815 0.0578125 0.1675925925925926
2 0.5505208333333333 0.5310185185185186 0.0453125 0.18611111111111112