3 0.16197916666666667 0.5930555555555556 0.090625 0.24814814814814815
3 0.65 0.2671296296296296 0.051041666666666666 0.15462962962962962
2 0.2791666666666667 0.33564814814814814 0.06666666666666667 0.19166666666666668
2 0.23125 0.23472222222222222 0.06354166666666666 0.15648148148148147
2 0.5325520833333334 0.7768518518518519 0.10260416666666666 0.287962962962963
2 0.7221354166666667 0.6402777777777777 0.09947916666666666 0.24722222222222223
2 0.5916666666666667 0.5439814814814815 0.06979166666666667 0.20462962962962963
2 0.628125 0.5120370370370371 0.06510416666666667 0.17962962962962964
2 0.5924479166666666 0.4439814814814815 0.06875 0.18796296296296297
2 0.4903645833333333 0.38055555555555554 0.0578125 0.18981481481481483
2 0.45807291666666666 0.2865740740740741 0.06145833333333333 0.1685185185185185
2 0.5361979166666667 0.25 0.05677083333333333 0.14907407407407408
2 0.5875 0.21342592592592594 0.05364583333333333 0.14722222222222223
1 0.7408854166666666 0.3861111111111111 0.0703125 0.18703703703703703