2 0.5138020833333333 0.5212962962962963 0.08645833333333333 0.24444444444444444
2 0.4708333333333333 0.5032407407407408 0.08489583333333334 0.2222222222222222
2 0.440625 0.45092592592592595 0.07135416666666666 0.1824074074074074
2 0.4046875 0.36898148148148147 0.05260416666666667 0.1675925925925926
2 0.41067708333333336 0.3990740740740741 0.06354166666666666 0.16018518518518518
2 0.4161458333333333 0.3509259259259259 0.03802083333333333 0.125
2 0.45807291666666666 0.36018518518518516 0.03697916666666667 0.1361111111111111
2 0.21744791666666666 0.3675925925925926 0.08229166666666667 0.18518518518518517
2 0.6408854166666667 0.7273148148148149 0.10625 0.275
2 0.7153645833333333 0.674537037037037 0.07708333333333334 0.24166666666666667
2 0.9447916666666667 0.7907407407407407 0.0703125 0.1787037037037037
3 0.3875 0.6921296296296297 0.10364583333333334 0.31203703703703706
1 0.5697916666666667 0.4462962962962963 0.05677083333333333 0.17777777777777778