2 0.7934895833333333 0.5023148148148148 0.06614583333333333 0.17962962962962964
2 0.8526041666666667 0.4986111111111111 0.0625 0.12962962962962962
2 0.58828125 0.6310185185185185 0.08541666666666667 0.21388888888888888
2 0.20911458333333333 0.8782407407407408 0.11197916666666667 0.21481481481481482
2 0.33697916666666666 0.38935185185185184 0.07395833333333333 0.17314814814814813
2 0.18229166666666666 0.38796296296296295 0.06822916666666666 0.1712962962962963
2 0.43723958333333335 0.30185185185185187 0.05520833333333333 0.12129629629629629
2 0.46979166666666666 0.23981481481481481 0.030208333333333334 0.09907407407407408
2 0.49453125 0.2986111111111111 0.0421875 0.13518518518518519
2 0.5192708333333333 0.39444444444444443 0.06302083333333333 0.16018518518518518
2 0.5174479166666667 0.31712962962962965 0.0453125 0.11851851851851852
2 0.59375 0.399537037037037 0.03229166666666667 0.1361111111111111
3 0.946875 0.4476851851851852 0.04895833333333333 0.1527777777777778
1 0.7640625 0.39490740740740743 0.051041666666666666 0.1527777777777778