2 0.397265625 0.4486111111111111 0.05625 0.15416666666666667
2 0.358984375 0.5638888888888889 0.075 0.18055555555555555
2 0.2609375 0.6208333333333333 0.08203125 0.24861111111111112
2 0.167578125 0.7104166666666667 0.09765625 0.20694444444444443
2 0.4984375 0.525 0.0640625 0.18055555555555555
2 0.6015625 0.5902777777777778 0.071875 0.24583333333333332
2 0.214453125 0.8701388888888889 0.08046875 0.25972222222222224
2 0.5015625 0.39652777777777776 0.06796875 0.1638888888888889
2 0.655859375 0.38055555555555554 0.05234375 0.13472222222222222
2 0.587109375 0.3972222222222222 0.046875 0.1361111111111111
3 0.354296875 0.4722222222222222 0.0671875 0.1527777777777778
3 0.5390625 0.7534722222222222 0.0953125 0.28888888888888886
1 0.185546875 0.5423611111111111 0.0640625 0.16805555555555557