2 0.3740625 0.3549861111111111 0.05254687500000001 0.13776388888888888
2 0.324453125 0.5322638888888889 0.09135937499999999 0.22379166666666667
2 0.333765625 0.47626388888888893 0.06440625 0.15808333333333333
2 0.26599218750000003 0.3546388888888889 0.049960937500000004 0.13474999999999998
2 0.1219921875 0.4184027777777778 0.038 0.14422222222222222
2 0.4196328125 0.39526388888888886 0.044734375 0.10719444444444445
2 0.5326484375 0.44433333333333336 0.036390624999999996 0.13125
2 0.6003515625 0.42211111111111116 0.046796875 0.160875
2 0.8046328125000001 0.5477777777777777 0.0413046875 0.194625
2 0.8368593750000001 0.5469583333333333 0.0445546875 0.22772222222222224
2 0.6371953125 0.66175 0.081421875 0.2721111111111111
3 0.4491875 0.5093611111111112 0.0439453125 0.17334722222222224
2 0.4579140625 0.48609722222222224 0.0587890625 0.18469444444444444
2 0.42913281249999996 0.5489305555555556 0.061140625000000004 0.22008333333333335
3 0.502828125 0.504375 0.0626875 0.18884722222222222
1 0.6321875 0.34261111111111114 0.0466640625 0.1569722222222222