2 0.5197578125 0.8298888888888889 0.0705 0.2727361111111111
2 0.32471875 0.6891805555555556 0.07625 0.20429166666666668
2 0.2627421875 0.677138888888889 0.05646875 0.208
2 0.1919140625 0.6749444444444445 0.0512734375 0.19202777777777777
2 0.49840625000000005 0.6552777777777778 0.0538359375 0.15731944444444443
2 0.5754140624999999 0.6346805555555556 0.052914062500000004 0.1485277777777778
2 0.6504140625 0.6084166666666667 0.041453125 0.12145833333333333
2 0.5663046875 0.5614305555555555 0.045109375 0.10620833333333334
2 0.7980625 0.6018194444444445 0.0502890625 0.13836111111111113
2 0.868953125 0.6778472222222223 0.0501484375 0.17698611111111112
2 0.5061484375 0.5401388888888888 0.028968749999999998 0.09140277777777778
3 0.094453125 0.6284305555555556 0.0545390625 0.15918055555555555
3 0.9293671874999999 0.7336111111111112 0.05639062500000001 0.2375972222222222
1 0.33239843750000003 0.5819166666666666 0.042140625 0.12633333333333333