1 0.4078125 0.2902777777777778 0.0515625 0.16111111111111112
3 0.529296875 0.21805555555555556 0.04140625 0.13055555555555556
3 0.593359375 0.475 0.05078125 0.19166666666666668
2 0.5515625 0.37430555555555556 0.0578125 0.17916666666666667
2 0.5734375 0.34444444444444444 0.05 0.1361111111111111
2 0.619140625 0.27361111111111114 0.0265625 0.11666666666666667
2 0.65546875 0.32222222222222224 0.05390625 0.16527777777777777
2 0.634375 0.2611111111111111 0.02578125 0.12638888888888888
2 0.690625 0.3486111111111111 0.05546875 0.18472222222222223
2 0.74921875 0.3715277777777778 0.078125 0.17916666666666667
2 0.8296875 0.325 0.04765625 0.1638888888888889
2 0.2828125 0.44513888888888886 0.078125 0.1875
2 0.478125 0.42430555555555555 0.0640625 0.1638888888888889
2 0.197265625 0.5881944444444445 0.0984375 0.27361111111111114
2 0.0734375 0.4895833333333333 0.06953125 0.19305555555555556