2 0.47203906250000005 0.8312777777777778 0.1169921875 0.2940277777777778
2 0.153046875 0.7384722222222223 0.07275781249999999 0.22416666666666668
2 0.21053125 0.7009861111111111 0.0796484375 0.21400000000000002
2 0.35192968750000003 0.6608333333333334 0.0499453125 0.19619444444444442
2 0.3679453125 0.6455555555555555 0.0429140625 0.17491666666666666
2 0.3900078125 0.6525 0.0466875 0.18879166666666666
2 0.5368125 0.6331805555555555 0.05721875 0.15709722222222222
2 0.58771875 0.5681388888888889 0.0449765625 0.14277777777777778
2 0.6161015625 0.6028611111111111 0.04965625 0.1473888888888889
2 0.7521640625 0.5886388888888889 0.032718750000000005 0.12956944444444446
2 0.8154453125 0.6040138888888889 0.0394765625 0.13581944444444446
2 0.9006562499999999 0.7039861111111111 0.05339843749999999 0.20613888888888887
3 0.1519375 0.605875 0.0458046875 0.13951388888888888
1 0.3398203125 0.5794861111111111 0.049171875 0.13304166666666667