1 0.5771770833333334 0.453 0.057734375 0.17868518518518517
3 0.48362499999999997 0.39132407407407405 0.03339583333333333 0.12247222222222223
3 0.14940104166666668 0.6734351851851851 0.086296875 0.25613888888888886
2 0.1755729166666667 0.5161851851851852 0.04228645833333333 0.18005555555555555
2 0.27523958333333337 0.49291666666666667 0.05021875 0.21917592592592594
2 0.20167708333333334 0.3959537037037037 0.03590625 0.12247222222222223
2 0.19152083333333333 0.40371296296296294 0.03121875 0.13102777777777777
2 0.3349375 0.4459444444444444 0.0433125 0.1668888888888889
2 0.33025000000000004 0.41782407407407407 0.03914583333333333 0.15462962962962962
2 0.3881875 0.4854074074074074 0.043046875000000005 0.16941666666666666
2 0.5087552083333333 0.5452314814814815 0.04563541666666667 0.19971296296296295
2 0.5977447916666667 0.7448333333333333 0.06763020833333333 0.2947592592592592
2 0.6953958333333333 0.5620092592592593 0.05459895833333333 0.19762037037037036
2 0.9181041666666666 0.5967222222222223 0.046625 0.1837222222222222