3 0.20703125 0.5921296296296297 0.08020833333333334 0.18796296296296297
1 0.34479166666666666 0.524074074074074 0.07552083333333333 0.16111111111111112
2 0.2942708333333333 0.6620370370370371 0.059375 0.2074074074074074
2 0.3963541666666667 0.5787037037037037 0.06875 0.1824074074074074
2 0.4625 0.5388888888888889 0.06510416666666667 0.2064814814814815
2 0.5018229166666667 0.5162037037037037 0.06354166666666666 0.2101851851851852
2 0.5361979166666667 0.4930555555555556 0.058854166666666666 0.20185185185185187
2 0.5911458333333334 0.4287037037037037 0.053125 0.15185185185185185
2 0.6171875 0.45787037037037037 0.043229166666666666 0.17314814814814813
2 0.6838541666666667 0.3824074074074074 0.050520833333333334 0.1574074074074074
2 0.8911458333333333 0.3787037037037037 0.04635416666666667 0.15
2 0.8544270833333333 0.5550925925925926 0.06979166666666667 0.2657407407407407
2 0.51015625 0.7458333333333333 0.115625 0.30833333333333335
2 0.4236979166666667 0.7828703703703703 0.13229166666666667 0.35833333333333334