3 0.40960156249999996 0.2837361111111111 0.0424140625 0.14681944444444445
3 0.6766171875 0.7752916666666667 0.087609375 0.3640833333333333
2 0.9056953125 0.4930555555555556 0.0770078125 0.25198611111111113
2 0.3247734375 0.5982083333333333 0.0982109375 0.2876944444444444
2 0.1375546875 0.4593194444444444 0.0786796875 0.2162638888888889
2 0.3217109375 0.45981944444444445 0.0675234375 0.21329166666666666
2 0.48967968749999996 0.40029166666666666 0.064171875 0.20931944444444445
2 0.5753359375 0.41022222222222227 0.0591484375 0.20931944444444445
2 0.677453125 0.3511944444444445 0.053570312499999995 0.1706388888888889
2 0.583703125 0.37301388888888887 0.0357109375 0.17856944444444445
2 0.5541328125 0.26140277777777776 0.0357109375 0.12995833333333331
2 0.587890625 0.29662499999999997 0.040734375 0.13690277777777776