2 0.429296875 0.4236111111111111 0.065625 0.1763888888888889
2 0.25703125 0.4388888888888889 0.11015625 0.2013888888888889
2 0.19296875 0.6180555555555556 0.096875 0.2916666666666667
2 0.5234375 0.39166666666666666 0.03828125 0.1638888888888889
2 0.558984375 0.36736111111111114 0.05390625 0.2013888888888889
2 0.602734375 0.23680555555555555 0.04375 0.12222222222222222
2 0.6359375 0.2743055555555556 0.04453125 0.1361111111111111
2 0.6703125 0.36736111111111114 0.05546875 0.16111111111111112
2 0.853125 0.38333333333333336 0.0703125 0.16805555555555557
2 0.7890625 0.5166666666666667 0.07421875 0.2013888888888889
3 0.49609375 0.2423611111111111 0.05234375 0.14305555555555555
3 0.62578125 0.7604166666666666 0.096875 0.29583333333333334
1 0.384375 0.27152777777777776 0.05703125 0.1625