1 0.6979166666666666 0.3351851851851852 0.075 0.18703703703703703
3 0.5927083333333333 0.23287037037037037 0.051041666666666666 0.13518518518518519
3 0.17994791666666668 0.8675925925925926 0.13802083333333334 0.26481481481481484
2 0.22395833333333334 0.6041666666666666 0.0859375 0.25092592592592594
2 0.17317708333333334 0.42314814814814816 0.08020833333333334 0.17685185185185184
2 0.12369791666666667 0.4439814814814815 0.109375 0.20555555555555555
2 0.45286458333333335 0.45185185185185184 0.07135416666666666 0.2111111111111111
2 0.3997395833333333 0.7060185185185185 0.1421875 0.32407407407407407
2 0.6705729166666666 0.6578703703703703 0.12291666666666666 0.24259259259259258
2 0.6208333333333333 0.4861111111111111 0.10729166666666666 0.20092592592592592
2 0.6114583333333333 0.3824074074074074 0.09114583333333333 0.18055555555555555
2 0.6864583333333333 0.45555555555555555 0.08854166666666667 0.22777777777777777
2 0.7169270833333333 0.40324074074074073 0.08072916666666667 0.1935185185185185
2 0.8046875 0.4949074074074074 0.09635416666666667 0.2712962962962963