2 0.365625 0.6805555555555556 0.0484375 0.1875
2 0.168359375 0.6368055555555555 0.0453125 0.1763888888888889
2 0.010546875 0.6118055555555556 0.02109375 0.14305555555555555
2 0.287109375 0.7909722222222222 0.1015625 0.26805555555555555
2 0.423828125 0.6486111111111111 0.06171875 0.16805555555555557
2 0.361328125 0.6201388888888889 0.05078125 0.16111111111111112
2 0.58984375 0.6548611111111111 0.04921875 0.1597222222222222
2 0.56796875 0.5791666666666667 0.04375 0.12222222222222222
2 0.516796875 0.5361111111111111 0.04140625 0.12222222222222222
2 0.654296875 0.6229166666666667 0.0484375 0.1361111111111111
2 0.698046875 0.6888888888888889 0.06953125 0.18611111111111112
2 0.8046875 0.6451388888888889 0.07109375 0.1375
3 0.18671875 0.5770833333333333 0.05 0.15
3 0.962109375 0.6979166666666666 0.05078125 0.1597222222222222
1 0.323046875 0.5673611111111111 0.05 0.13472222222222222