3 0.77371875 0.8075416666666666 0.0809140625 0.31348611111111113
3 0.5005546875 0.25843055555555555 0.0479921875 0.1279722222222222
1 0.37109375 0.2876944444444444 0.0546875 0.1428611111111111
2 0.2505546875 0.4280694444444444 0.061382812499999995 0.18154166666666668
2 0.3892265625 0.4444444444444444 0.0619453125 0.19841666666666669
2 0.0580390625 0.4826388888888889 0.075890625 0.2073472222222222
2 0.5245546875 0.609625 0.053570312499999995 0.22718055555555555
2 0.6651796875 0.45287499999999997 0.060265625 0.19940277777777776
2 0.49497656250000005 0.40675 0.0390625 0.18254166666666669
2 0.5518984375 0.3784722222222222 0.0546875 0.1736111111111111
2 0.5987734375 0.3328333333333333 0.041296875 0.15376388888888887
2 0.6065859375 0.2916666666666667 0.036828125 0.13491666666666666
2 0.9375 0.40426388888888887 0.055804687500000005 0.18948611111111113
2 0.8328671875 0.6379027777777778 0.0630546875 0.2797638888888889