2 0.413671875 0.36875 0.04921875 0.14027777777777778
2 0.425 0.34652777777777777 0.0421875 0.11388888888888889
2 0.4234375 0.42430555555555555 0.04765625 0.1527777777777778
2 0.35234375 0.4444444444444444 0.04921875 0.16111111111111112
2 0.230078125 0.48541666666666666 0.065625 0.1986111111111111
2 0.044140625 0.4756944444444444 0.07265625 0.20416666666666666
2 0.3890625 0.55 0.07578125 0.2388888888888889
2 0.2109375 0.7340277777777777 0.1234375 0.3625
3 0.563671875 0.6381944444444444 0.07265625 0.22083333333333333
2 0.7046875 0.6888888888888889 0.10859375 0.2777777777777778
2 0.628515625 0.4465277777777778 0.05078125 0.13333333333333333
1 0.1421875 0.35833333333333334 0.0875 0.1986111111111111