2 0.591796875 0.4270833333333333 0.06875 0.2111111111111111
2 0.7171875 0.4201388888888889 0.0609375 0.20972222222222223
2 0.803515625 0.6715277777777777 0.06953125 0.35694444444444445
2 0.530078125 0.48819444444444443 0.05390625 0.20833333333333334
2 0.4609375 0.425 0.05859375 0.18472222222222223
2 0.408984375 0.42083333333333334 0.059375 0.21388888888888888
2 0.399609375 0.37916666666666665 0.03203125 0.15416666666666667
2 0.41484375 0.3819444444444444 0.0359375 0.14166666666666666
2 0.43046875 0.36319444444444443 0.0515625 0.1486111111111111
2 0.36484375 0.3229166666666667 0.04375 0.14027777777777778
2 0.315625 0.3770833333333333 0.0484375 0.15416666666666667
2 0.208203125 0.4708333333333333 0.07890625 0.19722222222222222
3 0.278515625 0.49236111111111114 0.06796875 0.18472222222222223
3 0.81015625 0.3548611111111111 0.078125 0.19583333333333333
1 0.6453125 0.3055555555555556 0.06171875 0.1736111111111111