2 0.56171875 0.45185185185185184 0.07864583333333333 0.17777777777777778
2 0.5723958333333333 0.31527777777777777 0.05416666666666667 0.14814814814814814
2 0.5317708333333333 0.22083333333333333 0.04375 0.13518518518518519
2 0.7122395833333334 0.4 0.05625 0.16574074074074074
2 0.965625 0.4699074074074074 0.0671875 0.17037037037037037
2 0.82734375 0.7282407407407407 0.0703125 0.21574074074074073
2 0.4903645833333333 0.8185185185185185 0.09791666666666667 0.27037037037037037
2 0.36276041666666664 0.5083333333333333 0.08385416666666666 0.2101851851851852
2 0.38828125 0.4722222222222222 0.0703125 0.20833333333333334
2 0.4166666666666667 0.4666666666666667 0.0703125 0.17685185185185184
2 0.16796875 0.45555555555555555 0.103125 0.2074074074074074
3 0.1515625 0.31527777777777777 0.058854166666666666 0.16111111111111112
1 0.3098958333333333 0.30416666666666664 0.0703125 0.16018518518518518