1 0.6075781250000001 0.31656944444444446 0.07296875 0.14425
3 0.7976015624999999 0.3258333333333333 0.0584921875 0.135
3 0.01875 0.5933611111111111 0.0375 0.23487500000000003
2 0.0790234375 0.4029027777777777 0.056234375 0.164125
2 0.2299921875 0.5598055555555556 0.09384375 0.22794444444444445
2 0.29405468749999997 0.40381944444444445 0.0500859375 0.16597222222222222
2 0.2818828125 0.31009722222222225 0.0504765625 0.14980555555555555
2 0.3269296875 0.3232777777777778 0.046828125 0.15304166666666666
2 0.3469140625 0.37813888888888886 0.051640624999999996 0.16552777777777777
2 0.40387500000000004 0.4008055555555555 0.0574921875 0.1831111111111111
2 0.46728125 0.4475555555555556 0.072328125 0.1932638888888889
2 0.6496328124999999 0.4227916666666667 0.0815546875 0.23169444444444443
2 0.669421875 0.507263888888889 0.06384375 0.2293472222222222
2 0.7816562499999999 0.4239583333333333 0.059140625 0.19234722222222222
2 0.9653671875000001 0.3973333333333333 0.05938281250000001 0.19930555555555557