1 0.548828125 0.3590277777777778 0.07265625 0.17083333333333334
3 0.80390625 0.39791666666666664 0.06796875 0.1736111111111111
3 0.090234375 0.4125 0.05 0.18194444444444444
2 0.15703125 0.35138888888888886 0.06796875 0.18194444444444444
2 0.24453125 0.4666666666666667 0.07421875 0.19305555555555556
2 0.288671875 0.4909722222222222 0.06484375 0.2375
2 0.330859375 0.38958333333333334 0.06328125 0.1736111111111111
2 0.3421875 0.32430555555555557 0.0640625 0.1986111111111111
2 0.390234375 0.27291666666666664 0.05078125 0.1486111111111111
2 0.471484375 0.47152777777777777 0.06484375 0.1736111111111111
2 0.515625 0.4847222222222222 0.08515625 0.18472222222222223
2 0.568359375 0.48333333333333334 0.0734375 0.18611111111111112
2 0.562109375 0.6611111111111111 0.0828125 0.20555555555555555
2 0.73828125 0.5 0.078125 0.18611111111111112
2 0.955859375 0.47847222222222224 0.0796875 0.20555555555555555