1 0.11953125 0.4351851851851852 0.059895833333333336 0.1675925925925926
3 0.18671875 0.375 0.08177083333333333 0.1824074074074074
2 0.24505208333333334 0.29953703703703705 0.0578125 0.15092592592592594
2 0.3145833333333333 0.2967592592592593 0.06041666666666667 0.15092592592592594
2 0.3263020833333333 0.44583333333333336 0.07447916666666667 0.20555555555555555
2 0.4393229166666667 0.3578703703703704 0.075 0.15833333333333333
2 0.12265625 0.5916666666666667 0.08385416666666666 0.23333333333333334
2 0.20260416666666667 0.7027777777777777 0.08958333333333333 0.25092592592592594
2 0.49635416666666665 0.7018518518518518 0.10052083333333334 0.2490740740740741
2 0.7348958333333333 0.5722222222222222 0.08645833333333333 0.2101851851851852
2 0.7427083333333333 0.24212962962962964 0.05625 0.16944444444444445
2 0.9291666666666667 0.3212962962962963 0.065625 0.19074074074074074
2 0.95390625 0.22592592592592592 0.05520833333333333 0.13333333333333333