2 0.6515625 0.6606481481481481 0.10625 0.25
2 0.8200520833333333 0.41944444444444445 0.0890625 0.15833333333333333
2 0.565625 0.3314814814814815 0.065625 0.13518518518518519
2 0.46015625 0.4638888888888889 0.06510416666666667 0.19166666666666668
2 0.41302083333333334 0.46805555555555556 0.06770833333333333 0.17314814814814813
2 0.23567708333333334 0.5217592592592593 0.07760416666666667 0.1574074074074074
3 0.21380208333333334 0.3648148148148148 0.05 0.12685185185185185
2 0.24322916666666666 0.3837962962962963 0.04583333333333333 0.1361111111111111
2 0.2864583333333333 0.36203703703703705 0.050520833333333334 0.13055555555555556
2 0.1171875 0.6166666666666667 0.06041666666666667 0.1787037037037037
2 0.10390625 0.7527777777777778 0.075 0.20185185185185187
2 0.21770833333333334 0.8495370370370371 0.09375 0.20555555555555555
2 0.19270833333333334 0.9203703703703704 0.0875 0.15925925925925927