2 0.5244791666666667 0.28379629629629627 0.058854166666666666 0.14074074074074075
2 0.44192708333333336 0.2935185185185185 0.096875 0.18611111111111112
2 0.3776041666666667 0.3300925925925926 0.07239583333333334 0.15185185185185185
2 0.4049479166666667 0.4009259259259259 0.08541666666666667 0.18425925925925926
2 0.43776041666666665 0.6092592592592593 0.08854166666666667 0.23333333333333334
2 0.18828125 0.5875 0.10572916666666667 0.2101851851851852
2 0.6268229166666667 0.42083333333333334 0.0703125 0.18796296296296297
2 0.7328125 0.47314814814814815 0.06458333333333334 0.18796296296296297
2 0.8216145833333334 0.3574074074074074 0.08177083333333333 0.20462962962962963
2 0.8088541666666667 0.5615740740740741 0.07291666666666667 0.18796296296296297
2 0.7177083333333333 0.6398148148148148 0.06979166666666667 0.19166666666666668
3 0.6744791666666666 0.1837962962962963 0.04479166666666667 0.125
3 0.07604166666666666 0.9393518518518519 0.08854166666666667 0.12129629629629629
1 0.8736979166666666 0.22175925925925927 0.071875 0.14814814814814814