1 0.549640625 0.3509305555555555 0.0586484375 0.20140277777777776
3 0.5782812500000001 0.3938611111111111 0.0742734375 0.20625
3 0.1075390625 0.5431388888888888 0.1106484375 0.25016666666666665
2 0.180125 0.36725 0.054007812499999995 0.23172222222222222
2 0.33220312500000004 0.3480416666666667 0.045656249999999995 0.17016666666666666
2 0.3414453125 0.29886111111111113 0.051125 0.17597222222222222
2 0.3563515625 0.4459444444444444 0.0431796875 0.19465277777777779
2 0.3930078125 0.3730416666666666 0.0604921875 0.20162499999999997
2 0.41078125 0.4335555555555556 0.042648437500000004 0.18609722222222225
2 0.43402343749999994 0.45115277777777774 0.03575 0.19349999999999998
2 0.47483593749999997 0.414 0.0353515625 0.19559722222222223
2 0.538828125 0.47429166666666667 0.0761015625 0.23052777777777778
2 0.5515859375 0.6766666666666666 0.08078125 0.3551944444444445
2 0.7678515625 0.45311111111111113 0.0471640625 0.2228888888888889
2 0.9450546875000001 0.45230555555555557 0.055218750000000004 0.25598611111111114