2 0.48333333333333334 0.7782407407407408 0.09427083333333333 0.26944444444444443
2 0.20963541666666666 0.5046296296296297 0.07447916666666667 0.21481481481481482
2 0.18046875 0.26481481481481484 0.07395833333333333 0.16296296296296298
2 0.51171875 0.2050925925925926 0.050520833333333334 0.12129629629629629
3 0.8940104166666667 0.4699074074074074 0.06979166666666667 0.18333333333333332
2 0.6151041666666667 0.5694444444444444 0.0828125 0.2222222222222222
2 0.8010416666666667 0.5819444444444445 0.07239583333333334 0.21481481481481482
2 0.5234375 0.45231481481481484 0.06822916666666666 0.19537037037037036
2 0.47213541666666664 0.38287037037037036 0.06302083333333333 0.18333333333333332
2 0.434375 0.324537037037037 0.05677083333333333 0.16111111111111112
2 0.4625 0.25324074074074077 0.04635416666666667 0.1398148148148148
2 0.403125 0.3907407407407407 0.07708333333333334 0.17777777777777778
1 0.7083333333333334 0.36064814814814816 0.06145833333333333 0.18425925925925926