3 0.20323958333333333 0.5370092592592592 0.07027604166666666 0.17541666666666667
1 0.3443125 0.49524074074074076 0.06726562500000001 0.14974074074074073
2 0.2857864583333333 0.6231018518518519 0.047875 0.1994537037037037
2 0.39222395833333334 0.5587685185185185 0.05892708333333333 0.17262962962962963
2 0.46051562500000004 0.5316851851851853 0.05358333333333333 0.19717592592592592
2 0.5008125 0.5165277777777778 0.052145833333333336 0.20157407407407407
2 0.536359375 0.49998148148148147 0.047713541666666665 0.19394444444444445
2 0.5949479166666667 0.4461759259259259 0.04510416666666666 0.14420370370370372
2 0.6190364583333333 0.47985185185185186 0.033380208333333335 0.1675648148148148
2 0.689734375 0.4170185185185185 0.04196875 0.15069444444444444
2 0.896234375 0.45185185185185184 0.038296875 0.14397222222222222
2 0.8492968750000001 0.6204351851851853 0.05509895833333334 0.25662037037037033
2 0.4956041666666666 0.7465648148148147 0.09901562500000001 0.291287037037037
2 0.40745833333333337 0.7670462962962963 0.112828125 0.3391851851851852