2 0.32057291666666665 0.5731481481481482 0.06510416666666667 0.1962962962962963
1 0.35703125 0.3731481481481482 0.04791666666666667 0.1527777777777778
2 0.04401041666666667 0.6574074074074074 0.06354166666666666 0.18796296296296297
2 0.49947916666666664 0.6175925925925926 0.07291666666666667 0.2074074074074074
2 0.8424479166666666 0.5120370370370371 0.0625 0.2
2 0.8645833333333334 0.27870370370370373 0.0640625 0.15833333333333333
2 0.6765625 0.3106481481481482 0.053125 0.1537037037037037
2 0.49583333333333335 0.43842592592592594 0.07708333333333334 0.17037037037037037
2 0.5359375 0.4486111111111111 0.051041666666666666 0.16574074074074074
2 0.5604166666666667 0.3819444444444444 0.049479166666666664 0.16574074074074074
2 0.56015625 0.2875 0.0484375 0.12037037037037036
2 0.5510416666666667 0.24444444444444444 0.04375 0.11481481481481481
3 0.39609375 0.3314814814814815 0.042708333333333334 0.14907407407407408
2 0.5317708333333333 0.8273148148148148 0.08958333333333333 0.24537037037037038