2 0.6393229166666666 0.6921296296296297 0.09114583333333333 0.2324074074074074
2 0.8231770833333333 0.48935185185185187 0.0796875 0.14166666666666666
2 0.5768229166666666 0.34675925925925927 0.0578125 0.12314814814814815
2 0.4630208333333333 0.45555555555555555 0.053125 0.1814814814814815
2 0.4158854166666667 0.449537037037037 0.05677083333333333 0.16203703703703703
2 0.23619791666666667 0.46435185185185185 0.06822916666666666 0.14351851851851852
3 0.22526041666666666 0.3037037037037037 0.0421875 0.11851851851851852
2 0.253125 0.32916666666666666 0.0375 0.1287037037037037
2 0.29739583333333336 0.31666666666666665 0.042708333333333334 0.12222222222222222
2 0.11197916666666667 0.5328703703703703 0.04895833333333333 0.16944444444444445
2 0.08958333333333333 0.6652777777777777 0.0625 0.18981481481481483
2 0.19583333333333333 0.7856481481481481 0.08125 0.18981481481481483
2 0.16380208333333332 0.8842592592592593 0.0734375 0.21296296296296297