2 0.418359375 0.5159722222222223 0.08671875 0.26944444444444443
2 0.35859375 0.4173611111111111 0.09765625 0.21805555555555556
2 0.208203125 0.37083333333333335 0.090625 0.2125
2 0.1171875 0.36180555555555555 0.08359375 0.23333333333333334
1 0.323046875 0.29097222222222224 0.096875 0.175
3 0.04453125 0.2520833333333333 0.0671875 0.19722222222222222
2 0.447265625 0.3972222222222222 0.08984375 0.1986111111111111
2 0.51953125 0.40347222222222223 0.07578125 0.2013888888888889
2 0.54609375 0.41180555555555554 0.08125 0.20555555555555555
2 0.66171875 0.3972222222222222 0.05859375 0.15138888888888888
2 0.70390625 0.45069444444444445 0.07734375 0.1625
2 0.83515625 0.4527777777777778 0.08125 0.1736111111111111
2 0.96015625 0.5340277777777778 0.0796875 0.24027777777777778
2 0.78125 0.6034722222222222 0.096875 0.2763888888888889