1 0.6595234375000001 0.5556527777777778 0.0596796875 0.15480555555555556
3 0.5756796875 0.5304166666666666 0.048234375 0.1275138888888889
3 0.1509609375 0.7344305555555555 0.073796875 0.23227777777777778
2 0.1771953125 0.6231111111111111 0.059867187499999995 0.18093055555555557
2 0.1891796875 0.5521805555555556 0.05257031250000001 0.11547222222222223
2 0.3742578125 0.5681527777777777 0.043828125 0.11499999999999999
2 0.40407031250000003 0.545125 0.0435625 0.12218055555555556
2 0.47594531250000005 0.5160694444444445 0.0310546875 0.10806944444444445
2 0.45934375000000005 0.5922083333333333 0.0434296875 0.1353611111111111
2 0.5056953125 0.6019305555555555 0.031960937499999995 0.15479166666666666
2 0.49775 0.5930277777777778 0.0291015625 0.14854166666666668
2 0.4708046875 0.7730694444444445 0.055921874999999996 0.24938888888888888
2 0.74175 0.6706666666666666 0.037921875 0.19504166666666667
2 0.9896484375 0.6412777777777778 0.020703125 0.15940277777777778