1 0.334375 0.43796296296296294 0.07864583333333333 0.16296296296296298
3 0.17291666666666666 0.4023148148148148 0.08229166666666667 0.1814814814814815
2 0.13776041666666666 0.5370370370370371 0.1 0.21203703703703702
2 0.26015625 0.5430555555555555 0.1234375 0.25
2 0.40911458333333334 0.5310185185185186 0.1 0.23055555555555557
2 0.5119791666666667 0.5375 0.08020833333333334 0.18518518518518517
2 0.5338541666666666 0.5023148148148148 0.06197916666666667 0.18055555555555555
2 0.5921875 0.5023148148148148 0.06927083333333334 0.18703703703703703
2 0.65625 0.5476851851851852 0.07083333333333333 0.20462962962962963
2 0.64609375 0.5287037037037037 0.06770833333333333 0.17777777777777778
2 0.6734375 0.49444444444444446 0.05520833333333333 0.16111111111111112
2 0.75546875 0.5152777777777777 0.058854166666666666 0.16296296296296298
2 0.7859375 0.5898148148148148 0.07916666666666666 0.20092592592592592
2 0.875 0.6273148148148148 0.08489583333333334 0.18888888888888888
2 0.50390625 0.750462962962963 0.1109375 0.30092592592592593