1 0.362890625 0.5493055555555556 0.05546875 0.15555555555555556
3 0.15390625 0.5173611111111112 0.071875 0.19583333333333333
2 0.276953125 0.5951388888888889 0.065625 0.17777777777777778
2 0.416015625 0.6645833333333333 0.06171875 0.20972222222222223
2 0.483203125 0.6326388888888889 0.07578125 0.21388888888888888
2 0.51640625 0.7208333333333333 0.075 0.2152777777777778
2 0.562109375 0.8763888888888889 0.09765625 0.24722222222222223
2 0.5875 0.5909722222222222 0.03984375 0.12083333333333333
2 0.56484375 0.5506944444444445 0.034375 0.11666666666666667
2 0.666796875 0.6451388888888889 0.0578125 0.1638888888888889
2 0.848046875 0.7152777777777778 0.0578125 0.15694444444444444
2 0.78125 0.8041666666666667 0.10546875 0.25555555555555554
2 0.934765625 0.8569444444444444 0.08671875 0.2513888888888889