2 0.5542578125000001 0.5495138888888889 0.0691953125 0.1818888888888889
2 0.7576953125 0.5171111111111111 0.05289843749999999 0.154125
2 0.4444375 0.47580555555555554 0.03575 0.16641666666666666
2 0.3851953125 0.42951388888888886 0.034453125 0.14791666666666667
2 0.39125 0.38925 0.0296328125 0.13219444444444445
2 0.3961328125 0.4129722222222222 0.03028125 0.1217638888888889
2 0.36078125 0.3755833333333334 0.03640625 0.15580555555555556
2 0.362734375 0.4103055555555556 0.0325 0.1233888888888889
2 0.27159374999999997 0.3915555555555556 0.0429296875 0.15533333333333335
2 0.220359375 0.485875 0.04853125 0.14256944444444444
3 0.1451015625 0.44722222222222224 0.0438515625 0.14397222222222222
3 0.8591875 0.49165277777777777 0.043640625 0.1587638888888889
1 0.6019765625 0.41851388888888885 0.053953125000000005 0.16990277777777776