1 0.2395 0.440625 0.044625 0.1627222222222222
3 0.31651562499999997 0.3809166666666667 0.0572421875 0.16181944444444446
3 0.5120703125 0.7058333333333333 0.1202421875 0.31166666666666665
2 0.1856640625 0.6420833333333333 0.079390625 0.20037500000000003
2 0.3352578125 0.6917083333333333 0.078078125 0.2251388888888889
2 0.3230234375 0.5581805555555556 0.054640625 0.22006944444444443
2 0.40765624999999994 0.530875 0.0468203125 0.1839861111111111
2 0.39840624999999996 0.4901527777777778 0.0382265625 0.1358611111111111
2 0.447296875 0.4975555555555556 0.0466796875 0.1451111111111111
2 0.4532265625 0.47291666666666665 0.0337890625 0.11665277777777777
2 0.4770546875 0.406375 0.031968750000000004 0.1108888888888889
2 0.49879687500000003 0.43552777777777774 0.052015624999999996 0.16920833333333332
2 0.4266640625 0.3699166666666666 0.0327578125 0.10975
2 0.6541875 0.5043888888888889 0.0776484375 0.16108333333333333