2 0.36822916666666666 0.5046296296296297 0.08177083333333333 0.20092592592592592
2 0.22630208333333332 0.5699074074074074 0.11458333333333333 0.2462962962962963
2 0.21380208333333334 0.6564814814814814 0.1 0.24166666666666667
2 0.2708333333333333 0.36944444444444446 0.0546875 0.15185185185185185
2 0.3190104166666667 0.36342592592592593 0.0765625 0.19166666666666668
2 0.47421875 0.2833333333333333 0.05364583333333333 0.1638888888888889
2 0.4596354166666667 0.2611111111111111 0.0484375 0.14814814814814814
2 0.5830729166666667 0.3819444444444444 0.09166666666666666 0.21851851851851853
2 0.6473958333333333 0.45787037037037037 0.10677083333333333 0.2611111111111111
2 0.89296875 0.3055555555555556 0.08229166666666667 0.2111111111111111
2 0.6205729166666667 0.7189814814814814 0.12552083333333333 0.32407407407407407
3 0.23307291666666666 0.8782407407407408 0.1234375 0.24351851851851852
3 0.6247395833333333 0.1398148148148148 0.04479166666666667 0.13333333333333333
1 0.7213541666666666 0.19166666666666668 0.07239583333333334 0.17685185185185184