1 0.321875 0.3458333333333333 0.041666666666666664 0.15092592592592594
3 0.19817708333333334 0.4273148148148148 0.050520833333333334 0.14351851851851852
2 0.209375 0.5453703703703704 0.05625 0.13518518518518519
2 0.36953125 0.5527777777777778 0.043229166666666666 0.18703703703703703
2 0.44869791666666664 0.5217592592592593 0.0546875 0.16574074074074074
2 0.46510416666666665 0.36898148148148147 0.04895833333333333 0.09722222222222222
2 0.63671875 0.2953703703703704 0.04635416666666667 0.11666666666666667
2 0.7091145833333333 0.3416666666666667 0.04739583333333333 0.12777777777777777
2 0.61796875 0.3958333333333333 0.0609375 0.125
2 0.58359375 0.5171296296296296 0.05677083333333333 0.1527777777777778
2 0.5033854166666667 0.4685185185185185 0.0546875 0.17037037037037037
2 0.65703125 0.4777777777777778 0.05364583333333333 0.15555555555555556
2 0.7239583333333334 0.4842592592592593 0.07291666666666667 0.1574074074074074
2 0.6861979166666666 0.8791666666666667 0.0765625 0.19537037037037036
3 0.8473958333333333 0.5009259259259259 0.09479166666666666 0.1574074074074074