1 0.382265625 0.40046296296296297 0.08718229166666666 0.15232407407407406
3 0.15506250000000002 0.46885185185185185 0.07288541666666666 0.1988148148148148
3 0.962828125 0.4570462962962963 0.058208333333333334 0.22612962962962962
2 0.8040520833333333 0.3870462962962963 0.046640625 0.17176851851851851
2 0.7741041666666667 0.4164351851851852 0.05445833333333334 0.18888888888888888
2 0.7145364583333333 0.3479351851851852 0.048604166666666664 0.14447222222222222
2 0.6040625 0.2802407407407408 0.063328125 0.14102777777777778
2 0.6743697916666667 0.4128425925925926 0.05290625 0.1886574074074074
2 0.6870625 0.40475 0.04834895833333333 0.14931481481481482
2 0.6098541666666667 0.4489537037037037 0.05798958333333334 0.17752777777777776
2 0.5173489583333333 0.5206944444444445 0.08260937500000001 0.1913888888888889
2 0.6589427083333333 0.6218240740740741 0.07022395833333334 0.25013888888888886
2 0.7370625000000001 0.5821481481481482 0.07333854166666667 0.1888148148148148
2 0.3602604166666667 0.5805185185185185 0.08223958333333334 0.23464814814814813
2 0.13774479166666667 0.642888888888889 0.07731770833333333 0.2228240740740741