2 0.40234375 0.4236111111111111 0.04609375 0.14444444444444443
2 0.35546875 0.5284722222222222 0.06328125 0.16805555555555557
2 0.25390625 0.5604166666666667 0.0640625 0.2361111111111111
2 0.154296875 0.6263888888888889 0.08359375 0.18888888888888888
2 0.496484375 0.5243055555555556 0.0515625 0.17083333333333334
2 0.59375 0.6145833333333334 0.0546875 0.2361111111111111
2 0.18671875 0.81875 0.05859375 0.29444444444444445
2 0.509765625 0.39791666666666664 0.05625 0.1527777777777778
2 0.663671875 0.4201388888888889 0.04296875 0.12638888888888888
2 0.59453125 0.4201388888888889 0.0375 0.12916666666666668
3 0.3578125 0.4361111111111111 0.05703125 0.14027777777777778
3 0.51875 0.7604166666666666 0.075 0.27361111111111114
1 0.185546875 0.4638888888888889 0.05234375 0.15694444444444444