1 0.8813203125 0.3620416666666667 0.05665625 0.16806944444444444
3 0.7971484375 0.29573611111111114 0.0354453125 0.15815277777777778
3 0.26964062499999997 0.8183194444444445 0.07808593750000001 0.2681111111111111
2 0.31163281249999997 0.5294861111111111 0.08784375 0.2274861111111111
2 0.317359375 0.3994305555555555 0.0576328125 0.17106944444444444
2 0.49358593749999996 0.4017361111111111 0.0572265625 0.17569444444444443
2 0.57275 0.3293055555555556 0.054093749999999996 0.16508333333333333
2 0.6027578124999999 0.3202777777777778 0.0451015625 0.15166666666666667
2 0.645140625 0.4442083333333333 0.042625 0.21665277777777778
2 0.7302265625000001 0.45751388888888894 0.068265625 0.19927777777777778
2 0.8147265625 0.5393194444444445 0.0679921875 0.21706944444444443
2 0.44489062500000004 0.5443055555555555 0.073375 0.18490277777777778