3 0.26964062499999997 0.8095138888888889 0.104125 0.32458333333333333
3 0.48805468750000003 0.2940138888888889 0.0474609375 0.13384722222222223
1 0.5827734375 0.33693055555555557 0.081953125 0.15720833333333334
2 0.6171484375 0.5088888888888888 0.09861718750000001 0.22795833333333332
2 0.7037265625 0.6137222222222222 0.09209375 0.26634722222222224
2 0.79740625 0.45311111111111113 0.0620078125 0.1766111111111111
2 0.9512421874999999 0.41156944444444443 0.06889062500000001 0.19305555555555556
2 0.45563281250000004 0.5086666666666667 0.0633515625 0.18584722222222222
2 0.42132812499999994 0.415625 0.055929687500000005 0.13866666666666666
2 0.3891015625 0.40243055555555557 0.0526796875 0.15394444444444444
2 0.35765625 0.4152777777777778 0.061406249999999996 0.15416666666666667
2 0.34587500000000004 0.5706805555555555 0.086015625 0.24506944444444442
2 0.18058593750000002 0.5537916666666667 0.092671875 0.17887499999999998
2 0.1868359375 0.40868055555555555 0.053093749999999995 0.14329166666666668
2 0.08527343750000001 0.4290555555555556 0.0635234375 0.15625