1 0.495703125 0.3347222222222222 0.06796875 0.17222222222222222
3 0.482421875 0.2361111111111111 0.05078125 0.13055555555555556
3 0.732421875 0.30416666666666664 0.08671875 0.18611111111111112
2 0.686328125 0.28958333333333336 0.065625 0.15694444444444444
2 0.610546875 0.2625 0.05078125 0.12777777777777777
2 0.653125 0.21666666666666667 0.03984375 0.12777777777777777
2 0.68671875 0.2 0.0453125 0.14027777777777778
2 0.7234375 0.21597222222222223 0.04609375 0.1388888888888889
2 0.581640625 0.3125 0.0515625 0.15833333333333333
2 0.533203125 0.3715277777777778 0.06015625 0.1638888888888889
2 0.437109375 0.4326388888888889 0.059375 0.17222222222222222
2 0.2484375 0.5291666666666667 0.0765625 0.18611111111111112
2 0.13828125 0.64375 0.0796875 0.19444444444444445
2 0.313671875 0.7104166666666667 0.08984375 0.24861111111111112
2 0.93359375 0.5229166666666667 0.1 0.29444444444444445