3 0.52821875 0.21184722222222221 0.053578125 0.15933333333333333
3 0.46839062499999995 0.6323611111111112 0.0732421875 0.255
1 0.36228125 0.2611388888888889 0.05111718750000001 0.16070833333333331
2 0.093609375 0.39202777777777775 0.0489375 0.13775
2 0.18475 0.3813611111111111 0.0853828125 0.23680555555555555
2 0.29014843749999997 0.3729166666666667 0.0891484375 0.2314861111111111
2 0.3031640625 0.3629722222222222 0.0578984375 0.16066666666666668
2 0.4168359375 0.3929444444444445 0.0586640625 0.1951388888888889
2 0.4805703125 0.3503611111111111 0.0311875 0.17479166666666665
2 0.5120078125 0.36713888888888885 0.0485 0.20602777777777778
2 0.6541875 0.34341666666666665 0.0307734375 0.15165277777777778
2 0.648265625 0.29308333333333336 0.03325 0.14125000000000001
2 0.6229375 0.21358333333333335 0.0411953125 0.12809722222222222
2 0.905734375 0.3154166666666667 0.0494921875 0.17434722222222224
2 0.7631640625 0.4869027777777778 0.053414062500000005 0.21640277777777778