2 0.510640625 0.37072222222222223 0.0522734375 0.18775
2 0.5464453125000001 0.34862499999999996 0.0483671875 0.20604166666666665
2 0.55478125 0.2835972222222222 0.0389921875 0.15468055555555557
2 0.58928125 0.2689027777777778 0.0324765625 0.1415
2 0.6187109375000001 0.2609166666666667 0.0392421875 0.12784722222222222
2 0.63934375 0.29609722222222223 0.0271328125 0.1333888888888889
2 0.6810078125000001 0.3795138888888889 0.0479609375 0.18681944444444443
3 0.7545703125000001 0.4045138888888889 0.0466484375 0.20902777777777778
2 0.763625 0.3655138888888889 0.034796875 0.16112500000000002
2 0.3550546875 0.4420138888888889 0.056195312500000004 0.17290277777777777
2 0.256421875 0.6146527777777778 0.0711796875 0.25893055555555555
2 0.043679687499999995 0.4765 0.051937500000000004 0.16316666666666668
3 0.53525 0.23834722222222224 0.04159375 0.10818055555555556
1 0.3823984375 0.27652777777777776 0.0327578125 0.133625