1 0.35173437500000004 0.4938518518518519 0.03783854166666667 0.15622222222222223
3 0.11522395833333333 0.5521759259259259 0.06611979166666666 0.18026851851851852
3 0.970765625 0.5650185185185186 0.05846354166666667 0.19899999999999998
2 0.623265625 0.5222037037037037 0.050958333333333335 0.19208333333333333
2 0.6189687500000001 0.4464074074074074 0.039760416666666666 0.15855555555555556
2 0.6000885416666667 0.5313425925925926 0.035859375 0.17564814814814814
2 0.594359375 0.4645740740740741 0.03481770833333333 0.17405555555555555
2 0.6843958333333333 0.4906111111111111 0.03910416666666667 0.16825925925925925
2 0.932296875 0.4454814814814815 0.03490625 0.12893518518518518
2 0.6552291666666666 0.4801944444444445 0.027651041666666668 0.1520648148148148
2 0.5346666666666666 0.5748518518518518 0.05734895833333333 0.2071111111111111
2 0.5273072916666667 0.49315740740740743 0.0439375 0.16872222222222222
2 0.46318229166666663 0.5591111111111111 0.06803645833333333 0.21266666666666667
2 0.37106770833333336 0.6567777777777778 0.059583333333333335 0.23207407407407407
2 0.29756770833333335 0.7014444444444444 0.04930208333333333 0.21492592592592594