1 0.68984375 0.4388888888888889 0.075 0.1875
3 0.950390625 0.5840277777777778 0.0703125 0.18333333333333332
3 0.031640625 0.2777777777777778 0.0625 0.23333333333333334
2 0.237109375 0.2833333333333333 0.090625 0.19305555555555556
2 0.15859375 0.44166666666666665 0.146875 0.2777777777777778
2 0.435546875 0.3611111111111111 0.0890625 0.22361111111111112
2 0.4484375 0.34930555555555554 0.05703125 0.15694444444444444
2 0.485546875 0.28541666666666665 0.053125 0.13472222222222222
2 0.484765625 0.38263888888888886 0.05703125 0.1597222222222222
2 0.500390625 0.30694444444444446 0.0375 0.11666666666666667
2 0.519140625 0.45902777777777776 0.06328125 0.19583333333333333
2 0.5484375 0.5583333333333333 0.071875 0.23194444444444445
2 0.880078125 0.6680555555555555 0.07109375 0.2152777777777778