1 0.3296875 0.34375 0.08203125 0.1625
3 0.43671875 0.2701388888888889 0.06484375 0.14305555555555555
3 0.583203125 0.7666666666666667 0.1421875 0.32916666666666666
2 0.678125 0.5486111111111112 0.12109375 0.2791666666666667
2 0.49375 0.4340277777777778 0.103125 0.2013888888888889
2 0.225 0.6305555555555555 0.08671875 0.22083333333333333
2 0.28515625 0.51875 0.08203125 0.18888888888888888
2 0.3953125 0.44513888888888886 0.08203125 0.19166666666666668
2 0.35 0.47638888888888886 0.06875 0.2111111111111111
2 0.5859375 0.33194444444444443 0.06171875 0.15555555555555556
2 0.602734375 0.31666666666666665 0.053125 0.16527777777777777
2 0.59140625 0.2590277777777778 0.0484375 0.13472222222222222
2 0.6328125 0.3055555555555556 0.06328125 0.12916666666666668
2 0.953515625 0.30833333333333335 0.06171875 0.19444444444444445