1 0.543390625 0.3472361111111111 0.0565703125 0.194
3 0.48206249999999995 0.2789583333333333 0.0406875 0.15468055555555557
3 0.1889140625 0.6880277777777778 0.10413281249999999 0.22511111111111112
2 0.13859375000000002 0.48204166666666665 0.056874999999999995 0.16502777777777777
2 0.16795312499999998 0.3877361111111111 0.054398437499999994 0.1500138888888889
2 0.2456171875 0.401625 0.057382812500000005 0.18704166666666666
2 0.3452890625 0.3398333333333333 0.060109375 0.16068055555555555
2 0.40771875 0.40902777777777777 0.0456484375 0.1925972222222222
2 0.46149218750000004 0.4562361111111111 0.0412109375 0.18516666666666665
2 0.51259375 0.4549722222222222 0.04315625 0.17105555555555554
2 0.6961796875 0.5080833333333333 0.07178124999999999 0.20551388888888888
2 0.620859375 0.678875 0.0943125 0.27858333333333335