2 0.473046875 0.43680555555555556 0.0390625 0.1388888888888889
2 0.444921875 0.37777777777777777 0.0390625 0.13333333333333333
2 0.42265625 0.39375 0.04765625 0.15416666666666667
2 0.36875 0.4013888888888889 0.053125 0.14444444444444443
2 0.32421875 0.3597222222222222 0.03671875 0.11805555555555555
2 0.234375 0.4444444444444444 0.07578125 0.18194444444444444
2 0.168359375 0.4423611111111111 0.065625 0.16111111111111112
2 0.610546875 0.5104166666666666 0.0421875 0.15694444444444444
2 0.67578125 0.5319444444444444 0.05390625 0.16111111111111112
2 0.683203125 0.5611111111111111 0.0453125 0.17777777777777778
3 0.103125 0.36875 0.03828125 0.13472222222222222
3 0.851953125 0.5305555555555556 0.0546875 0.1361111111111111
1 0.558984375 0.41388888888888886 0.04375 0.14166666666666666