1 0.6712421875000001 0.5530972222222222 0.0445703125 0.13583333333333333
3 0.5838828125 0.5282222222222223 0.03078125 0.11154166666666666
3 0.06821875 0.7619583333333334 0.0580546875 0.2734583333333333
2 0.8546953125 0.7146388888888888 0.0672109375 0.1903888888888889
2 0.7709140624999999 0.6549305555555556 0.061875 0.22837500000000002
2 0.5034140625 0.8132222222222222 0.083390625 0.27644444444444444
2 0.5179296875 0.649375 0.056437499999999995 0.19874999999999998
2 0.47717968749999995 0.5985694444444445 0.04525 0.16891666666666666
2 0.4004921875 0.5949861111111111 0.0351015625 0.1409027777777778
2 0.3820703125 0.5461527777777778 0.0334140625 0.13120833333333334
2 0.35368750000000004 0.56675 0.039140625 0.13999999999999999
2 0.3195703125 0.5345833333333333 0.0334140625 0.1450972222222222
2 0.2217265625 0.5989305555555556 0.0447578125 0.15340277777777778
2 0.163328125 0.5635138888888889 0.0646875 0.17054166666666667
2 0.086515625 0.6188333333333333 0.051671875 0.13766666666666666