2 0.599609375 0.47152777777777777 0.08515625 0.225
2 0.72109375 0.5229166666666667 0.078125 0.22083333333333333
2 0.768359375 0.8055555555555556 0.09921875 0.36666666666666664
2 0.530859375 0.5027777777777778 0.0703125 0.21666666666666667
2 0.473046875 0.4097222222222222 0.0734375 0.19583333333333333
2 0.4234375 0.3819444444444444 0.0765625 0.22361111111111112
2 0.420703125 0.3375 0.04453125 0.15833333333333333
2 0.43515625 0.34652777777777777 0.04765625 0.14722222222222223
2 0.452734375 0.33611111111111114 0.06328125 0.15833333333333333
2 0.3953125 0.26666666666666666 0.0546875 0.1486111111111111
2 0.33984375 0.2965277777777778 0.06015625 0.1638888888888889
2 0.222265625 0.3375 0.09453125 0.2125
3 0.287109375 0.3902777777777778 0.08203125 0.1986111111111111
3 0.820703125 0.5027777777777778 0.09296875 0.2111111111111111
1 0.66875 0.37916666666666665 0.075 0.18611111111111112