2 0.47994791666666664 0.43333333333333335 0.04635416666666667 0.14907407407407408
2 0.49114583333333334 0.3972222222222222 0.04635416666666667 0.15092592592592594
2 0.41848958333333336 0.5592592592592592 0.0703125 0.22870370370370371
2 0.22239583333333332 0.5541666666666667 0.06510416666666667 0.18611111111111112
2 0.6098958333333333 0.36342592592592593 0.04895833333333333 0.13333333333333333
2 0.56953125 0.3287037037037037 0.04895833333333333 0.1287037037037037
2 0.7075520833333333 0.3375 0.04895833333333333 0.11018518518518519
2 0.83203125 0.41435185185185186 0.052083333333333336 0.13425925925925927
2 0.7309895833333333 0.5592592592592592 0.07291666666666667 0.1685185185185185
2 0.53671875 0.49722222222222223 0.06302083333333333 0.16944444444444445
2 0.6486979166666667 0.9032407407407408 0.0703125 0.1935185185185185
2 0.7552083333333334 0.913425925925926 0.071875 0.17314814814814813
3 0.4109375 0.2796296296296296 0.05677083333333333 0.125
1 0.33229166666666665 0.337037037037037 0.0515625 0.15185185185185185