1 0.655078125 0.33819444444444446 0.078125 0.21388888888888888
3 0.516796875 0.2722222222222222 0.06953125 0.17777777777777778
3 0.225 0.4888888888888889 0.10625 0.2111111111111111
2 0.214453125 0.37083333333333335 0.075 0.18611111111111112
2 0.292578125 0.3923611111111111 0.0765625 0.22361111111111112
2 0.35234375 0.2923611111111111 0.03203125 0.12638888888888888
2 0.37890625 0.3090277777777778 0.05625 0.14166666666666666
2 0.4109375 0.3888888888888889 0.059375 0.17777777777777778
2 0.4109375 0.3548611111111111 0.03671875 0.11805555555555555
2 0.426953125 0.35555555555555557 0.040625 0.14583333333333334
2 0.36484375 0.41805555555555557 0.0703125 0.2111111111111111
2 0.554296875 0.4375 0.04453125 0.18333333333333332
2 0.78984375 0.5173611111111112 0.05546875 0.2013888888888889
2 0.928125 0.5465277777777777 0.0546875 0.17777777777777778
2 0.57109375 0.7659722222222223 0.090625 0.29305555555555557