1 0.3533854166666667 0.5398148148148149 0.05260416666666667 0.16574074074074074
3 0.12604166666666666 0.6703703703703704 0.0828125 0.19814814814814816
3 0.965625 0.41805555555555557 0.06875 0.21388888888888888
2 0.6234375 0.4837962962962963 0.06875 0.20462962962962963
2 0.6119791666666666 0.41064814814814815 0.0546875 0.1685185185185185
2 0.6015625 0.5 0.05260416666666667 0.18425925925925926
2 0.5895833333333333 0.4361111111111111 0.051041666666666666 0.1824074074074074
2 0.6807291666666667 0.4337962962962963 0.0546875 0.17777777777777778
2 0.9203125 0.31296296296296294 0.046875 0.13796296296296295
2 0.6510416666666666 0.4324074074074074 0.0421875 0.15833333333333333
2 0.54140625 0.562962962962963 0.0765625 0.2212962962962963
2 0.5263020833333333 0.4847222222222222 0.059895833333333336 0.17962962962962964
2 0.46953125 0.5694444444444444 0.08802083333333334 0.23055555555555557
2 0.38828125 0.6939814814814815 0.08125 0.24722222222222223
2 0.3203125 0.7606481481481482 0.06979166666666667 0.22685185185185186