2 0.380859375 0.7118055555555556 0.0515625 0.19027777777777777
2 0.182421875 0.7180555555555556 0.04921875 0.17916666666666667
2 0.021484375 0.7326388888888888 0.03046875 0.14444444444444443
2 0.312109375 0.8409722222222222 0.10625 0.27361111111111114
2 0.4359375 0.6659722222222222 0.06484375 0.17083333333333334
2 0.372265625 0.6534722222222222 0.05390625 0.1638888888888889
2 0.60078125 0.63125 0.05234375 0.16111111111111112
2 0.5734375 0.5611111111111111 0.04609375 0.125
2 0.51953125 0.53125 0.04375 0.125
2 0.662109375 0.5833333333333334 0.0515625 0.1375
2 0.7109375 0.6381944444444444 0.07265625 0.19027777777777777
2 0.812890625 0.56875 0.0734375 0.14027777777777778
3 0.195703125 0.6541666666666667 0.053125 0.1527777777777778
3 0.973046875 0.58125 0.05390625 0.1625
1 0.330078125 0.6104166666666667 0.05234375 0.1361111111111111