3 0.236328125 0.7097222222222223 0.1421875 0.35833333333333334
3 0.514453125 0.29444444444444445 0.06328125 0.15
1 0.601171875 0.37430555555555556 0.1 0.18611111111111112
2 0.612890625 0.5555555555555556 0.125 0.2611111111111111
2 0.683984375 0.6923611111111111 0.1234375 0.29583333333333334
2 0.795703125 0.5729166666666666 0.0828125 0.19722222222222222
2 0.95078125 0.5944444444444444 0.09140625 0.2152777777777778
2 0.455859375 0.4909722222222222 0.08515625 0.20694444444444443
2 0.433984375 0.3861111111111111 0.071875 0.15694444444444444
2 0.404296875 0.36041666666666666 0.07109375 0.17083333333333334
2 0.371875 0.36041666666666666 0.0796875 0.175
2 0.341015625 0.5069444444444444 0.11484375 0.27361111111111114
2 0.18203125 0.425 0.11328125 0.2111111111111111
2 0.20625 0.2861111111111111 0.06953125 0.16111111111111112
2 0.1046875 0.2652777777777778 0.08203125 0.17777777777777778