2 0.751953125 0.4985138888888889 0.0753359375 0.2946388888888889
2 0.9294062500000001 0.328875 0.05078125 0.20536111111111113
2 0.6593203125 0.33779166666666666 0.064171875 0.16369444444444445
2 0.588171875 0.2946388888888889 0.044640625 0.13690277777777776
2 0.603796875 0.25445833333333334 0.0357109375 0.1279722222222222
2 0.5379453125 0.375 0.046875 0.19444444444444445
2 0.49525781249999995 0.44593055555555555 0.057476562499999995 0.2212361111111111
2 0.40513281250000005 0.3988055555555555 0.0513359375 0.2063472222222222
2 0.341796875 0.4781805555555556 0.057476562499999995 0.2301527777777778
2 0.1573671875 0.45734722222222224 0.064734375 0.2202361111111111
2 0.02734375 0.5044583333333333 0.0546875 0.2470277777777778
1 0.2882265625 0.3234166666666667 0.0853828125 0.17856944444444445
3 0.44671093749999996 0.26884722222222224 0.051898437500000005 0.13690277777777776
3 0.49692968750000005 0.6592222222222222 0.076453125 0.2986111111111111