1 0.6625 0.4701388888888889 0.0390625 0.14444444444444443
3 0.847265625 0.5263888888888889 0.04609375 0.16111111111111112
3 0.11796875 0.4479166666666667 0.06015625 0.17222222222222222
2 0.3046875 0.4375 0.053125 0.14583333333333334
2 0.2921875 0.5388888888888889 0.0546875 0.225
2 0.38359375 0.39444444444444443 0.03828125 0.14027777777777778
2 0.432421875 0.35555555555555557 0.0375 0.1111111111111111
2 0.4375 0.47708333333333336 0.04921875 0.17777777777777778
2 0.46875 0.5076388888888889 0.0421875 0.17222222222222222
2 0.5515625 0.5076388888888889 0.04921875 0.1527777777777778
2 0.74140625 0.6243055555555556 0.05078125 0.16944444444444445
2 0.731640625 0.5645833333333333 0.04765625 0.14305555555555555
2 0.71015625 0.5979166666666667 0.0453125 0.16944444444444445