1 0.6744375 0.3537222222222222 0.051734375 0.16993055555555556
3 0.947203125 0.3739722222222222 0.047796875 0.16645833333333332
3 0.0150390625 0.5006666666666667 0.030078125 0.2277361111111111
2 0.2143046875 0.4114583333333333 0.0689765625 0.1673611111111111
2 0.1615703125 0.6007638888888889 0.11715625 0.23116666666666666
2 0.41754687500000004 0.3951388888888889 0.0613984375 0.20184722222222223
2 0.42816406249999994 0.37825 0.037046875 0.14493055555555553
2 0.4547890625 0.29933333333333334 0.0369140625 0.12134722222222223
2 0.46813281250000005 0.39398611111111115 0.036265625 0.148625
2 0.4723671875 0.31333333333333335 0.022593750000000003 0.11
2 0.5123359375 0.45161111111111113 0.037429687499999996 0.18516666666666665
2 0.5552343750000001 0.534 0.041203125 0.22031944444444443
2 0.891609375 0.4877083333333333 0.043375000000000004 0.20181944444444444