1 0.66796875 0.30833333333333335 0.0953125 0.24444444444444444
3 0.8828125 0.26180555555555557 0.078125 0.19722222222222222
2 0.842578125 0.3819444444444444 0.0875 0.21805555555555556
2 0.787109375 0.46875 0.13359375 0.2875
2 0.687890625 0.4326388888888889 0.10703125 0.2388888888888889
2 0.507421875 0.4986111111111111 0.08125 0.25972222222222224
2 0.481640625 0.4951388888888889 0.08671875 0.18194444444444444
2 0.47890625 0.4597222222222222 0.0625 0.1625
2 0.519921875 0.44305555555555554 0.07578125 0.19027777777777777
2 0.443359375 0.3993055555555556 0.071875 0.1875
2 0.429296875 0.3680555555555556 0.0453125 0.14444444444444443
2 0.4578125 0.33402777777777776 0.05625 0.14722222222222223
2 0.256640625 0.4597222222222222 0.07890625 0.1763888888888889