1 0.17146875 0.4646944444444444 0.04840625 0.1812222222222222
3 0.2906015625 0.3929444444444445 0.044484375 0.1488611111111111
3 0.601328125 0.8606527777777777 0.0708828125 0.27870833333333334
2 0.47327343749999995 0.4737222222222222 0.058265625 0.166875
2 0.47731250000000003 0.40544444444444444 0.0376953125 0.10904166666666668
2 0.4266015625 0.4270833333333333 0.04434375 0.12686111111111112
2 0.3547890625 0.5361944444444444 0.05046874999999999 0.21776388888888887
2 0.2364375 0.5757777777777778 0.055953125000000006 0.19970833333333332
2 0.026750000000000003 0.6301666666666667 0.053500000000000006 0.20199999999999999
2 0.2722421875 0.791125 0.104125 0.2577083333333334
2 0.6740468749999999 0.6161666666666666 0.074390625 0.19481944444444446
2 0.6871328125 0.4342638888888889 0.02634375 0.11805555555555555