1 0.2953125 0.324537037037037 0.05520833333333333 0.15648148148148147
3 0.3455729166666667 0.24351851851851852 0.078125 0.21388888888888888
2 0.4640625 0.17685185185185184 0.05416666666666667 0.1361111111111111
2 0.5263020833333333 0.23657407407407408 0.05677083333333333 0.16944444444444445
2 0.63984375 0.2523148148148148 0.07135416666666666 0.17592592592592593
2 0.715625 0.2412037037037037 0.0484375 0.15
2 0.5565104166666667 0.42824074074074076 0.07395833333333333 0.1787037037037037
2 0.5690104166666666 0.36018518518518516 0.0546875 0.17592592592592593
2 0.49947916666666664 0.41388888888888886 0.0734375 0.18888888888888888
2 0.34010416666666665 0.5162037037037037 0.084375 0.21666666666666667
2 0.2916666666666667 0.5606481481481481 0.08072916666666667 0.1962962962962963
2 0.29296875 0.5111111111111111 0.09635416666666667 0.2074074074074074
2 0.38515625 0.8194444444444444 0.1296875 0.26944444444444443
2 0.79453125 0.43287037037037035 0.08333333333333333 0.24259259259259258