2 0.500484375 0.339375 0.0580078125 0.14123611111111112
2 0.5396093750000001 0.27190277777777777 0.0464140625 0.124375
2 0.47907031250000004 0.41909722222222223 0.04771875 0.15023611111111113
2 0.5058281250000001 0.4629583333333333 0.051492187499999995 0.16062500000000002
2 0.548140625 0.3975694444444444 0.06476562500000001 0.15811111111111112
2 0.5917578125 0.451375 0.05044531249999999 0.20784722222222224
2 0.6730703124999999 0.5657083333333334 0.08154687499999999 0.27908333333333335
2 0.9434296874999999 0.4946527777777777 0.0793046875 0.20644444444444443
2 0.16365625 0.5048472222222222 0.058828124999999995 0.20829166666666665
2 0.084234375 0.6527222222222222 0.1187265625 0.26794444444444443
2 0.3758828125 0.853125 0.113484375 0.29375
3 0.9618515625 0.39838888888888885 0.060164062500000004 0.17130555555555557
1 0.748 0.3299861111111111 0.066046875 0.18961111111111112