1 0.89921875 0.2923611111111111 0.06484375 0.18888888888888888
3 0.743359375 0.27291666666666664 0.08828125 0.19583333333333333
3 0.15859375 0.89375 0.15 0.2125
2 0.084375 0.6090277777777777 0.08125 0.21805555555555556
2 0.1359375 0.5777777777777777 0.06875 0.20277777777777778
2 0.64765625 0.8527777777777777 0.12578125 0.27361111111111114
2 0.774609375 0.5388888888888889 0.07890625 0.22777777777777777
2 0.801953125 0.4083333333333333 0.07734375 0.22777777777777777
2 0.691015625 0.3993055555555556 0.09375 0.20416666666666666
2 0.614453125 0.3548611111111111 0.0609375 0.16666666666666666
2 0.59765625 0.3194444444444444 0.07265625 0.19166666666666668
2 0.5109375 0.32708333333333334 0.05234375 0.1375