2 0.4695625 0.442125 0.0313203125 0.13379166666666667
2 0.4379921875 0.38843055555555556 0.031968750000000004 0.12826388888888887
2 0.41676562500000003 0.4084583333333333 0.0390078125 0.14745833333333333
2 0.3637734375 0.42604166666666665 0.045 0.13634722222222223
2 0.3168359375 0.39341666666666664 0.0305546875 0.11275
2 0.23240625 0.4940833333333333 0.066109375 0.17056944444444444
2 0.1666484375 0.5043888888888889 0.056999999999999995 0.15181944444444445
2 0.610640625 0.4900277777777778 0.033515625 0.15090277777777777
2 0.67684375 0.49918055555555557 0.0448359375 0.15298611111111113
2 0.6857656249999999 0.5269444444444444 0.035328125 0.17148611111111112
3 0.097515625 0.44340277777777776 0.0307109375 0.1293888888888889
3 0.851765625 0.46504166666666663 0.0470234375 0.12869444444444444
1 0.5534765625 0.40347222222222223 0.0363828125 0.13519444444444445