2 0.578125 0.38680555555555557 0.0625 0.1763888888888889
2 0.66328125 0.3138888888888889 0.05390625 0.19305555555555556
2 0.683203125 0.2902777777777778 0.0546875 0.1625
2 0.514453125 0.5236111111111111 0.09921875 0.24861111111111112
2 0.448828125 0.44722222222222224 0.0671875 0.2125
2 0.367578125 0.5680555555555555 0.04921875 0.2388888888888889
2 0.20390625 0.5680555555555555 0.06875 0.2388888888888889
2 0.158984375 0.5791666666666667 0.0625 0.2013888888888889
2 0.278125 0.42083333333333334 0.05 0.20277777777777778
2 0.64140625 0.6076388888888888 0.0578125 0.23055555555555557
2 0.935546875 0.6722222222222223 0.0609375 0.22777777777777777
3 0.5328125 0.26180555555555557 0.03515625 0.14305555555555555
3 0.391015625 0.6055555555555555 0.059375 0.22777777777777777
1 0.490625 0.2826388888888889 0.03984375 0.14027777777777778