2 0.418359375 0.7458333333333333 0.15234375 0.37222222222222223
2 0.625 0.8375 0.1796875 0.325
2 0.192578125 0.5291666666666667 0.07890625 0.28055555555555556
2 0.153515625 0.3854166666666667 0.06640625 0.2152777777777778
2 0.240234375 0.38958333333333334 0.065625 0.1986111111111111
2 0.31640625 0.3416666666666667 0.05546875 0.1736111111111111
2 0.396875 0.4097222222222222 0.078125 0.2111111111111111
2 0.4671875 0.4048611111111111 0.05390625 0.1736111111111111
2 0.619921875 0.5173611111111112 0.0859375 0.2263888888888889
2 0.864453125 0.38333333333333336 0.071875 0.18194444444444444
2 0.4828125 0.3548611111111111 0.0765625 0.13194444444444445