1 0.14192708333333334 0.262037037037037 0.058333333333333334 0.16666666666666666
3 0.215625 0.2351851851851852 0.08020833333333334 0.18055555555555555
2 0.2830729166666667 0.18935185185185185 0.05625 0.15
2 0.35052083333333334 0.21851851851851853 0.058854166666666666 0.15
2 0.34010416666666665 0.3675925925925926 0.07291666666666667 0.20462962962962963
2 0.46197916666666666 0.3347222222222222 0.07395833333333333 0.1574074074074074
2 0.12213541666666666 0.4152777777777778 0.08229166666666667 0.2324074074074074
2 0.18307291666666667 0.5592592592592592 0.08697916666666666 0.2490740740740741
2 0.4671875 0.6935185185185185 0.0984375 0.24722222222222223
2 0.7161458333333334 0.6777777777777778 0.08489583333333334 0.20833333333333334
2 0.771875 0.362962962962963 0.0546875 0.1685185185185185
2 0.9403645833333333 0.525 0.0640625 0.18981481481481483
2 0.9755208333333333 0.4439814814814815 0.04895833333333333 0.13240740740740742