1 0.7794270833333333 0.4375 0.096875 0.24351851851851852
3 0.93984375 0.5060185185185185 0.0890625 0.25555555555555554
3 0.41692708333333334 0.6601851851851852 0.0984375 0.29259259259259257
2 0.41380208333333335 0.46064814814814814 0.14427083333333332 0.32037037037037036
2 0.3059895833333333 0.37222222222222223 0.08802083333333334 0.23333333333333334
2 0.20572916666666666 0.42268518518518516 0.0890625 0.2462962962962963
2 0.16510416666666666 0.21851851851851853 0.08020833333333334 0.2212962962962963
2 0.41796875 0.1824074074074074 0.08229166666666667 0.19444444444444445
2 0.45651041666666664 0.24212962962962964 0.06927083333333334 0.1824074074074074
2 0.3625 0.6759259259259259 0.1078125 0.3074074074074074
2 0.5716145833333334 0.4597222222222222 0.11145833333333334 0.2611111111111111
2 0.6643229166666667 0.5583333333333333 0.0578125 0.17685185185185184
2 0.7322916666666667 0.6069444444444444 0.07864583333333333 0.1962962962962963
2 0.67890625 0.7157407407407408 0.08958333333333333 0.30092592592592593