2 0.73465625 0.46081944444444445 0.076453125 0.17559722222222224
1 0.60965625 0.3189444444444444 0.056359375 0.16568055555555555
2 0.5131171875 0.4791666666666667 0.0619453125 0.1845277777777778
2 0.6185859375 0.7633888888888889 0.076453125 0.2886944444444445
2 0.24078906249999998 0.5104166666666666 0.084265625 0.21130555555555552
2 0.033484375 0.49156944444444445 0.0669609375 0.21329166666666666
2 0.3895078125 0.33084722222222224 0.0379453125 0.11805555555555555
2 0.431921875 0.2738055555555555 0.0401796875 0.12698611111111113
2 0.9634453125 0.48362499999999997 0.060828125 0.22519444444444442
3 0.8596562499999999 0.35515277777777776 0.0675234375 0.18651388888888887
2 0.3900703125 0.40823611111111113 0.036828125 0.1696388888888889
2 0.42159375 0.4107083333333333 0.0440859375 0.16666666666666666
2 0.3540703125 0.3879027777777778 0.0385078125 0.14880555555555555