2 0.59453125 0.5006944444444444 0.06484375 0.2152777777777778
1 0.625 0.40208333333333335 0.0671875 0.18194444444444444
2 0.77890625 0.5541666666666667 0.071875 0.2152777777777778
3 0.808984375 0.4666666666666667 0.05390625 0.19166666666666668
2 0.269921875 0.5493055555555556 0.1015625 0.2611111111111111
2 0.067578125 0.4777777777777778 0.0921875 0.25416666666666665
2 0.219140625 0.29583333333333334 0.06484375 0.15555555555555556
2 0.2734375 0.3541666666666667 0.06484375 0.1763888888888889
2 0.3296875 0.35 0.059375 0.18611111111111112
2 0.35625 0.32430555555555557 0.0421875 0.14444444444444443
2 0.386328125 0.3888888888888889 0.0671875 0.18888888888888888
2 0.4375 0.4375 0.05703125 0.20416666666666666
2 0.42578125 0.41875 0.05078125 0.1875