2 0.530078125 0.28402777777777777 0.04609375 0.16944444444444445
2 0.550390625 0.32013888888888886 0.053125 0.20694444444444443
2 0.85390625 0.32430555555555557 0.07265625 0.20972222222222223
2 0.766796875 0.5701388888888889 0.0796875 0.30277777777777776
2 0.4640625 0.41180555555555554 0.07890625 0.20694444444444443
2 0.347265625 0.5076388888888889 0.07265625 0.23055555555555557
2 0.26015625 0.4861111111111111 0.078125 0.20555555555555555
2 0.2078125 0.5229166666666667 0.08828125 0.23333333333333334
2 0.169140625 0.5534722222222223 0.0875 0.21944444444444444
2 0.11328125 0.6986111111111111 0.13046875 0.2875
2 0.239453125 0.7520833333333333 0.11953125 0.31805555555555554
3 0.3625 0.27569444444444446 0.053125 0.15555555555555556
3 0.946875 0.61875 0.10625 0.3458333333333333
1 0.259375 0.3416666666666667 0.08359375 0.17916666666666667