2 0.6181249999999999 0.4911851851851852 0.05499479166666667 0.2133888888888889
2 0.5515260416666667 0.4306666666666667 0.05591666666666666 0.1918888888888889
2 0.44261458333333337 0.3976851851851852 0.06855729166666666 0.17454629629629628
2 0.41442187500000005 0.3019907407407407 0.044734375 0.14750000000000002
2 0.155390625 0.34029629629629626 0.05140625 0.16160185185185186
2 0.07446875 0.7790925925925926 0.07055208333333333 0.2243888888888889
2 0.3459375 0.4518425925925926 0.06401041666666667 0.17174074074074072
2 0.42542708333333334 0.4720925925925926 0.070640625 0.20529629629629628
2 0.5417604166666667 0.6493703703703704 0.06503125 0.24503703703703703
2 0.8431770833333334 0.5452222222222223 0.055880208333333334 0.20341666666666666
2 0.9093802083333333 0.6080555555555556 0.05678645833333333 0.23880555555555558
3 0.33780208333333334 0.5970648148148149 0.08028645833333334 0.22375925925925927
3 0.633421875 0.2896111111111111 0.0504375 0.1574537037037037
1 0.69715625 0.4130740740740741 0.054203125 0.203