2 0.483984375 0.32708333333333334 0.0375 0.12916666666666668
2 0.518359375 0.35833333333333334 0.05 0.18055555555555555
2 0.58984375 0.40555555555555556 0.05859375 0.19166666666666668
2 0.746875 0.43472222222222223 0.05703125 0.18472222222222223
2 0.744140625 0.38055555555555554 0.03359375 0.1486111111111111
2 0.426171875 0.6854166666666667 0.0921875 0.2916666666666667
2 0.40390625 0.46111111111111114 0.05859375 0.18472222222222223
2 0.358203125 0.4548611111111111 0.05234375 0.1638888888888889
2 0.298828125 0.4930555555555556 0.0859375 0.2152777777777778
2 0.43984375 0.30833333333333335 0.05234375 0.14583333333333334
3 0.440234375 0.47847222222222224 0.05703125 0.18333333333333332
3 0.776171875 0.3875 0.0546875 0.17083333333333334
1 0.722265625 0.2951388888888889 0.0515625 0.15694444444444444