2 0.19244791666666666 0.5120370370370371 0.07447916666666667 0.19814814814814816
3 0.13463541666666667 0.3787037037037037 0.05260416666666667 0.16111111111111112
2 0.9111979166666667 0.325 0.06197916666666667 0.15
2 0.7658854166666667 0.46296296296296297 0.05260416666666667 0.17777777777777778
2 0.6375 0.3300925925925926 0.04791666666666667 0.14537037037037037
2 0.53359375 0.26990740740740743 0.0546875 0.1398148148148148
2 0.4984375 0.19583333333333333 0.034375 0.11388888888888889
2 0.5760416666666667 0.8550925925925926 0.1125 0.2657407407407407
2 0.46145833333333336 0.6342592592592593 0.07708333333333334 0.22407407407407406
2 0.4453125 0.4310185185185185 0.07395833333333333 0.16574074074074074
2 0.49375 0.4310185185185185 0.05416666666666667 0.15462962962962962
2 0.5028645833333333 0.3921296296296296 0.0421875 0.15462962962962962
1 0.2833333333333333 0.3282407407407407 0.06666666666666667 0.1638888888888889