1 0.311328125 0.5715277777777777 0.07109375 0.1736111111111111
3 0.383984375 0.4583333333333333 0.0546875 0.16527777777777777
3 0.72734375 0.6659722222222222 0.1296875 0.2708333333333333
2 0.5125 0.4326388888888889 0.04609375 0.11666666666666667
2 0.455859375 0.4263888888888889 0.0578125 0.12916666666666668
2 0.549609375 0.5256944444444445 0.06953125 0.19166666666666668
2 0.526171875 0.46319444444444446 0.04453125 0.11805555555555555
2 0.514453125 0.5375 0.07265625 0.18472222222222223
2 0.406640625 0.6180555555555556 0.05703125 0.18194444444444444
2 0.281640625 0.7111111111111111 0.065625 0.19027777777777777
2 0.3734375 0.7611111111111111 0.0734375 0.22361111111111112
2 0.674609375 0.40208333333333335 0.06171875 0.125