1 0.276953125 0.31875 0.0546875 0.16527777777777777
3 0.054296875 0.3993055555555556 0.06171875 0.1875
3 0.826171875 0.3541666666666667 0.0609375 0.1736111111111111
2 0.693359375 0.30625 0.07890625 0.2125
2 0.569921875 0.4027777777777778 0.0765625 0.1875
2 0.503125 0.35208333333333336 0.0578125 0.175
2 0.5125 0.34305555555555556 0.03671875 0.1375
2 0.480078125 0.3416666666666667 0.04140625 0.14583333333333334
2 0.46484375 0.3888888888888889 0.05078125 0.1763888888888889
2 0.48984375 0.3 0.03828125 0.13333333333333333
2 0.46484375 0.24097222222222223 0.04609375 0.11527777777777778
2 0.3546875 0.5319444444444444 0.08046875 0.2513888888888889
2 0.34140625 0.4340277777777778 0.06015625 0.20277777777777778
2 0.266015625 0.5180555555555556 0.08984375 0.22777777777777777
2 0.6 0.6826388888888889 0.14375 0.3638888888888889