2 0.803125 0.475 0.078125 0.21666666666666667
2 0.61796875 0.40370370370370373 0.04635416666666667 0.17407407407407408
2 0.54609375 0.45046296296296295 0.050520833333333334 0.175
2 0.48880208333333336 0.5212962962962963 0.05677083333333333 0.19814814814814816
2 0.4986979166666667 0.4962962962962963 0.03802083333333333 0.1925925925925926
2 0.62734375 0.8467592592592592 0.06927083333333334 0.27870370370370373
2 0.25026041666666665 0.5458333333333333 0.07135416666666666 0.20277777777777778
2 0.5763020833333333 0.29768518518518516 0.0390625 0.16203703703703703
2 0.14973958333333334 0.6097222222222223 0.08697916666666666 0.21203703703703702
2 0.5674479166666667 0.31157407407407406 0.034895833333333334 0.10092592592592593
2 0.61171875 0.23564814814814813 0.0359375 0.12685185185185185
1 0.44140625 0.32407407407407407 0.04739583333333333 0.15925925925925927
2 0.61171875 0.2625 0.03802083333333333 0.13240740740740742
3 0.9403645833333333 0.6532407407407408 0.0890625 0.24722222222222223
3 0.48515625 0.2777777777777778 0.0484375 0.13703703703703704