1 0.58759375 0.35406944444444444 0.0473203125 0.14516666666666667
3 0.4944296875 0.29794444444444446 0.05240625 0.15559722222222222
3 0.3508203125 0.7332638888888889 0.090703125 0.271625
2 0.20740625000000001 0.5455694444444444 0.1046484375 0.2527083333333333
2 0.1751796875 0.40197222222222223 0.05973437499999999 0.17152777777777778
2 0.25206249999999997 0.3910972222222222 0.09240625 0.19144444444444444
2 0.37953125 0.4004583333333333 0.08432031250000001 0.18934722222222225
2 0.42750781250000003 0.43819444444444444 0.048765625 0.15833333333333333
2 0.46331249999999996 0.44895833333333335 0.0552734375 0.15901388888888887
2 0.5475546875 0.44513888888888886 0.054484374999999995 0.17220833333333332
2 0.5910390624999999 0.5657083333333334 0.042499999999999996 0.18651388888888887
2 0.703015625 0.5003333333333333 0.08414843749999999 0.17844444444444443
2 0.9606796875000001 0.41272222222222227 0.0786484375 0.20925
2 0.3915078125 0.2920416666666667 0.050984375000000005 0.1322361111111111