2 0.32946875000000003 0.5665185185185185 0.05320833333333333 0.19044444444444444
2 0.26000520833333335 0.6248425925925927 0.07443749999999999 0.22375
2 0.40387500000000004 0.8398333333333333 0.09916145833333333 0.31578703703703703
2 0.500484375 0.5806296296296297 0.06842187500000001 0.2325648148148148
2 0.4341510416666667 0.5085462962962963 0.06465104166666666 0.21569444444444444
2 0.5204739583333333 0.4578611111111111 0.06802604166666668 0.20229629629629628
2 0.5737916666666667 0.4490648148148148 0.056171874999999996 0.16619444444444445
2 0.741421875 0.5306388888888889 0.06982291666666667 0.24369444444444444
2 0.8190208333333333 0.4892222222222222 0.047942708333333334 0.17474074074074075
2 0.9397864583333334 0.44351851851851853 0.04597395833333333 0.15508333333333335
2 0.980859375 0.49014814814814817 0.03828125 0.17659259259259258
3 0.07766145833333334 0.5423333333333333 0.06521354166666667 0.19068518518518518
1 0.28096875000000004 0.4873703703703704 0.07209375 0.15251851851851853