2 0.3672890625 0.5660694444444444 0.0358828125 0.12656944444444443
2 0.351859375 0.6785416666666667 0.05111718750000001 0.19224999999999998
2 0.243859375 0.8367222222222223 0.0681875 0.27019444444444446
2 0.41442187500000005 0.7855694444444444 0.0968125 0.20031944444444444
2 0.40973437500000004 0.7859305555555556 0.0770234375 0.11074999999999999
2 0.419765625 0.6923055555555555 0.0476015625 0.18508333333333332
2 0.45453124999999994 0.7168333333333333 0.0469296875 0.19709722222222223
2 0.6095937499999999 0.6529583333333333 0.039765625 0.1767638888888889
2 0.7513828124999999 0.8195972222222222 0.055109375 0.2729722222222222
2 0.7024296875 0.8192361111111112 0.053031249999999995 0.2977361111111111
3 0.5806875 0.7034166666666667 0.05695312500000001 0.1980277777777778
3 0.6911640625000001 0.671125 0.057851562499999995 0.19595833333333335
1 0.2285 0.6460277777777778 0.058296875000000005 0.12955555555555556