1 0.4046875 0.2722222222222222 0.06796875 0.17222222222222222
3 0.231640625 0.3020833333333333 0.06484375 0.18055555555555555
3 0.9453125 0.44375 0.05 0.20555555555555555
2 0.64609375 0.4375 0.065625 0.2
2 0.5703125 0.33958333333333335 0.06015625 0.2152777777777778
2 0.60078125 0.28402777777777777 0.05546875 0.15416666666666667
2 0.58046875 0.23680555555555555 0.04453125 0.11944444444444445
2 0.636328125 0.2881944444444444 0.03671875 0.17222222222222222
2 0.66875 0.29097222222222224 0.0546875 0.15
2 0.45859375 0.3923611111111111 0.05234375 0.20833333333333334
2 0.42578125 0.39375 0.0515625 0.19444444444444445
2 0.369921875 0.4076388888888889 0.04296875 0.2111111111111111
2 0.12109375 0.3972222222222222 0.06953125 0.1875
2 0.19140625 0.6159722222222223 0.09453125 0.25972222222222224