2 0.38245833333333334 0.28833333333333333 0.06283333333333334 0.17111111111111113
2 0.4799166666666667 0.17944444444444446 0.048109375 0.14083333333333334
2 0.23331249999999998 0.28694444444444445 0.04449479166666667 0.1775925925925926
2 0.3019947916666667 0.3996574074074074 0.07378124999999999 0.18541666666666667
2 0.23266145833333332 0.4336759259259259 0.05621354166666667 0.15625
2 0.4069375 0.7205277777777778 0.106578125 0.3063425925925926
2 0.4931302083333333 0.4784537037037037 0.07063541666666667 0.20182407407407407
2 0.47731250000000003 0.4304351851851852 0.06894270833333334 0.19605555555555557
2 0.5456666666666667 0.4813425925925926 0.07805208333333334 0.23306481481481484
2 0.839921875 0.6063240740740741 0.06759895833333333 0.24227777777777781
3 0.043609375 0.4853981481481482 0.068734375 0.20644444444444446
3 0.9220781250000001 0.40694444444444444 0.0418125 0.19305555555555556
1 0.7190260416666666 0.34375925925925926 0.066703125 0.20094444444444445