1 0.59765625 0.3076388888888889 0.06328125 0.15833333333333333
3 0.8625 0.27152777777777776 0.06015625 0.18472222222222223
3 0.040234375 0.6270833333333333 0.08046875 0.17083333333333334
2 0.25390625 0.5458333333333333 0.10390625 0.2
2 0.253125 0.7430555555555556 0.08515625 0.24583333333333332
2 0.356640625 0.5972222222222222 0.090625 0.19027777777777777
2 0.32890625 0.4284722222222222 0.05546875 0.15555555555555556
2 0.3515625 0.3909722222222222 0.06640625 0.18472222222222223
2 0.375390625 0.3104166666666667 0.05625 0.1486111111111111
2 0.404296875 0.4409722222222222 0.05234375 0.18055555555555555
2 0.440625 0.4625 0.07734375 0.17916666666666667
2 0.459375 0.43125 0.0640625 0.17222222222222222
2 0.596875 0.44166666666666665 0.07265625 0.18611111111111112
2 0.66875 0.5506944444444445 0.0890625 0.2791666666666667
2 0.718359375 0.5805555555555556 0.0875 0.2375