2 0.48004687500000004 0.47544444444444445 0.0561875 0.20969444444444443
2 0.5024375 0.5083194444444444 0.048890625 0.19208333333333336
2 0.5543203125 0.5157083333333333 0.07843750000000001 0.24393055555555554
2 0.8058046875 0.45311111111111113 0.1035390625 0.24140277777777777
2 0.449703125 0.8136805555555556 0.11790624999999999 0.32366666666666666
2 0.36696875 0.4521944444444444 0.07090625 0.1562361111111111
2 0.339625 0.39433333333333337 0.042265625 0.12386111111111112
2 0.34385937499999997 0.37581944444444443 0.039015625 0.10534722222222222
2 0.3152109375 0.3709583333333333 0.0338046875 0.10951388888888888
2 0.181171875 0.48412499999999997 0.076921875 0.19233333333333333
2 0.1958828125 0.4092638888888889 0.06728125 0.16990277777777776
3 0.0382109375 0.49766666666666665 0.07225000000000001 0.17080555555555557
3 0.8418749999999999 0.38276388888888885 0.042859375 0.16552777777777777
1 0.58446875 0.3410972222222222 0.0462734375 0.20256944444444444