3 0.401171875 0.2951388888888889 0.0484375 0.15138888888888888
3 0.687109375 0.7527777777777778 0.1015625 0.3736111111111111
2 0.904296875 0.44305555555555554 0.08671875 0.2611111111111111
2 0.32890625 0.6194444444444445 0.109375 0.2986111111111111
2 0.13671875 0.5041666666666667 0.08671875 0.225
2 0.320703125 0.48194444444444445 0.07578125 0.22083333333333333
2 0.4859375 0.40208333333333335 0.071875 0.21666666666666667
2 0.571484375 0.4013888888888889 0.0671875 0.21666666666666667
2 0.67109375 0.3298611111111111 0.06015625 0.1763888888888889
2 0.578515625 0.36319444444444443 0.04296875 0.18194444444444444
2 0.54453125 0.25555555555555554 0.040625 0.13472222222222222
2 0.5796875 0.2861111111111111 0.04609375 0.14166666666666666