1 0.745703125 0.6013888888888889 0.04609375 0.10277777777777777
3 0.565234375 0.6020833333333333 0.04921875 0.16666666666666666
3 0.48828125 0.6347222222222222 0.05703125 0.17916666666666667
2 0.503515625 0.5791666666666667 0.0328125 0.12361111111111112
2 0.518359375 0.5611111111111111 0.03359375 0.15138888888888888
2 0.52890625 0.5847222222222223 0.03671875 0.14166666666666666
2 0.3796875 0.6361111111111111 0.0640625 0.17083333333333334
2 0.2421875 0.6069444444444444 0.06015625 0.19444444444444445
2 0.037890625 0.6097222222222223 0.05 0.14444444444444443
2 0.5984375 0.6180555555555556 0.04921875 0.18333333333333332
2 0.670703125 0.6152777777777778 0.04140625 0.16805555555555557
2 0.707421875 0.6395833333333333 0.03203125 0.16666666666666666
2 0.844921875 0.61875 0.04375 0.19305555555555556
2 0.8375 0.6618055555555555 0.040625 0.16527777777777777