2 0.4031640625 0.4204861111111111 0.04434375 0.14375
2 0.3550546875 0.5241666666666667 0.061406249999999996 0.16593055555555555
2 0.253171875 0.5527500000000001 0.0620703125 0.23465277777777777
2 0.153109375 0.6155833333333334 0.08199999999999999 0.1867222222222222
2 0.49632031249999997 0.5245138888888888 0.049671875 0.16894444444444445
2 0.5925390625 0.6175416666666667 0.05200781249999999 0.2346388888888889
2 0.1834453125 0.8088194444444444 0.055695312500000003 0.29265277777777776
2 0.5107734374999999 0.3985 0.055140625 0.15070833333333333
2 0.6642812499999999 0.425125 0.04184375 0.1252361111111111
2 0.595140625 0.42291666666666666 0.0363828125 0.12777777777777777
3 0.35857031250000004 0.4320555555555555 0.05541406250000001 0.139125
3 0.5161718750000001 0.7610416666666667 0.072453125 0.27161111111111114
1 0.1857890625 0.4542777777777778 0.051007812500000006 0.15577777777777777