1 0.380078125 0.275 0.075 0.14444444444444443
3 0.70625 0.7083333333333334 0.10703125 0.2986111111111111
2 0.801953125 0.43680555555555556 0.07734375 0.17083333333333334
2 0.249609375 0.39166666666666666 0.0640625 0.2152777777777778
2 0.19609375 0.5333333333333333 0.0921875 0.2625
2 0.3734375 0.4305555555555556 0.0609375 0.23055555555555557
2 0.41328125 0.3972222222222222 0.04921875 0.2152777777777778
2 0.473046875 0.40555555555555556 0.0609375 0.18055555555555555
2 0.566796875 0.4083333333333333 0.08046875 0.15138888888888888
2 0.628515625 0.4409722222222222 0.0625 0.1527777777777778
2 0.6 0.35694444444444445 0.05625 0.11527777777777778
2 0.618359375 0.3423611111111111 0.05859375 0.1625
2 0.63828125 0.3701388888888889 0.0578125 0.1361111111111111