2 0.55078125 0.46041666666666664 0.0859375 0.24027777777777778
2 0.48671875 0.41944444444444445 0.08828125 0.24166666666666667
2 0.32109375 0.4527777777777778 0.1078125 0.28055555555555556
2 0.339453125 0.35347222222222224 0.09453125 0.20555555555555555
2 0.2046875 0.325 0.0890625 0.225
2 0.18984375 0.42777777777777776 0.11484375 0.25833333333333336
2 0.108203125 0.33055555555555555 0.10234375 0.23194444444444445
2 0.616015625 0.6868055555555556 0.1125 0.2902777777777778
2 0.7296875 0.4701388888888889 0.075 0.2222222222222222
2 0.678125 0.3729166666666667 0.0828125 0.20555555555555555
2 0.7109375 0.3194444444444444 0.0640625 0.16111111111111112
2 0.9765625 0.5743055555555555 0.046875 0.15138888888888888
3 0.559375 0.2604166666666667 0.059375 0.15694444444444444
3 0.539453125 0.78125 0.10546875 0.32083333333333336
1 0.407421875 0.24166666666666667 0.07421875 0.17777777777777778