2 0.55859375 0.3034722222222222 0.05234375 0.17222222222222222
2 0.573046875 0.3472222222222222 0.06015625 0.2111111111111111
2 0.8671875 0.48194444444444445 0.0796875 0.21666666666666667
2 0.74921875 0.6826388888888889 0.090625 0.30833333333333335
2 0.47734375 0.39861111111111114 0.0859375 0.21388888888888888
2 0.35078125 0.44166666666666665 0.08046875 0.2361111111111111
2 0.269140625 0.38333333333333336 0.08515625 0.2125
2 0.21328125 0.39652777777777776 0.096875 0.24166666666666667
2 0.171875 0.4097222222222222 0.09453125 0.2263888888888889
2 0.098046875 0.5263888888888889 0.13984375 0.3
2 0.212890625 0.6326388888888889 0.13046875 0.32916666666666666
3 0.396875 0.22291666666666668 0.0578125 0.1597222222222222
3 0.925390625 0.8111111111111111 0.1328125 0.35555555555555557
1 0.28828125 0.24305555555555555 0.08984375 0.18611111111111112