2 0.445703125 0.4888888888888889 0.1015625 0.2652777777777778
2 0.3765625 0.4013888888888889 0.09296875 0.20416666666666666
2 0.25625 0.38333333333333336 0.0546875 0.20694444444444443
2 0.287109375 0.39652777777777776 0.0671875 0.21666666666666667
2 0.106640625 0.3770833333333333 0.075 0.20833333333333334
1 0.225 0.28888888888888886 0.06640625 0.1736111111111111
3 0.36796875 0.2708333333333333 0.05 0.15833333333333333
3 0.553515625 0.5909722222222222 0.10703125 0.3402777777777778
2 0.719140625 0.3715277777777778 0.0828125 0.1986111111111111
2 0.423046875 0.35 0.071875 0.17083333333333334
2 0.464453125 0.3590277777777778 0.0578125 0.15416666666666667
2 0.795703125 0.47708333333333336 0.05703125 0.2111111111111111
2 0.838671875 0.41458333333333336 0.05390625 0.17083333333333334
2 0.76015625 0.46597222222222223 0.0671875 0.21388888888888888