1 0.5578125 0.36319444444444443 0.075 0.20833333333333334
3 0.50390625 0.27708333333333335 0.05546875 0.16527777777777777
3 0.175390625 0.5888888888888889 0.12421875 0.25416666666666665
2 0.145703125 0.37083333333333335 0.071875 0.18055555555555555
2 0.183984375 0.28680555555555554 0.06796875 0.1638888888888889
2 0.258984375 0.32430555555555557 0.075 0.2013888888888889
2 0.36328125 0.29444444444444445 0.075 0.1763888888888889
2 0.41796875 0.3819444444444444 0.0640625 0.20416666666666666
2 0.46640625 0.44513888888888886 0.05859375 0.19444444444444445
2 0.516796875 0.4597222222222222 0.059375 0.18194444444444444
2 0.692578125 0.56875 0.090625 0.225
2 0.6015625 0.7131944444444445 0.1203125 0.30277777777777776