1 0.550546875 0.33219444444444446 0.08390625 0.16855555555555554
3 0.458953125 0.283375 0.0306640625 0.10700000000000001
3 0.281875 0.6690416666666666 0.0973515625 0.2704861111111111
2 0.3105234375 0.4955833333333333 0.0661015625 0.1620138888888889
2 0.29210156249999997 0.40243055555555557 0.06440625 0.14468055555555556
2 0.1559765625 0.39652777777777776 0.09814843749999999 0.14908333333333335
2 0.3426875 0.3253611111111111 0.044484375 0.15258333333333332
2 0.3625390625 0.3000277777777778 0.0464296875 0.12736111111111112
2 0.4180703125 0.41423611111111114 0.036398437500000005 0.15440277777777778
2 0.44684375000000004 0.45358333333333334 0.0548828125 0.1497638888888889
2 0.43577343749999997 0.45590277777777777 0.0405625 0.15438888888888888
2 0.5628515625 0.5045000000000001 0.065546875 0.19602777777777775
2 0.7714375 0.4465138888888889 0.055632812499999997 0.2120138888888889
2 0.649109375 0.7211111111111111 0.13259375 0.29593055555555553
2 0.9759765625 0.4151666666666667 0.048046875 0.1840277777777778