1 0.373046875 0.3138888888888889 0.05703125 0.1625
3 0.52265625 0.2152777777777778 0.0421875 0.1527777777777778
3 0.6921875 0.8013888888888889 0.11015625 0.34305555555555556
2 0.6046875 0.39861111111111114 0.09765625 0.28888888888888886
2 0.678515625 0.3229166666666667 0.06640625 0.225
2 0.6546875 0.2520833333333333 0.06796875 0.175
2 0.79140625 0.25069444444444444 0.08359375 0.19166666666666668
2 0.9546875 0.29791666666666666 0.08359375 0.22361111111111112
2 0.806640625 0.49583333333333335 0.09140625 0.2777777777777778
2 0.377734375 0.4777777777777778 0.07421875 0.19166666666666668
2 0.3890625 0.4548611111111111 0.075 0.20555555555555555
2 0.43046875 0.44513888888888886 0.078125 0.21944444444444444
2 0.3921875 0.6659722222222222 0.1546875 0.3347222222222222
2 0.20078125 0.5402777777777777 0.09609375 0.21666666666666667
2 0.1 0.5819444444444445 0.11796875 0.25