2 0.2654765625 0.6956666666666667 0.043710937500000005 0.20798611111111112
2 0.2040859375 0.5790277777777777 0.0342109375 0.141375
2 0.5493750000000001 0.7873055555555556 0.0477109375 0.30793055555555554
2 0.6394140625 0.6669722222222223 0.036375000000000005 0.16911111111111113
2 0.88653125 0.6703194444444445 0.0462421875 0.18277777777777776
2 0.6053671875 0.6155833333333334 0.039890625 0.16820833333333332
2 0.5724843749999999 0.615125 0.032734374999999996 0.15802777777777777
2 0.5362890625000001 0.6152361111111111 0.03846875 0.16520833333333335
2 0.4645546875 0.5572638888888889 0.022593750000000003 0.11638888888888889
2 0.484671875 0.5797222222222221 0.0302734375 0.1177638888888889
3 0.1111875 0.8030416666666668 0.065859375 0.25608333333333333
3 0.636484375 0.5370277777777778 0.026609375 0.11616666666666667
1 0.7448750000000001 0.57 0.04209375 0.13722222222222222