2 0.4953125 0.3074074074074074 0.0828125 0.21574074074074073
2 0.43072916666666666 0.36157407407407405 0.08541666666666667 0.23796296296296296
2 0.35494791666666664 0.2828703703703704 0.06927083333333334 0.19537037037037036
2 0.29244791666666664 0.31851851851851853 0.06614583333333333 0.19444444444444445
2 0.20572916666666666 0.27037037037037037 0.06145833333333333 0.19907407407407407
2 0.16067708333333333 0.39444444444444443 0.1046875 0.20462962962962963
2 0.43307291666666664 0.15787037037037038 0.05364583333333333 0.18055555555555555
2 0.4859375 0.17453703703703705 0.04479166666666667 0.16296296296296298
2 0.6786458333333333 0.3699074074074074 0.06041666666666667 0.25833333333333336
2 0.8434895833333333 0.5361111111111111 0.0625 0.2462962962962963
2 0.6184895833333334 0.6893518518518519 0.0953125 0.28055555555555556
2 0.6098958333333333 0.8462962962962963 0.10052083333333334 0.2962962962962963
3 0.15807291666666667 0.5148148148148148 0.06354166666666666 0.24351851851851852
1 0.7359375 0.26944444444444443 0.057291666666666664 0.18518518518518517
3 0.6770833333333334 0.17546296296296296 0.049479166666666664 0.17314814814814813