2 0.430859375 0.63125 0.11640625 0.2916666666666667
2 0.341796875 0.46041666666666664 0.0765625 0.23055555555555557
2 0.26484375 0.33194444444444443 0.08671875 0.18194444444444444
2 0.156640625 0.29583333333333334 0.08828125 0.18333333333333332
1 0.718359375 0.42986111111111114 0.0859375 0.18194444444444444
2 0.73203125 0.5756944444444444 0.09375 0.23055555555555557
2 0.95234375 0.7229166666666667 0.0890625 0.28055555555555556
2 0.527734375 0.48680555555555555 0.0765625 0.20833333333333334
2 0.542578125 0.42986111111111114 0.07734375 0.18333333333333332
2 0.4859375 0.4201388888888889 0.0796875 0.18194444444444444
2 0.436328125 0.3763888888888889 0.05859375 0.16944444444444445
2 0.47421875 0.3125 0.04609375 0.11805555555555555