2 0.70234375 0.6111111111111112 0.09609375 0.24444444444444444
2 0.748828125 0.39861111111111114 0.0671875 0.1625
2 0.88828125 0.4965277777777778 0.08203125 0.21388888888888888
2 0.634765625 0.3875 0.07109375 0.19305555555555556
2 0.58359375 0.3194444444444444 0.0765625 0.18888888888888888
2 0.570703125 0.46041666666666664 0.09296875 0.25416666666666665
2 0.55703125 0.40347222222222223 0.0734375 0.20694444444444443
2 0.469140625 0.3875 0.08125 0.19583333333333333
2 0.296875 0.39861111111111114 0.0953125 0.23333333333333334
2 0.180859375 0.38125 0.0890625 0.2152777777777778
2 0.068359375 0.5298611111111111 0.1296875 0.275
2 0.26328125 0.7076388888888889 0.17265625 0.33611111111111114
3 0.046875 0.23680555555555555 0.071875 0.19305555555555556
1 0.308203125 0.23472222222222222 0.09609375 0.18611111111111112