2 0.59765625 0.5009259259259259 0.08802083333333334 0.21666666666666667
2 0.6778645833333333 0.5208333333333334 0.109375 0.25
2 0.7893229166666667 0.5180555555555556 0.0828125 0.2101851851851852
2 0.8158854166666667 0.5337962962962963 0.10208333333333333 0.2953703703703704
2 0.5822916666666667 0.7652777777777777 0.10885416666666667 0.38055555555555554
2 0.36171875 0.6444444444444445 0.09010416666666667 0.27685185185185185
2 0.3888020833333333 0.4949074074074074 0.084375 0.20833333333333334
2 0.4640625 0.42777777777777776 0.06822916666666666 0.18611111111111112
2 0.47890625 0.4513888888888889 0.06197916666666667 0.18518518518518517
2 0.5151041666666667 0.48935185185185187 0.078125 0.21388888888888888
2 0.5044270833333333 0.38287037037037036 0.04791666666666667 0.14074074074074075
3 0.61875 0.37824074074074077 0.04739583333333333 0.13240740740740742
1 0.7533854166666667 0.4027777777777778 0.06770833333333333 0.1675925925925926
3 0.16822916666666668 0.7981481481481482 0.09947916666666666 0.2962962962962963