1 0.36746875 0.2986111111111111 0.0675234375 0.13293055555555555
3 0.7173515625 0.6691527777777778 0.0909609375 0.2827361111111111
2 0.79659375 0.38095833333333334 0.068640625 0.15873611111111113
2 0.24469531249999998 0.4389861111111111 0.051898437500000005 0.2073472222222222
2 0.1997734375 0.5892916666666667 0.078125 0.25
2 0.3699765625 0.4543611111111111 0.0479921875 0.2222222222222222
2 0.40764843749999996 0.41418055555555555 0.037390625 0.20931944444444445
2 0.46763281250000005 0.41120833333333334 0.0513359375 0.171625
2 0.5611015625 0.39633333333333337 0.0731015625 0.1379027777777778
2 0.6244453125 0.4171666666666667 0.0546875 0.1438472222222222
2 0.5909609375 0.33929166666666666 0.0502265625 0.1071388888888889
2 0.6085390625 0.32143055555555555 0.0496640625 0.1547638888888889
2 0.6297421875 0.3452361111111111 0.05078125 0.12698611111111113