1 0.351953125 0.2986111111111111 0.06328125 0.1527777777777778
3 0.133203125 0.3451388888888889 0.0734375 0.1736111111111111
2 0.35546875 0.4513888888888889 0.0546875 0.18611111111111112
2 0.312109375 0.4576388888888889 0.053125 0.16111111111111112
2 0.265234375 0.46944444444444444 0.0515625 0.20555555555555555
2 0.2453125 0.6541666666666667 0.08515625 0.2875
2 0.49453125 0.6111111111111112 0.1125 0.2708333333333333
2 0.661328125 0.6493055555555556 0.1046875 0.2569444444444444
2 0.4828125 0.43333333333333335 0.08984375 0.24722222222222223
2 0.571484375 0.3840277777777778 0.08671875 0.23055555555555557
2 0.696875 0.38680555555555557 0.0640625 0.15555555555555556
2 0.6671875 0.29930555555555555 0.053125 0.15555555555555556
2 0.73359375 0.29375 0.075 0.17083333333333334
2 0.97265625 0.42083333333333334 0.0546875 0.21944444444444444