1 0.67421875 0.5715277777777777 0.04375 0.14166666666666666
3 0.598046875 0.5430555555555555 0.040625 0.12638888888888888
3 0.083984375 0.7291666666666666 0.07265625 0.25833333333333336
2 0.20546875 0.5638888888888889 0.040625 0.14027777777777778
2 0.082421875 0.6006944444444444 0.04453125 0.1875
2 0.442578125 0.8597222222222223 0.0921875 0.2791666666666667
2 0.7828125 0.6951388888888889 0.0515625 0.20694444444444443
2 0.531640625 0.69375 0.06015625 0.23194444444444445
2 0.476953125 0.6055555555555555 0.04375 0.1625
2 0.519140625 0.6034722222222222 0.04453125 0.1486111111111111
2 0.388671875 0.5638888888888889 0.05078125 0.1375
2 0.39921875 0.5388888888888889 0.0375 0.12638888888888888