2 0.710171875 0.5466111111111112 0.0750390625 0.22470833333333332
2 0.7349765625 0.3235138888888889 0.05354687500000001 0.148875
2 0.8821015624999999 0.3763888888888889 0.0634296875 0.19676388888888888
2 0.6218984375 0.3475833333333333 0.054734375 0.17850000000000002
2 0.5648671875 0.2964305555555556 0.06046875 0.17343055555555556
2 0.56571875 0.439 0.07127343750000001 0.23631944444444444
2 0.546640625 0.3873888888888889 0.055265625 0.19329166666666664
2 0.45842968749999996 0.3985 0.0650390625 0.17847222222222223
2 0.290015625 0.46294444444444444 0.0758671875 0.2124722222222222
2 0.174265625 0.48181944444444447 0.0709296875 0.19695833333333335
2 0.077921875 0.6626805555555555 0.1073984375 0.24619444444444444
2 0.28728125000000004 0.7776944444444445 0.1459140625 0.29566666666666663
3 0.0281796875 0.3804444444444445 0.054804687500000004 0.17940277777777777
1 0.2850703125 0.2980555555555556 0.08159374999999999 0.16277777777777777