2 0.2335390625 0.4419583333333333 0.059710937500000005 0.18948611111111113
2 0.302734375 0.7514861111111112 0.0652890625 0.28075
1 0.3956484375 0.28223611111111113 0.061382812499999995 0.15179166666666669
3 0.484375 0.2465277777777778 0.044640625 0.139875
2 0.9188046875 0.5109166666666667 0.071984375 0.22420833333333334
2 0.9765625 0.4032777777777778 0.046875 0.18352777777777776
2 0.61746875 0.28720833333333334 0.056359375 0.1418611111111111
3 0.5903984375 0.22916666666666666 0.03125 0.11706944444444445
2 0.69503125 0.40575 0.08203125 0.16468055555555555
2 0.7109375 0.33481944444444445 0.046875 0.1696388888888889
2 0.424109375 0.4365138888888889 0.0401796875 0.1904722222222222
2 0.44140625 0.41170833333333334 0.0323671875 0.1845277777777778
2 0.482140625 0.4032777777777778 0.080359375 0.17559722222222224