3 0.57265625 0.5194444444444445 0.05859375 0.12638888888888888
3 0.1578125 0.8611111111111112 0.1328125 0.2777777777777778
1 0.658203125 0.5319444444444444 0.0484375 0.12361111111111112
2 0.46796875 0.6006944444444444 0.03828125 0.1375
2 0.459375 0.5847222222222223 0.034375 0.14027777777777778
2 0.472265625 0.5131944444444444 0.04609375 0.125
2 0.4171875 0.6131944444444445 0.03515625 0.14166666666666666
2 0.43359375 0.6326388888888889 0.0375 0.15
2 0.391796875 0.5659722222222222 0.04140625 0.13333333333333333
2 0.334765625 0.6381944444444444 0.0671875 0.1625
2 0.250390625 0.6916666666666667 0.078125 0.20972222222222223
2 0.586328125 0.6256944444444444 0.06953125 0.1736111111111111
2 0.805859375 0.6090277777777777 0.06640625 0.18611111111111112
2 0.623046875 0.8222222222222222 0.10234375 0.2861111111111111