2 0.3731484375 0.33925 0.0585390625 0.15258333333333332
2 0.394109375 0.28961111111111115 0.050984375000000005 0.14819444444444446
2 0.250890625 0.3803333333333333 0.0562109375 0.12594444444444444
2 0.19653125 0.393875 0.050359375 0.14144444444444446
2 0.3146875 0.43274999999999997 0.0536015625 0.18216666666666667
2 0.1008359375 0.4850555555555556 0.059484375 0.17566666666666667
2 0.49567187500000004 0.4442083333333333 0.0405546875 0.16109722222222222
2 0.5276328125 0.46052777777777776 0.032875 0.17290277777777777
2 0.5510078125 0.4582083333333334 0.0288359375 0.19604166666666667
2 0.5456640625 0.7697083333333334 0.0832578125 0.3283055555555556
2 0.7565937500000001 0.4401666666666667 0.0467734375 0.18215277777777777
3 0.833671875 0.34815277777777776 0.0707265625 0.20511111111111113
1 0.5542578125000001 0.3257083333333333 0.07440625 0.2111388888888889