3 0.771484375 0.30277777777777776 0.06875 0.19027777777777777
3 0.145703125 0.44513888888888886 0.08359375 0.20833333333333334
1 0.376953125 0.30833333333333335 0.08125 0.16666666666666666
2 0.394140625 0.4354166666666667 0.08046875 0.25972222222222224
2 0.248828125 0.5173611111111112 0.09140625 0.22916666666666666
2 0.13125 0.6083333333333333 0.07109375 0.18333333333333332
2 0.208203125 0.7222222222222222 0.08515625 0.2638888888888889
2 0.508203125 0.3736111111111111 0.04765625 0.1986111111111111
2 0.5734375 0.31805555555555554 0.0515625 0.1597222222222222
2 0.60390625 0.29583333333333334 0.053125 0.16527777777777777
2 0.61015625 0.23680555555555555 0.04453125 0.14027777777777778
2 0.64375 0.20416666666666666 0.04453125 0.12638888888888888
2 0.65546875 0.3611111111111111 0.05390625 0.19305555555555556
2 0.816015625 0.3736111111111111 0.07421875 0.22361111111111112