2 0.52421875 0.44305555555555554 0.10234375 0.25555555555555554
2 0.633984375 0.41388888888888886 0.0734375 0.225
2 0.665625 0.36875 0.0578125 0.1486111111111111
2 0.68359375 0.4236111111111111 0.0609375 0.17777777777777778
2 0.80078125 0.4534722222222222 0.08125 0.19166666666666668
2 0.973046875 0.6034722222222222 0.05390625 0.18472222222222223
2 0.764453125 0.76875 0.08671875 0.24861111111111112
2 0.266796875 0.5770833333333333 0.1140625 0.2611111111111111
2 0.175 0.4965277777777778 0.1125 0.2638888888888889
2 0.276171875 0.3402777777777778 0.06875 0.22083333333333333
2 0.31171875 0.3506944444444444 0.0734375 0.18888888888888888
2 0.34140625 0.36666666666666664 0.08515625 0.24861111111111112
3 0.187890625 0.19652777777777777 0.115625 0.24166666666666667
1 0.388671875 0.22291666666666668 0.075 0.18055555555555555