2 0.5736979166666667 0.5666666666666667 0.078125 0.20555555555555555
2 0.8322916666666667 0.5898148148148148 0.06927083333333334 0.2074074074074074
2 0.4557291666666667 0.3388888888888889 0.05625 0.1638888888888889
3 0.56640625 0.22037037037037038 0.058333333333333334 0.13240740740740742
3 0.21744791666666666 0.4583333333333333 0.065625 0.20925925925925926
2 0.15989583333333332 0.4111111111111111 0.07760416666666667 0.19814814814814816
2 0.13020833333333334 0.24722222222222223 0.06666666666666667 0.16296296296296298
2 0.3260416666666667 0.39305555555555555 0.06197916666666667 0.1824074074074074
2 0.4734375 0.2462962962962963 0.05 0.1425925925925926
2 0.36875 0.29212962962962963 0.05 0.15
2 0.403125 0.22546296296296298 0.042708333333333334 0.1287037037037037
2 0.40130208333333334 0.37546296296296294 0.0625 0.17962962962962964
2 0.7161458333333334 0.7569444444444444 0.075 0.23333333333333334
1 0.7020833333333333 0.35 0.051041666666666666 0.1527777777777778