2 0.5958333333333333 0.45555555555555555 0.09583333333333334 0.2490740740740741
2 0.7958333333333333 0.39861111111111114 0.078125 0.19907407407407407
2 0.9440104166666666 0.36527777777777776 0.08958333333333333 0.23148148148148148
2 0.6388020833333333 0.6902777777777778 0.11875 0.2824074074074074
2 0.43697916666666664 0.4476851851851852 0.06302083333333333 0.1712962962962963
2 0.4127604166666667 0.4356481481481482 0.0609375 0.15833333333333333
2 0.38828125 0.4675925925925926 0.06302083333333333 0.1675925925925926
2 0.23125 0.6287037037037037 0.09166666666666666 0.21666666666666667
2 0.1328125 0.49583333333333335 0.06197916666666667 0.14814814814814814
2 0.2669270833333333 0.44074074074074077 0.05625 0.14629629629629629
2 0.37135416666666665 0.3287037037037037 0.07083333333333333 0.1638888888888889
2 0.4166666666666667 0.2324074074074074 0.05364583333333333 0.12222222222222222
3 0.12734375 0.9217592592592593 0.11302083333333333 0.15648148148148147
3 0.5338541666666666 0.23842592592592593 0.06041666666666667 0.15462962962962962
1 0.63203125 0.2601851851851852 0.07708333333333334 0.18981481481481483