2 0.30755208333333334 0.6504629629629629 0.08072916666666667 0.21296296296296297
3 0.15026041666666667 0.4740740740740741 0.06979166666666667 0.19814814814814816
2 0.39296875 0.3458333333333333 0.053125 0.1787037037037037
2 0.196875 0.3726851851851852 0.051041666666666666 0.16111111111111112
2 0.42604166666666665 0.20925925925925926 0.0484375 0.1259259259259259
2 0.44635416666666666 0.2518518518518518 0.0421875 0.12222222222222222
2 0.6528645833333333 0.4310185185185185 0.06510416666666667 0.18055555555555555
2 0.8244791666666667 0.4726851851851852 0.07083333333333333 0.18518518518518517
2 0.94140625 0.5504629629629629 0.08072916666666667 0.22592592592592592
2 0.5330729166666667 0.4847222222222222 0.0515625 0.16111111111111112
2 0.5463541666666667 0.41759259259259257 0.05572916666666667 0.1824074074074074
2 0.5822916666666667 0.4625 0.04114583333333333 0.16018518518518518
1 0.73046875 0.2689814814814815 0.057291666666666664 0.1648148148148148
3 0.8916666666666667 0.31851851851851853 0.06041666666666667 0.1712962962962963