2 0.31223958333333335 0.6685185185185185 0.08645833333333333 0.21851851851851853
3 0.15 0.5064814814814815 0.075 0.20277777777777778
2 0.3885416666666667 0.3560185185185185 0.0578125 0.1814814814814815
2 0.19348958333333333 0.4009259259259259 0.05520833333333333 0.1638888888888889
2 0.41744791666666664 0.21666666666666667 0.0515625 0.1287037037037037
2 0.4390625 0.2574074074074074 0.0453125 0.125
2 0.6505208333333333 0.4166666666666667 0.06979166666666667 0.18518518518518517
2 0.8231770833333333 0.4425925925925926 0.07552083333333333 0.19074074074074074
2 0.9421875 0.5092592592592593 0.08697916666666666 0.23148148148148148
2 0.5325520833333334 0.48148148148148145 0.05572916666666667 0.1638888888888889
2 0.54375 0.4134259259259259 0.0609375 0.18611111111111112
2 0.5809895833333333 0.4546296296296296 0.0453125 0.16296296296296298
1 0.7234375 0.24768518518518517 0.06145833333333333 0.16944444444444445
3 0.8859375 0.2824074074074074 0.06510416666666667 0.175