2 0.17994791666666668 0.49212962962962964 0.0515625 0.1537037037037037
2 0.19453125 0.48842592592592593 0.050520833333333334 0.15462962962962962
2 0.04453125 0.4949074074074074 0.059895833333333336 0.16203703703703703
2 0.32395833333333335 0.36203703703703705 0.059375 0.14907407407407408
2 0.35572916666666665 0.35648148148148145 0.041666666666666664 0.1111111111111111
2 0.46770833333333334 0.35648148148148145 0.06614583333333333 0.15925925925925927
2 0.7625 0.5287037037037037 0.050520833333333334 0.17222222222222222
2 0.8479166666666667 0.513425925925926 0.059375 0.1712962962962963
2 0.9221354166666667 0.43333333333333335 0.04635416666666667 0.14537037037037037
2 0.8822916666666667 0.6444444444444445 0.06510416666666667 0.21851851851851853
2 0.7947916666666667 0.7625 0.07552083333333333 0.24351851851851852
3 0.33151041666666664 0.27546296296296297 0.052083333333333336 0.1388888888888889
1 0.14973958333333334 0.2935185185185185 0.05572916666666667 0.14537037037037037