1 0.307203125 0.4943194444444445 0.052945312499999994 0.15715277777777778
3 0.3923515625 0.4131944444444444 0.03575 0.15463888888888888
3 0.7005390625000001 0.7527083333333334 0.102640625 0.23643055555555553
2 0.520671875 0.439 0.033265625 0.10672222222222223
2 0.46624218749999996 0.4107638888888889 0.044203124999999996 0.11505555555555556
2 0.545015625 0.5446527777777778 0.0481015625 0.17680555555555555
2 0.5303046874999999 0.47441666666666665 0.031703125 0.10809722222222222
2 0.50946875 0.5425694444444444 0.052531249999999995 0.16801388888888888
2 0.394046875 0.5778611111111112 0.03653125 0.17147222222222222
2 0.2605234375 0.6187083333333334 0.044234375 0.17677777777777778
2 0.34365625 0.7037638888888889 0.047734375 0.21030555555555555
2 0.6823750000000001 0.47441666666666665 0.049390625 0.10809722222222222