1 0.171484375 0.46458333333333335 0.0484375 0.18055555555555555
3 0.290625 0.39305555555555555 0.04453125 0.1486111111111111
3 0.601171875 0.8604166666666667 0.07109375 0.2791666666666667
2 0.4734375 0.4736111111111111 0.05859375 0.16666666666666666
2 0.47734375 0.40555555555555556 0.0375 0.10972222222222222
2 0.4265625 0.4270833333333333 0.04453125 0.12638888888888888
2 0.3546875 0.5361111111111111 0.05078125 0.21805555555555556
2 0.236328125 0.5756944444444444 0.05625 0.2
2 0.0265625 0.6298611111111111 0.053125 0.2013888888888889
2 0.272265625 0.7909722222222222 0.10390625 0.25833333333333336
2 0.67421875 0.6159722222222223 0.07421875 0.19444444444444445
2 0.687109375 0.4340277777777778 0.0265625 0.11805555555555555