1 0.381640625 0.3215277777777778 0.075 0.17777777777777778
3 0.49765625 0.21875 0.0484375 0.14722222222222223
3 0.52421875 0.625 0.08515625 0.25555555555555554
2 0.473046875 0.5069444444444444 0.0734375 0.2388888888888889
2 0.467578125 0.4527777777777778 0.06328125 0.19583333333333333
2 0.410546875 0.43333333333333335 0.05078125 0.18055555555555555
2 0.292578125 0.47291666666666665 0.10546875 0.26666666666666666
2 0.5203125 0.4951388888888889 0.05859375 0.1986111111111111
2 0.537109375 0.42777777777777776 0.06328125 0.175
2 0.56640625 0.37569444444444444 0.05234375 0.18333333333333332
2 0.610546875 0.3277777777777778 0.05078125 0.15
2 0.6359375 0.29930555555555555 0.0625 0.18472222222222223
2 0.648046875 0.24791666666666667 0.053125 0.15416666666666667
2 0.596875 0.2013888888888889 0.04921875 0.14444444444444443
2 0.855078125 0.2652777777777778 0.08359375 0.1986111111111111