2 0.42659375 0.5415277777777777 0.11204687499999999 0.18675
2 0.5070625 0.5158333333333333 0.06985156249999999 0.2418472222222222
2 0.516890625 0.6386111111111111 0.07518749999999999 0.2628611111111111
2 0.8089999999999999 0.8907361111111112 0.0773671875 0.2185138888888889
2 0.6511953125 0.4672222222222222 0.05759375 0.20393055555555556
2 0.630625 0.34734722222222225 0.069578125 0.17340277777777777
2 0.57365625 0.36273611111111115 0.0481015625 0.16483333333333333
2 0.5399375 0.24945833333333337 0.061382812499999995 0.14890277777777777
2 0.7886171875 0.3753472222222222 0.06917187500000001 0.21551388888888887
2 0.9837890625 0.3996527777777778 0.032421875 0.1391388888888889
3 0.19561718749999998 0.3928333333333333 0.07196875 0.14168055555555556
1 0.42621093749999994 0.32675 0.046164062500000005 0.1460972222222222