2 0.437109375 0.8159722222222222 0.14609375 0.3277777777777778
2 0.133984375 0.6166666666666667 0.0953125 0.24444444444444444
2 0.194140625 0.5993055555555555 0.10078125 0.2375
2 0.3375 0.6076388888888888 0.0703125 0.20972222222222223
2 0.3546875 0.5979166666666667 0.0609375 0.18611111111111112
2 0.37578125 0.6125 0.06640625 0.2013888888888889
2 0.521875 0.6430555555555556 0.07265625 0.1736111111111111
2 0.57890625 0.5965277777777778 0.059375 0.15555555555555556
2 0.602734375 0.6402777777777777 0.06484375 0.16111111111111112
2 0.737890625 0.6722222222222223 0.04609375 0.1388888888888889
2 0.7984375 0.7090277777777778 0.053125 0.14722222222222223
2 0.871484375 0.8361111111111111 0.07421875 0.22083333333333333
3 0.146875 0.4861111111111111 0.06015625 0.1527777777777778
1 0.334375 0.5236111111111111 0.0625 0.14722222222222223