2 0.34479166666666666 0.6152777777777778 0.06927083333333334 0.22685185185185186
2 0.20651041666666667 0.4777777777777778 0.058333333333333334 0.1814814814814815
2 0.32526041666666666 0.44537037037037036 0.0546875 0.16666666666666666
2 0.39140625 0.5018518518518519 0.058333333333333334 0.20092592592592592
2 0.471875 0.5101851851851852 0.05520833333333333 0.1935185185185185
2 0.5619791666666667 0.5152777777777777 0.06145833333333333 0.17777777777777778
2 0.5841145833333333 0.6412037037037037 0.09479166666666666 0.2824074074074074
2 0.7424479166666667 0.5986111111111111 0.08697916666666666 0.22407407407407406
2 0.7325520833333333 0.5268518518518519 0.0671875 0.22407407407407406
3 0.5205729166666667 0.4083333333333333 0.044270833333333336 0.15
3 0.5174479166666667 0.6824074074074075 0.09375 0.28888888888888886
1 0.5513020833333333 0.43333333333333335 0.05364583333333333 0.13148148148148148