1 0.591796875 0.29930555555555555 0.0671875 0.16111111111111112
3 0.85546875 0.23819444444444443 0.06484375 0.1875
3 0.04453125 0.6694444444444444 0.08515625 0.1763888888888889
2 0.25546875 0.56875 0.10859375 0.20694444444444443
2 0.260546875 0.7652777777777777 0.09140625 0.25
2 0.359765625 0.6104166666666667 0.0953125 0.19583333333333333
2 0.32734375 0.4444444444444444 0.059375 0.15833333333333333
2 0.3484375 0.4048611111111111 0.07109375 0.1875
2 0.369921875 0.32222222222222224 0.06015625 0.15138888888888888
2 0.402734375 0.45 0.05703125 0.18333333333333332
2 0.43984375 0.46805555555555556 0.08203125 0.18333333333333332
2 0.457421875 0.4354166666666667 0.06796875 0.175
2 0.594921875 0.4326388888888889 0.07734375 0.19027777777777777
2 0.669921875 0.5354166666666667 0.09609375 0.2833333333333333
2 0.7203125 0.5597222222222222 0.09296875 0.24305555555555555