1 0.337890625 0.33819444444444446 0.06796875 0.17083333333333334
3 0.12734375 0.4798611111111111 0.09609375 0.1986111111111111
3 0.605078125 0.5076388888888889 0.0828125 0.22777777777777777
2 0.5484375 0.3659722222222222 0.06875 0.17777777777777778
2 0.58203125 0.36944444444444446 0.0640625 0.2152777777777778
2 0.564453125 0.25416666666666665 0.053125 0.16944444444444445
2 0.6015625 0.2513888888888889 0.0515625 0.1736111111111111
2 0.64140625 0.22777777777777777 0.040625 0.15138888888888888
2 0.6984375 0.31319444444444444 0.05 0.1625
2 0.825 0.2361111111111111 0.0515625 0.15694444444444444
2 0.527734375 0.51875 0.09296875 0.18611111111111112
2 0.303515625 0.49583333333333335 0.07421875 0.19583333333333333
2 0.271875 0.5347222222222222 0.075 0.22083333333333333
2 0.21328125 0.7305555555555555 0.08359375 0.2569444444444444