2 0.428515625 0.6270833333333333 0.12109375 0.29583333333333334
2 0.342578125 0.45069444444444445 0.08046875 0.23333333333333334
2 0.268359375 0.3173611111111111 0.08984375 0.18472222222222223
2 0.1609375 0.275 0.09140625 0.1875
1 0.719921875 0.44375 0.0890625 0.18611111111111112
2 0.730078125 0.5895833333333333 0.09765625 0.23472222222222222
2 0.94765625 0.7513888888888889 0.09375 0.2833333333333333
2 0.528125 0.4888888888888889 0.0796875 0.2111111111111111
2 0.544140625 0.43194444444444446 0.08046875 0.18611111111111112
2 0.4875 0.41944444444444445 0.08203125 0.18472222222222223
2 0.438671875 0.37222222222222223 0.0609375 0.17222222222222222
2 0.478125 0.3104166666666667 0.04765625 0.11944444444444445