2 0.6565104166666667 0.7263888888888889 0.10260416666666666 0.2777777777777778
2 0.2638020833333333 0.5467592592592593 0.07760416666666667 0.22777777777777777
2 0.31484375 0.42777777777777776 0.0703125 0.18333333333333332
2 0.196875 0.39444444444444443 0.06614583333333333 0.17037037037037037
2 0.4166666666666667 0.3578703703703704 0.05520833333333333 0.1638888888888889
2 0.41171875 0.29259259259259257 0.06614583333333333 0.14444444444444443
2 0.44140625 0.2388888888888889 0.05260416666666667 0.14814814814814814
2 0.8013020833333333 0.4791666666666667 0.0890625 0.23425925925925925
2 0.62421875 0.5185185185185185 0.09270833333333334 0.22870370370370371
2 0.5075520833333333 0.44537037037037036 0.07604166666666666 0.22962962962962963
2 0.453125 0.42083333333333334 0.06302083333333333 0.21388888888888888
3 0.5846354166666666 0.23148148148148148 0.0640625 0.16018518518518518
3 0.1828125 0.6361111111111111 0.0859375 0.24074074074074073
1 0.6901041666666666 0.2949074074074074 0.06927083333333334 0.19722222222222222