2 0.511328125 0.8340277777777778 0.1484375 0.33055555555555555
2 0.188671875 0.8618055555555556 0.09765625 0.24583333333333332
2 0.240234375 0.8034722222222223 0.103125 0.2388888888888889
2 0.373828125 0.7118055555555556 0.071875 0.20972222222222223
2 0.387890625 0.6909722222222222 0.0625 0.1875
2 0.41015625 0.6895833333333333 0.06796875 0.2013888888888889
2 0.5515625 0.6166666666666667 0.07421875 0.175
2 0.59375 0.5340277777777778 0.0609375 0.15694444444444444
2 0.62578125 0.5576388888888889 0.065625 0.1625
2 0.75703125 0.49375 0.046875 0.1388888888888889
2 0.820703125 0.48541666666666666 0.0546875 0.14722222222222223
2 0.915625 0.5513888888888889 0.0765625 0.22083333333333333
3 0.171875 0.7319444444444444 0.0609375 0.1527777777777778
1 0.352734375 0.6368055555555555 0.06328125 0.1486111111111111