2 0.705078125 0.4979166666666667 0.071875 0.20416666666666666
2 0.953515625 0.5152777777777777 0.0484375 0.16527777777777777
2 0.67421875 0.6645833333333333 0.09296875 0.2777777777777778
2 0.520703125 0.47708333333333336 0.0484375 0.175
2 0.45078125 0.3972222222222222 0.053125 0.19166666666666668
2 0.425390625 0.4125 0.0609375 0.19583333333333333
2 0.368359375 0.3451388888888889 0.07421875 0.16666666666666666
2 0.418359375 0.2611111111111111 0.0375 0.14305555555555555
2 0.326171875 0.43194444444444446 0.05078125 0.14444444444444443
2 0.31328125 0.38125 0.06015625 0.12638888888888888
2 0.28203125 0.4354166666666667 0.0640625 0.18472222222222223
2 0.242578125 0.36180555555555555 0.06328125 0.14027777777777778
3 0.080859375 0.4340277777777778 0.06015625 0.14722222222222223
3 0.869140625 0.3854166666666667 0.04609375 0.1736111111111111
1 0.55859375 0.3284722222222222 0.040625 0.14444444444444443