2 0.6184895833333334 0.6268518518518519 0.09010416666666667 0.25277777777777777
2 0.7265625 0.44027777777777777 0.1 0.24259259259259258
2 0.9151041666666667 0.41388888888888886 0.0625 0.18981481481481483
2 0.4984375 0.49166666666666664 0.075 0.1925925925925926
2 0.32317708333333334 0.5148148148148148 0.08541666666666667 0.2
2 0.21822916666666667 0.6268518518518519 0.10416666666666667 0.23148148148148148
2 0.2671875 0.3962962962962963 0.06041666666666667 0.15555555555555556
2 0.39791666666666664 0.3680555555555556 0.044270833333333336 0.1259259259259259
2 0.41458333333333336 0.3439814814814815 0.04895833333333333 0.125
2 0.415625 0.34814814814814815 0.059895833333333336 0.15462962962962962
2 0.4078125 0.3861111111111111 0.0359375 0.14537037037037037
2 0.40208333333333335 0.2861111111111111 0.0375 0.11018518518518519
3 0.5294270833333333 0.2814814814814815 0.04739583333333333 0.13703703703703704
3 0.053125 0.8638888888888889 0.0703125 0.25925925925925924
1 0.6005208333333333 0.3189814814814815 0.05677083333333333 0.13425925925925927