1 0.3688515625 0.5865416666666666 0.0431796875 0.14484722222222224
3 0.15975 0.6132777777777778 0.05621875 0.18209722222222224
2 0.2878671875 0.6558611111111111 0.0520390625 0.16541666666666666
2 0.431484375 0.6858194444444444 0.0449921875 0.19988888888888887
2 0.494953125 0.6359444444444444 0.05865625 0.19968055555555558
2 0.5355078125 0.7134861111111112 0.0577421875 0.20195833333333332
2 0.595796875 0.8699027777777778 0.0756953125 0.2601805555555556
2 0.594625 0.5655972222222222 0.0301328125 0.11454166666666667
2 0.5685859375 0.5318055555555555 0.024921875 0.11177777777777778
2 0.6774296875 0.5968472222222222 0.044703124999999996 0.153875
2 0.862578125 0.6155972222222222 0.045203125 0.14598611111111112
2 0.8046328125000001 0.7225 0.08609375 0.23390277777777777
2 0.9607421875 0.7316527777777777 0.066546875 0.23597222222222222