2 0.33806250000000004 0.5809814814814815 0.05477083333333333 0.21705555555555556
2 0.21033333333333332 0.4142314814814815 0.04670833333333334 0.17291666666666666
2 0.33025000000000004 0.4078703703703704 0.04435416666666667 0.15787962962962962
2 0.39209375 0.4784537037037037 0.04564583333333334 0.19256481481481483
2 0.471515625 0.5040370370370371 0.04303645833333333 0.1858425925925926
2 0.5605104166666667 0.5286851851851851 0.05044791666666667 0.16800925925925925
2 0.5737864583333334 0.6583981481481482 0.07700520833333332 0.267712962962963
2 0.734 0.6502962962962964 0.07320833333333333 0.2098611111111111
2 0.7290520833333333 0.5770462962962963 0.05290104166666666 0.2138148148148148
3 0.5266562499999999 0.4133148148148148 0.03482291666666667 0.14329629629629628
3 0.5048489583333333 0.6846574074074073 0.07532291666666667 0.2744259259259259
1 0.5555625000000001 0.44478703703703704 0.045760416666666665 0.12291666666666666