2 0.193359375 0.5813472222222222 0.0831484375 0.23809722222222224
2 0.2606015625 0.5674583333333333 0.0502265625 0.21031944444444445
2 0.2974296875 0.608625 0.088171875 0.2172638888888889
2 0.46763281250000005 0.43998611111111113 0.060265625 0.18551388888888887
2 0.42828906250000004 0.4826388888888889 0.079796875 0.22320833333333334
2 0.5460390625 0.4404722222222222 0.05859375 0.17856944444444445
2 0.5714296875 0.39633333333333337 0.044640625 0.19741666666666666
2 0.7586484375 0.3541666666666667 0.0440859375 0.14484722222222224
2 0.849609375 0.41418055555555555 0.0418515625 0.17758333333333334
2 0.7857109375 0.39731944444444445 0.0379453125 0.1597222222222222
2 0.76953125 0.5396805555555555 0.0814765625 0.202375
1 0.35128125 0.30754166666666666 0.0396171875 0.14681944444444445
3 0.7726015625 0.7797638888888888 0.0943046875 0.28570833333333334
3 0.46428906249999996 0.25198611111111113 0.0424140625 0.13491666666666666