2 0.30296875 0.4354166666666667 0.0770390625 0.19905555555555554
2 0.27549999999999997 0.43645833333333334 0.0403203125 0.17105555555555554
2 0.24210156249999998 0.46502777777777776 0.0737890625 0.26755555555555555
2 0.24405468749999998 0.6622083333333334 0.0907109375 0.30080555555555555
2 0.434671875 0.5745 0.0813203125 0.2503888888888889
2 0.4598671875 0.4491805555555556 0.065296875 0.2566805555555556
2 0.58915625 0.3642361111111111 0.06085937500000001 0.23033333333333333
2 0.6338125 0.3735 0.0486171875 0.20255555555555557
2 0.6308203125 0.3124027777777778 0.0452265625 0.19147222222222224
2 0.64 0.27075 0.041453125 0.16370833333333334
2 0.960359375 0.38819444444444445 0.055867187500000005 0.21573611111111113
3 0.08136718750000001 0.3500138888888889 0.0765390625 0.17177777777777778
1 0.365015625 0.28579166666666667 0.0435703125 0.1521388888888889