2 0.59140625 0.5421296296296296 0.058854166666666666 0.21388888888888888
2 0.40234375 0.3958333333333333 0.08541666666666667 0.20185185185185187
2 0.40651041666666665 0.27175925925925926 0.059895833333333336 0.16111111111111112
2 0.4635416666666667 0.30972222222222223 0.046875 0.17222222222222222
2 0.48854166666666665 0.3194444444444444 0.058333333333333334 0.1824074074074074
2 0.5052083333333334 0.35833333333333334 0.05416666666666667 0.17592592592592593
2 0.8018229166666667 0.5828703703703704 0.06041666666666667 0.175
2 0.9658854166666667 0.6717592592592593 0.05677083333333333 0.17777777777777778
2 0.3841145833333333 0.8087962962962963 0.11927083333333334 0.29074074074074074
2 0.18645833333333334 0.3972222222222222 0.08125 0.21666666666666667
2 0.17161458333333332 0.2263888888888889 0.06770833333333333 0.13333333333333333
2 0.25755208333333335 0.2273148148148148 0.0703125 0.13518518518518519
3 0.1390625 0.6083333333333333 0.13072916666666667 0.26666666666666666
3 0.61796875 0.2800925925925926 0.050520833333333334 0.14166666666666666
1 0.7072916666666667 0.37175925925925923 0.0578125 0.16944444444444445