2 0.42239583333333336 0.7898148148148149 0.109375 0.28888888888888886
2 0.34609375 0.7685185185185185 0.10833333333333334 0.27685185185185185
1 0.3299479166666667 0.34305555555555556 0.075 0.1935185185185185
2 0.6283854166666667 0.24444444444444444 0.06302083333333333 0.16944444444444445
2 0.6854166666666667 0.15833333333333333 0.06145833333333333 0.16018518518518518
2 0.81328125 0.39351851851851855 0.08020833333333334 0.22962962962962963
2 0.7416666666666667 0.45046296296296295 0.07604166666666666 0.23333333333333334
2 0.7486979166666666 0.5787037037037037 0.08645833333333333 0.25555555555555554
3 0.5981770833333333 0.5351851851851852 0.0609375 0.22777777777777777
2 0.55390625 0.5583333333333333 0.08229166666666667 0.23333333333333334
2 0.44244791666666666 0.47638888888888886 0.05 0.22592592592592592
3 0.46875 0.44351851851851853 0.05260416666666667 0.2037037037037037
2 0.5044270833333333 0.42407407407407405 0.05625 0.2037037037037037