1 0.8010416666666667 0.225 0.0515625 0.1398148148148148
3 0.9309895833333334 0.23657407407407408 0.06458333333333334 0.18703703703703703
3 0.17265625 0.48935185185185187 0.08489583333333334 0.175
2 0.29635416666666664 0.3375 0.058333333333333334 0.13425925925925927
2 0.38515625 0.34074074074074073 0.07552083333333333 0.16203703703703703
2 0.5598958333333334 0.23333333333333334 0.05677083333333333 0.15648148148148147
2 0.6109375 0.1648148148148148 0.03697916666666667 0.10925925925925926
2 0.6911458333333333 0.3597222222222222 0.0671875 0.1675925925925926
2 0.7265625 0.3712962962962963 0.05416666666666667 0.18703703703703703
2 0.7481770833333333 0.39537037037037037 0.05416666666666667 0.18703703703703703
2 0.9270833333333334 0.3574074074074074 0.07239583333333334 0.18888888888888888
2 0.5401041666666667 0.8111111111111111 0.14479166666666668 0.28425925925925927
2 0.32265625 0.6097222222222223 0.096875 0.23703703703703705
2 0.18567708333333333 0.7087962962962963 0.09427083333333333 0.2388888888888889