2 0.403125 0.7708333333333334 0.09166666666666666 0.2712962962962963
2 0.32890625 0.7333333333333333 0.09114583333333333 0.25925925925925924
1 0.3419270833333333 0.3074074074074074 0.06302083333333333 0.1814814814814815
2 0.6450520833333333 0.2740740740740741 0.05260416666666667 0.15925925925925927
2 0.7075520833333333 0.20092592592592592 0.0515625 0.15
2 0.8182291666666667 0.462037037037037 0.065625 0.21666666666666667
2 0.7432291666666667 0.5032407407407408 0.06145833333333333 0.2212962962962963
2 0.74140625 0.6319444444444444 0.0703125 0.24166666666666667
3 0.5950520833333334 0.5560185185185185 0.04635416666666667 0.21944444444444444
2 0.5494791666666666 0.5694444444444444 0.06770833333333333 0.22037037037037038
2 0.44453125 0.4638888888888889 0.034895833333333334 0.22037037037037038
3 0.47291666666666665 0.43703703703703706 0.03958333333333333 0.1962962962962963
2 0.5096354166666667 0.425462962962963 0.043229166666666666 0.19537037037037036