2 0.2427578125 0.5549583333333333 0.030820312500000002 0.13027777777777777
2 0.40550781249999995 0.6558611111111111 0.04903125 0.17466666666666666
2 0.4747109375 0.5144583333333334 0.0376953125 0.10945833333333334
2 0.4079140625 0.5613194444444444 0.0421328125 0.12680555555555556
2 0.4982109375 0.6232222222222222 0.0313125 0.16959722222222223
2 0.5182578125 0.6269305555555555 0.0401640625 0.1862638888888889
2 0.5305 0.6049444444444444 0.0438125 0.15618055555555557
2 0.60809375 0.6403472222222223 0.053171875 0.15755555555555556
2 0.793765625 0.6548194444444445 0.054718750000000003 0.19341666666666665
2 0.5972890625 0.7750416666666666 0.08625000000000001 0.24175
1 0.6841328125 0.5716111111111111 0.043789062499999996 0.12656944444444443
3 0.5838828125 0.5276388888888889 0.0411953125 0.13120833333333334
3 0.2014140625 0.6911388888888889 0.05621875 0.24293055555555554