2 0.516046875 0.5151388888888889 0.059171875 0.22657407407407407
2 0.4719739583333334 0.5149074074074075 0.060869791666666666 0.20296296296296296
2 0.4360364583333334 0.47579629629629633 0.0515 0.16641666666666666
2 0.39046875000000003 0.41041666666666665 0.03328125 0.15833333333333333
2 0.40016666666666667 0.4373796296296296 0.04616666666666667 0.1451388888888889
2 0.3993854166666667 0.38843518518518516 0.023770833333333335 0.11900000000000001
2 0.44150520833333334 0.3805648148148148 0.02077604166666667 0.13103703703703704
2 0.2079895833333333 0.48412962962962963 0.06285416666666667 0.16455555555555557
2 0.6660989583333333 0.6649907407407408 0.07673437500000001 0.2508148148148148
2 0.7318541666666667 0.5839907407407408 0.04938541666666666 0.22770370370370369
2 0.9700572916666667 0.6052870370370371 0.051046875000000005 0.1628888888888889
3 0.4145520833333334 0.7321018518518518 0.06843229166666666 0.2924444444444444
1 0.5612916666666667 0.41967592592592595 0.03638541666666666 0.1675925925925926