2 0.477734375 0.4826388888888889 0.07734375 0.225
2 0.503125 0.5076388888888889 0.06875 0.20555555555555555
2 0.555078125 0.49722222222222223 0.103125 0.26666666666666666
2 0.7953125 0.35 0.12734375 0.2722222222222222
2 0.483984375 0.8229166666666666 0.15078125 0.3541666666666667
2 0.364453125 0.4979166666666667 0.08671875 0.17777777777777778
2 0.33125 0.45069444444444445 0.0546875 0.1361111111111111
2 0.33359375 0.43125 0.04921875 0.11666666666666667
2 0.3046875 0.4361111111111111 0.0453125 0.11944444444444445
2 0.18515625 0.5923611111111111 0.09609375 0.2152777777777778
2 0.191796875 0.5138888888888888 0.084375 0.19027777777777777
3 0.046484375 0.6541666666666667 0.0890625 0.19166666666666668
3 0.823046875 0.26875 0.06015625 0.1763888888888889
1 0.566015625 0.31527777777777777 0.0671875 0.21388888888888888