1 0.619140625 0.4583333333333333 0.06875 0.15694444444444444
3 0.815625 0.6041666666666666 0.053125 0.14166666666666666
3 0.08671875 0.24305555555555555 0.0578125 0.14305555555555555
2 0.220703125 0.3013888888888889 0.06171875 0.16944444444444445
2 0.277734375 0.3625 0.06015625 0.16666666666666666
2 0.41953125 0.3701388888888889 0.0578125 0.12638888888888888
2 0.43125 0.34305555555555556 0.05 0.11805555555555555
2 0.473828125 0.33611111111111114 0.03671875 0.10416666666666667
2 0.452734375 0.40625 0.04296875 0.12777777777777777
2 0.461328125 0.42083333333333334 0.03984375 0.12638888888888888
2 0.54609375 0.5104166666666666 0.04453125 0.1388888888888889
2 0.696484375 0.7104166666666667 0.0875 0.23472222222222222
2 0.7046875 0.6173611111111111 0.06171875 0.15694444444444444