2 0.3484375 0.7465277777777778 0.10390625 0.3111111111111111
2 0.159765625 0.5451388888888888 0.06171875 0.17083333333333334
2 0.051953125 0.5263888888888889 0.07265625 0.2222222222222222
2 0.38046875 0.625 0.07734375 0.22777777777777777
2 0.462109375 0.6284722222222222 0.059375 0.18055555555555555
2 0.4859375 0.6041666666666666 0.0625 0.17222222222222222
2 0.528515625 0.56875 0.0375 0.12083333333333333
2 0.540625 0.6055555555555555 0.05078125 0.14027777777777778
2 0.58359375 0.5819444444444445 0.03984375 0.1125
2 0.60078125 0.6659722222222222 0.05703125 0.16805555555555557
2 0.6390625 0.7347222222222223 0.071875 0.18888888888888888
2 0.753515625 0.6847222222222222 0.04765625 0.1375
3 0.15390625 0.46944444444444444 0.059375 0.16527777777777777
3 0.778515625 0.7673611111111112 0.09375 0.22361111111111112
1 0.314453125 0.5097222222222222 0.07734375 0.17916666666666667