2 0.5842031249999999 0.5861944444444445 0.0301328125 0.12331944444444445
2 0.577171875 0.5619027777777778 0.0316953125 0.11638888888888889
2 0.55171875 0.5924444444444444 0.041984375000000004 0.12193055555555557
2 0.5604453125 0.7242500000000001 0.05890625000000001 0.20265277777777777
2 0.20935937500000001 0.672875 0.05387499999999999 0.14620833333333333
2 0.2729609375 0.6975138888888889 0.055820312500000004 0.1654027777777778
2 0.3864296875 0.6882638888888889 0.079890625 0.17095833333333335
2 0.46442187500000004 0.6694027777777778 0.061390625 0.17166666666666666
2 0.48525 0.6853611111111111 0.0666015625 0.18970833333333334
2 0.4704140625 0.6246111111111111 0.047328125 0.15386111111111112
3 0.16834375 0.6043611111111111 0.052578124999999996 0.15733333333333333
3 0.806328125 0.6717083333333334 0.057710937500000004 0.16702777777777778
1 0.31221875 0.60575 0.0512578125 0.1508611111111111