1 0.39479166666666665 0.30833333333333335 0.0765625 0.16296296296296298
3 0.2078125 0.30277777777777776 0.07760416666666667 0.18055555555555555
2 0.21197916666666666 0.39444444444444443 0.09322916666666667 0.2037037037037037
2 0.30963541666666666 0.513425925925926 0.1171875 0.287962962962963
2 0.3765625 0.7305555555555555 0.0953125 0.2574074074074074
2 0.5354166666666667 0.5504629629629629 0.0703125 0.18888888888888888
2 0.43203125 0.46574074074074073 0.08229166666666667 0.20555555555555555
2 0.49453125 0.45185185185185184 0.06979166666666667 0.22407407407407406
2 0.5299479166666666 0.4537037037037037 0.07552083333333333 0.2101851851851852
2 0.5979166666666667 0.46574074074074073 0.08125 0.22870370370370371
2 0.646875 0.475462962962963 0.0859375 0.225
2 0.7127604166666667 0.45231481481481484 0.08125 0.2101851851851852
2 0.7666666666666667 0.5768518518518518 0.09947916666666666 0.25925925925925924
2 0.8716145833333333 0.5050925925925925 0.0578125 0.18055555555555555