1 0.731640625 0.6534722222222222 0.05078125 0.14444444444444443
3 0.632421875 0.5868055555555556 0.04765625 0.13333333333333333
3 0.2015625 0.7027777777777777 0.09609375 0.24444444444444444
2 0.509375 0.5291666666666667 0.04296875 0.10416666666666667
2 0.462890625 0.5375 0.04140625 0.12777777777777777
2 0.48203125 0.5930555555555556 0.0484375 0.14166666666666666
2 0.5109375 0.6013888888888889 0.03984375 0.13194444444444445
2 0.569921875 0.6708333333333333 0.0921875 0.16666666666666666
2 0.54609375 0.6131944444444445 0.0546875 0.16111111111111112
2 0.607421875 0.7333333333333333 0.12265625 0.13194444444444445
2 0.682421875 0.7944444444444444 0.10859375 0.21388888888888888
2 0.670703125 0.7013888888888888 0.0640625 0.1638888888888889
2 0.81328125 0.8027777777777778 0.07421875 0.1763888888888889
2 0.321484375 0.5048611111111111 0.0796875 0.1388888888888889