2 0.4625 0.7923611111111111 0.11796875 0.2986111111111111
2 0.03671875 0.49027777777777776 0.0734375 0.20833333333333334
2 0.159765625 0.5118055555555555 0.0703125 0.18888888888888888
2 0.3890625 0.6104166666666667 0.075 0.20416666666666666
2 0.47109375 0.6131944444444445 0.06015625 0.15833333333333333
2 0.49921875 0.6041666666666666 0.05703125 0.1527777777777778
2 0.534375 0.6131944444444445 0.053125 0.14722222222222223
2 0.5375 0.575 0.05703125 0.12222222222222222
2 0.5796875 0.66875 0.06328125 0.14444444444444443
2 0.615234375 0.7208333333333333 0.06171875 0.17777777777777778
2 0.74609375 0.7138888888888889 0.05390625 0.14166666666666666
2 0.5796875 0.5819444444444445 0.03515625 0.10277777777777777
3 0.6390625 0.73125 0.0625 0.18472222222222223
3 0.13671875 0.4423611111111111 0.06953125 0.17222222222222222
3 0.334765625 0.49583333333333335 0.0609375 0.15138888888888888