3 0.16796875 0.6097222222222223 0.04140625 0.14444444444444443
3 0.662890625 0.6770833333333334 0.046875 0.17777777777777778
1 0.31640625 0.5861111111111111 0.046875 0.13333333333333333
2 0.119921875 0.6743055555555556 0.05859375 0.19305555555555556
2 0.02890625 0.6979166666666666 0.040625 0.1763888888888889
2 0.3328125 0.7743055555555556 0.053125 0.2722222222222222
2 0.345703125 0.6791666666666667 0.04375 0.18888888888888888
2 0.4296875 0.6333333333333333 0.0359375 0.17222222222222222
2 0.473046875 0.6104166666666667 0.0421875 0.1625
2 0.55 0.5583333333333333 0.034375 0.14166666666666666
2 0.584765625 0.6027777777777777 0.0375 0.13333333333333333
2 0.526953125 0.6506944444444445 0.05625 0.18055555555555555
2 0.6140625 0.6736111111111112 0.0546875 0.23333333333333334
2 0.76796875 0.5923611111111111 0.0359375 0.14027777777777778