2 0.37057291666666664 0.45555555555555555 0.06302083333333333 0.18611111111111112
2 0.22421875 0.4675925925925926 0.0921875 0.2222222222222222
2 0.20182291666666666 0.5472222222222223 0.07708333333333334 0.2222222222222222
2 0.2911458333333333 0.2875 0.03958333333333333 0.14351851851851852
2 0.3390625 0.29953703703703705 0.058333333333333334 0.17777777777777778
2 0.5 0.27870370370370373 0.03697916666666667 0.1574074074074074
2 0.48828125 0.2513888888888889 0.0328125 0.14166666666666666
2 0.5950520833333334 0.4152777777777778 0.07083333333333333 0.20092592592592592
2 0.64921875 0.513425925925926 0.08229166666666667 0.24074074074074073
2 0.9072916666666667 0.4550925925925926 0.06197916666666667 0.1962962962962963
2 0.5924479166666666 0.7587962962962963 0.09427083333333333 0.30277777777777776
3 0.19401041666666666 0.7763888888888889 0.10104166666666667 0.22592592592592592
3 0.6640625 0.19398148148148148 0.03125 0.12685185185185185
1 0.7526041666666666 0.2800925925925926 0.05572916666666667 0.16296296296296298