2 0.570703125 0.45694444444444443 0.06953125 0.20416666666666666
3 0.4375 0.4013888888888889 0.05625 0.15138888888888888
2 0.45078125 0.4048611111111111 0.04609375 0.16944444444444445
2 0.461328125 0.39652777777777776 0.05078125 0.1638888888888889
2 0.339453125 0.3541666666666667 0.065625 0.16666666666666666
2 0.28515625 0.33819444444444446 0.0421875 0.14444444444444443
2 0.24453125 0.4909722222222222 0.0578125 0.175
2 0.212890625 0.4618055555555556 0.07265625 0.15833333333333333
2 0.319140625 0.5034722222222222 0.07109375 0.19444444444444445
2 0.615625 0.6840277777777778 0.0796875 0.23472222222222222
2 0.773828125 0.7368055555555556 0.0609375 0.25555555555555554
2 0.7484375 0.44027777777777777 0.0625 0.1763888888888889
2 0.883203125 0.4861111111111111 0.1015625 0.24027777777777778
3 0.31796875 0.7055555555555556 0.0875 0.2375
1 0.555859375 0.3486111111111111 0.06015625 0.16805555555555557