2 0.42578125 0.5618055555555556 0.08828125 0.2708333333333333
2 0.351171875 0.5034722222222222 0.09921875 0.21944444444444444
2 0.200390625 0.5472222222222223 0.0921875 0.21388888888888888
2 0.1125 0.5909722222222222 0.08515625 0.23472222222222222
1 0.294140625 0.4048611111111111 0.09765625 0.17777777777777778
3 0.02890625 0.5291666666666667 0.0578125 0.19722222222222222
2 0.43125 0.43333333333333335 0.09140625 0.2
2 0.50078125 0.3972222222222222 0.07734375 0.20277777777777778
2 0.52734375 0.3902777777777778 0.0828125 0.20694444444444443
2 0.633984375 0.30972222222222223 0.06015625 0.1527777777777778
2 0.683984375 0.33541666666666664 0.07890625 0.16527777777777777
2 0.808203125 0.2611111111111111 0.0828125 0.175
2 0.947265625 0.26319444444444445 0.09296875 0.24166666666666667
2 0.784765625 0.4354166666666667 0.09921875 0.2777777777777778