1 0.3375 0.23819444444444443 0.084375 0.17777777777777778
3 0.617578125 0.2861111111111111 0.06484375 0.16666666666666666
2 0.68828125 0.3951388888888889 0.075 0.17083333333333334
2 0.57890625 0.4048611111111111 0.09140625 0.20555555555555555
2 0.508203125 0.32708333333333334 0.07578125 0.15694444444444444
2 0.41015625 0.43125 0.1015625 0.24027777777777778
2 0.377734375 0.5097222222222222 0.1078125 0.23194444444444445
2 0.2890625 0.5888888888888889 0.1484375 0.32222222222222224
2 0.735546875 0.8409722222222222 0.13203125 0.31805555555555554
2 0.761328125 0.5861111111111111 0.11015625 0.25972222222222224
2 0.889453125 0.5458333333333333 0.0921875 0.24444444444444444
2 0.847265625 0.4597222222222222 0.08125 0.2