1 0.5875 0.5423611111111111 0.06640625 0.1486111111111111
3 0.45 0.5756944444444444 0.06484375 0.15416666666666667
3 0.27578125 0.6986111111111111 0.084375 0.20972222222222223
2 0.221484375 0.6673611111111111 0.0484375 0.12361111111111112
2 0.185546875 0.7069444444444445 0.06796875 0.18055555555555555
2 0.12578125 0.7298611111111111 0.06171875 0.16666666666666666
2 0.279296875 0.8777777777777778 0.09921875 0.24444444444444444
2 0.38671875 0.6777777777777778 0.04921875 0.1736111111111111
2 0.388671875 0.6076388888888888 0.05546875 0.16527777777777777
2 0.484375 0.5166666666666667 0.046875 0.11944444444444445
2 0.536328125 0.6986111111111111 0.08671875 0.2222222222222222
2 0.615234375 0.6583333333333333 0.0859375 0.23333333333333334