2 0.20182291666666666 0.6347222222222222 0.09739583333333333 0.22314814814814815
3 0.12864583333333332 0.5277777777777778 0.071875 0.17777777777777778
2 0.8783854166666667 0.1648148148148148 0.07916666666666666 0.1712962962962963
2 0.7544270833333333 0.3574074074074074 0.07395833333333333 0.19444444444444445
2 0.6125 0.2796296296296296 0.06510416666666667 0.16111111111111112
2 0.5036458333333333 0.2625 0.07083333333333333 0.15833333333333333
2 0.45989583333333334 0.20416666666666666 0.04791666666666667 0.125
2 0.6190104166666667 0.8157407407407408 0.14322916666666666 0.3037037037037037
2 0.47942708333333334 0.6462962962962963 0.10364583333333334 0.2490740740740741
2 0.43802083333333336 0.4546296296296296 0.09322916666666667 0.19074074074074074
2 0.48515625 0.4351851851851852 0.07239583333333334 0.17222222222222222
2 0.4890625 0.39351851851851855 0.06041666666666667 0.1675925925925926
1 0.2671875 0.41944444444444445 0.0859375 0.18611111111111112