1 0.5828359375 0.3433055555555556 0.0599453125 0.17225
3 0.8448671875 0.34434722222222225 0.0566640625 0.1812777777777778
2 0.35075781250000004 0.3920138888888889 0.039796874999999995 0.147
2 0.347171875 0.3376388888888889 0.041749999999999995 0.10768055555555556
2 0.1998515625 0.36518055555555556 0.058296875000000005 0.13034722222222223
2 0.2236171875 0.4900277777777778 0.0628515625 0.17866666666666664
2 0.2835078125 0.5895416666666667 0.073265625 0.2202916666666667
2 0.3990625 0.41458333333333336 0.055671875 0.18518055555555557
2 0.38396093750000004 0.386 0.046296875 0.16275
2 0.4364921875 0.4937361111111111 0.058921875 0.21384722222222222
2 0.54540625 0.5352777777777777 0.0879453125 0.23443055555555553
2 0.6117421875 0.750736111111111 0.112546875 0.2996111111111111
2 0.7772890625 0.45844444444444443 0.07515625000000001 0.182625
2 0.986390625 0.4017361111111111 0.027210937499999997 0.19420833333333334