2 0.373828125 0.4 0.0890625 0.24861111111111112
2 0.43671875 0.61875 0.1265625 0.41388888888888886
2 0.48359375 0.30625 0.059375 0.18194444444444444
2 0.49453125 0.28888888888888886 0.04453125 0.18472222222222223
2 0.537890625 0.29444444444444445 0.0640625 0.21388888888888888
2 0.646484375 0.2513888888888889 0.04453125 0.16666666666666666
2 0.680078125 0.22083333333333333 0.05390625 0.18611111111111112
2 0.9015625 0.21875 0.06328125 0.18611111111111112
2 0.8671875 0.39444444444444443 0.09296875 0.2652777777777778
2 0.747265625 0.19305555555555556 0.03515625 0.12777777777777777
2 0.19453125 0.38125 0.06171875 0.2013888888888889
3 0.13828125 0.31527777777777777 0.05078125 0.1597222222222222
1 0.316796875 0.2569444444444444 0.071875 0.18333333333333332