2 0.6539921875 0.6317916666666666 0.0436640625 0.159875
2 0.8367968749999999 0.68675 0.056140625 0.1924861111111111
2 0.6088125 0.8661111111111112 0.08715625 0.2410138888888889
2 0.5593359375 0.6592083333333333 0.048625 0.19758333333333333
2 0.6000234375 0.6216111111111111 0.047445312499999996 0.17098611111111112
2 0.5474921875 0.5151527777777778 0.029617187499999996 0.10622222222222223
2 0.46422656250000005 0.6118888888888889 0.0336640625 0.13302777777777777
2 0.44944531249999997 0.576125 0.0392578125 0.11938888888888888
2 0.46129687500000005 0.5438472222222223 0.0395234375 0.11731944444444445
2 0.37810156250000004 0.63375 0.0632265625 0.17445833333333333
2 0.3010234375 0.5544861111111111 0.03615625 0.1275
3 0.1623515625 0.7774722222222222 0.0770546875 0.26280555555555557
3 0.64246875 0.5322777777777777 0.043796875 0.12195833333333334
1 0.7190937500000001 0.573 0.0446953125 0.13859722222222223