2 0.615234375 0.5486111111111112 0.05234375 0.1625
2 0.778515625 0.5402777777777777 0.05 0.1875
2 0.623046875 0.6777777777777778 0.065625 0.24305555555555555
2 0.543359375 0.5201388888888889 0.07109375 0.1986111111111111
2 0.50703125 0.5138888888888888 0.0515625 0.22361111111111112
2 0.4515625 0.47708333333333336 0.05625 0.19305555555555556
2 0.3671875 0.36666666666666664 0.04140625 0.1388888888888889
2 0.379296875 0.39652777777777776 0.03515625 0.125
2 0.27890625 0.44027777777777777 0.05546875 0.15
2 0.14921875 0.6020833333333333 0.0671875 0.21944444444444444
3 0.036328125 0.49166666666666664 0.0515625 0.1625
1 0.67421875 0.41388888888888886 0.034375 0.15555555555555556
3 0.884765625 0.4618055555555556 0.0546875 0.18194444444444444
2 0.94140625 0.5791666666666667 0.0515625 0.18194444444444444
2 0.10625 0.43472222222222223 0.03359375 0.15694444444444444