1 0.37380208333333337 0.34735185185185186 0.04161458333333334 0.13637037037037036
3 0.42861458333333335 0.2851018518518519 0.028848958333333334 0.1183425925925926
2 0.030984375 0.5320370370370371 0.046078125 0.15389814814814815
2 0.30264583333333334 0.5544814814814815 0.08289583333333334 0.19415740740740742
2 0.4068697916666667 0.5123611111111112 0.071296875 0.20249999999999999
2 0.5036770833333333 0.43425 0.04225 0.19212037037037039
2 0.5308229166666666 0.42441666666666666 0.05878125 0.16550925925925927
2 0.5266562499999999 0.3785925925925926 0.05565625 0.1479351851851852
2 0.5964427083333333 0.33625 0.038984374999999995 0.12341666666666666
2 0.638890625 0.31437037037037036 0.035333333333333335 0.12828703703703706
2 0.668640625 0.3694537037037037 0.04144791666666667 0.1643703703703704
2 0.8691510416666667 0.370037037037037 0.04663541666666667 0.14469444444444446
2 0.8597760416666667 0.5040370370370371 0.053927083333333334 0.1858425925925926
2 0.42067187500000003 0.7358148148148148 0.07285416666666666 0.23505555555555557