2 0.4453125 0.4970277777777778 0.0892890625 0.25198611111111113
2 0.3722109375 0.42112499999999997 0.083703125 0.19147222222222224
2 0.2513984375 0.42162499999999997 0.045203125 0.20040277777777776
2 0.282921875 0.4300555555555555 0.056921875 0.20931944444444445
2 0.10211718750000001 0.4384861111111111 0.0658515625 0.19841666666666669
1 0.2156796875 0.33234722222222224 0.05859375 0.16468055555555555
3 0.357140625 0.2921666666666667 0.0424140625 0.15179166666666669
3 0.5577578125 0.5823472222222222 0.0909609375 0.327375
2 0.7120546875 0.33829166666666666 0.0736640625 0.18848611111111113
2 0.416015625 0.36259722222222224 0.064171875 0.16170833333333334
2 0.45786718750000005 0.36508333333333337 0.05078125 0.14681944444444445
2 0.7935234375 0.43154166666666666 0.046875 0.2043611111111111
2 0.8331484375 0.3620972222222222 0.0457578125 0.16468055555555555
2 0.75753125 0.42609722222222224 0.057476562499999995 0.20536111111111113