2 0.244140625 0.4326388888888889 0.05703125 0.15138888888888888
2 0.212109375 0.5375 0.0671875 0.16944444444444445
2 0.215234375 0.5166666666666667 0.05078125 0.16944444444444445
3 0.1765625 0.5506944444444445 0.0703125 0.19722222222222222
2 0.16171875 0.49027777777777776 0.0515625 0.14583333333333334
2 0.32421875 0.3715277777777778 0.0359375 0.11944444444444445
2 0.3546875 0.44166666666666665 0.05078125 0.175
2 0.349609375 0.4131944444444444 0.06171875 0.175
2 0.3765625 0.45069444444444445 0.0625 0.18055555555555555
2 0.49296875 0.43819444444444444 0.075 0.1875
2 0.72421875 0.38819444444444445 0.05859375 0.15555555555555556
2 0.897265625 0.3798611111111111 0.0953125 0.21805555555555556
2 0.517578125 0.6944444444444444 0.096875 0.275
3 0.8 0.2701388888888889 0.06328125 0.18888888888888888
1 0.53828125 0.31319444444444444 0.0703125 0.16805555555555557