1 0.6590390625 0.3506944444444444 0.061382812499999995 0.15376388888888887
3 0.38671875 0.7460277777777777 0.088171875 0.26984722222222224
2 0.236046875 0.6800555555555555 0.0747734375 0.24901388888888887
2 0.1573671875 0.4404722222222222 0.078125 0.17856944444444445
2 0.33565625 0.37698611111111113 0.05078125 0.13095833333333334
2 0.3950859375 0.29415277777777776 0.044640625 0.11209722222222221
2 0.9366640625 0.4722222222222222 0.092078125 0.202375
2 0.69503125 0.5902777777777778 0.0909609375 0.22818055555555555
2 0.6905703125 0.4965277777777778 0.0909609375 0.19940277777777776
2 0.6983828125 0.4751944444444444 0.0887265625 0.14484722222222224
2 0.5259453125 0.4310555555555556 0.0552421875 0.16765277777777776
2 0.45061718749999996 0.43551388888888887 0.048546875 0.172625
2 0.47711718750000004 0.5233194444444444 0.0546875 0.19741666666666666
2 0.48046875 0.4265833333333333 0.0479921875 0.1547638888888889