2 0.66796875 0.3837962962962963 0.04375 0.15185185185185185
2 0.6427083333333333 0.3060185185185185 0.04375 0.11944444444444445
2 0.6518229166666667 0.25601851851851853 0.0359375 0.10740740740740741
2 0.6276041666666666 0.2708333333333333 0.033854166666666664 0.10833333333333334
2 0.64140625 0.21388888888888888 0.030208333333333334 0.10648148148148148
2 0.5119791666666667 0.41435185185185186 0.0390625 0.16574074074074074
2 0.5283854166666667 0.2638888888888889 0.033854166666666664 0.11574074074074074
2 0.44479166666666664 0.3527777777777778 0.06197916666666667 0.1574074074074074
2 0.2869791666666667 0.5236111111111111 0.05260416666666667 0.17592592592592593
2 0.3723958333333333 0.6981481481481482 0.1046875 0.24259259259259258
2 0.5364583333333334 0.6226851851851852 0.071875 0.18703703703703703
2 0.6609375 0.4847222222222222 0.065625 0.1962962962962963
3 0.15104166666666666 0.35833333333333334 0.051041666666666666 0.15185185185185185
3 0.934375 0.4337962962962963 0.051041666666666666 0.175
1 0.9315104166666667 0.3287037037037037 0.040625 0.12037037037037036