2 0.242578125 0.5548611111111111 0.03046875 0.13055555555555556
2 0.40546875 0.6555555555555556 0.04921875 0.175
2 0.474609375 0.5145833333333333 0.0375 0.10972222222222222
2 0.4078125 0.5611111111111111 0.0421875 0.12638888888888888
2 0.498046875 0.6229166666666667 0.03125 0.16944444444444445
2 0.518359375 0.6270833333333333 0.03984375 0.18611111111111112
2 0.53046875 0.6048611111111111 0.04375 0.15555555555555556
2 0.608203125 0.6402777777777777 0.053125 0.15694444444444444
2 0.79375 0.6548611111111111 0.0546875 0.19305555555555556
2 0.597265625 0.775 0.0859375 0.24166666666666667
1 0.683984375 0.5715277777777777 0.04375 0.12638888888888888
3 0.583984375 0.5277777777777778 0.04140625 0.13055555555555556
3 0.2015625 0.6909722222222222 0.05625 0.24305555555555555