1 0.5677083333333334 0.4115740740740741 0.075 0.1962962962962963
3 0.7825520833333334 0.39351851851851855 0.07447916666666667 0.20185185185185187
2 0.3515625 0.4976851851851852 0.0703125 0.1675925925925926
2 0.34817708333333336 0.44675925925925924 0.049479166666666664 0.125
2 0.3028645833333333 0.4930555555555556 0.05625 0.15925925925925927
2 0.24348958333333334 0.4930555555555556 0.0546875 0.14629629629629629
2 0.10963541666666667 0.5736111111111111 0.07916666666666666 0.1814814814814815
2 0.46953125 0.6819444444444445 0.115625 0.2611111111111111
2 0.43671875 0.5638888888888889 0.07916666666666666 0.17407407407407408
2 0.42890625 0.5087962962962963 0.05520833333333333 0.16018518518518518
2 0.46901041666666665 0.5162037037037037 0.07395833333333333 0.2
2 0.7541666666666667 0.4912037037037037 0.06666666666666667 0.19722222222222222
2 0.9588541666666667 0.4166666666666667 0.07083333333333333 0.17592592592592593