2 0.514453125 0.37222222222222223 0.0578125 0.19166666666666668
2 0.55078125 0.35347222222222224 0.0546875 0.20972222222222223
2 0.5609375 0.28888888888888886 0.04375 0.15833333333333333
2 0.59609375 0.2777777777777778 0.03671875 0.14444444444444443
2 0.62578125 0.2722222222222222 0.04296875 0.13194444444444445
2 0.6453125 0.3090277777777778 0.03125 0.1361111111111111
2 0.684375 0.39652777777777776 0.053125 0.19166666666666668
3 0.75703125 0.4284722222222222 0.053125 0.2125
2 0.7671875 0.3902777777777778 0.03984375 0.1638888888888889
2 0.35703125 0.4284722222222222 0.0609375 0.17777777777777778
2 0.253515625 0.5916666666666667 0.07890625 0.2652777777777778
2 0.044921875 0.4340277777777778 0.05703125 0.16805555555555557
3 0.54296875 0.24166666666666667 0.04453125 0.1125
1 0.3890625 0.2659722222222222 0.03671875 0.1361111111111111