1 0.20234375 0.25833333333333336 0.07447916666666667 0.19907407407407407
3 0.2643229166666667 0.18518518518518517 0.05572916666666667 0.15462962962962962
3 0.8572916666666667 0.9060185185185186 0.11979166666666667 0.18796296296296297
2 0.5908854166666667 0.2972222222222222 0.06458333333333334 0.1675925925925926
2 0.4981770833333333 0.3296296296296296 0.07708333333333334 0.20092592592592592
2 0.3333333333333333 0.3958333333333333 0.09270833333333334 0.20555555555555555
2 0.28203125 0.4425925925925926 0.0859375 0.15833333333333333
2 0.2630208333333333 0.5296296296296297 0.08802083333333334 0.20833333333333334
2 0.20833333333333334 0.5893518518518519 0.10677083333333333 0.24722222222222223
2 0.24713541666666666 0.6574074074074074 0.084375 0.2361111111111111
2 0.40729166666666666 0.6023148148148149 0.11145833333333334 0.26944444444444443
2 0.5447916666666667 0.45092592592592595 0.07135416666666666 0.19074074074074074
2 0.7513020833333334 0.3824074074074074 0.06979166666666667 0.17222222222222222
2 0.80546875 0.4583333333333333 0.06927083333333334 0.18981481481481483
2 0.6572916666666667 0.7773148148148148 0.11979166666666667 0.31296296296296294