1 0.6047109374999999 0.38356944444444446 0.035984375 0.13243055555555555
3 0.506671875 0.35105555555555557 0.045632812499999995 0.14377777777777778
3 0.226671875 0.6347916666666666 0.0650703125 0.2205138888888889
2 0.19236718749999998 0.45566666666666666 0.062859375 0.18631944444444445
2 0.213328125 0.4013888888888889 0.055304687500000005 0.16343055555555555
2 0.093609375 0.39977777777777773 0.0541484375 0.15556944444444445
2 0.370609375 0.36031944444444447 0.036539062500000004 0.10675
2 0.38571875 0.32652777777777775 0.025078125 0.1225
2 0.4247734375 0.4265 0.0354921875 0.16504166666666667
2 0.415921875 0.43333333333333335 0.028195312500000003 0.17174999999999999
2 0.451078125 0.44709722222222226 0.0360078125 0.16456944444444443
2 0.5428046875 0.566875 0.061906249999999996 0.1786388888888889
2 0.745265625 0.49940277777777775 0.0475625 0.16733333333333333
2 0.9194765625000001 0.5379444444444444 0.0522265625 0.1865277777777778