1 0.293359375 0.2652777777777778 0.0609375 0.17083333333333334
3 0.06640625 0.28958333333333336 0.06796875 0.19444444444444445
3 0.834375 0.4361111111111111 0.0671875 0.17916666666666667
2 0.706640625 0.35555555555555557 0.0859375 0.22083333333333333
2 0.576953125 0.4215277777777778 0.08359375 0.19583333333333333
2 0.514453125 0.3541666666666667 0.0640625 0.18194444444444444
2 0.524609375 0.3472222222222222 0.0421875 0.14166666666666666
2 0.492578125 0.33819444444444446 0.046875 0.15
2 0.47421875 0.38125 0.05703125 0.18055555555555555
2 0.505859375 0.3 0.04296875 0.1375
2 0.485546875 0.23472222222222222 0.05 0.11944444444444445
2 0.35390625 0.49583333333333335 0.08984375 0.25972222222222224
2 0.348046875 0.3951388888888889 0.06796875 0.20833333333333334
2 0.266796875 0.4597222222222222 0.0984375 0.2361111111111111
2 0.584765625 0.7055555555555556 0.15703125 0.37916666666666665