1 0.5764583333333333 0.43853703703703706 0.055 0.17985185185185187
3 0.7888802083333334 0.5004444444444445 0.0540625 0.18561111111111112
2 0.3551822916666667 0.4427037037037037 0.05385416666666667 0.15114814814814817
2 0.3578541666666667 0.3917962962962963 0.03705729166666667 0.11413888888888889
2 0.307921875 0.4202592592592593 0.04005729166666667 0.14791666666666667
2 0.24978645833333332 0.3983888888888889 0.039677083333333335 0.1342685185185185
2 0.1096875 0.42765740740740743 0.06156770833333333 0.16273148148148148
2 0.44892708333333337 0.6665000000000001 0.09030208333333332 0.23299074074074075
2 0.43050520833333333 0.539212962962963 0.06256770833333333 0.15435185185185185
2 0.4295260416666667 0.48239814814814813 0.038484375 0.14951851851851852
2 0.4677395833333333 0.5041481481481481 0.05371354166666666 0.18375925925925926
2 0.7496927083333333 0.5853796296296296 0.045994791666666666 0.18419444444444444
2 0.95846875 0.5882777777777778 0.05339583333333333 0.15988888888888889