2 0.65078125 0.47152777777777777 0.1265625 0.3125
2 0.805859375 0.17708333333333334 0.0671875 0.1736111111111111
2 0.630859375 0.2875 0.08515625 0.17777777777777778
2 0.55859375 0.27361111111111114 0.06328125 0.1597222222222222
2 0.501171875 0.3625 0.0828125 0.19722222222222222
2 0.420703125 0.4284722222222222 0.0734375 0.20555555555555555
2 0.454296875 0.3958333333333333 0.075 0.22777777777777777
2 0.309765625 0.6944444444444444 0.13046875 0.2847222222222222
2 0.270703125 0.7486111111111111 0.115625 0.3402777777777778
2 0.1609375 0.6118055555555556 0.09609375 0.2569444444444444
2 0.067578125 0.7215277777777778 0.1046875 0.2722222222222222
1 0.24765625 0.41458333333333336 0.140625 0.24027777777777778
3 0.34453125 0.34097222222222223 0.05859375 0.16111111111111112
3 0.766015625 0.6555555555555556 0.14375 0.37083333333333335