1 0.807890625 0.3480416666666667 0.0816640625 0.17941666666666667
3 0.0738203125 0.4852916666666667 0.0822734375 0.1900138888888889
2 0.21053125 0.4443194444444445 0.069234375 0.16827777777777778
2 0.40042968749999996 0.35429166666666667 0.0675234375 0.15951388888888887
2 0.49671093749999995 0.39005555555555554 0.073890625 0.17315277777777777
2 0.44762500000000005 0.4900277777777778 0.06165625 0.17866666666666664
2 0.43753125 0.4137777777777778 0.05059375000000001 0.1627361111111111
2 0.63928125 0.44859722222222226 0.062671875 0.18748611111111113
2 0.7389453125000001 0.5032222222222222 0.0831015625 0.22819444444444445
2 0.9409531250000001 0.5264722222222222 0.066546875 0.23536111111111113
2 0.6133046875 0.5244027777777778 0.0635859375 0.21730555555555556
2 0.627953125 0.8054722222222223 0.0967890625 0.29566666666666663
2 0.42457812500000003 0.8832222222222221 0.1067109375 0.23356944444444444
2 0.18156250000000002 0.5960277777777777 0.0959296875 0.24251388888888892