2 0.487109375 0.47430555555555554 0.06015625 0.1736111111111111
2 0.6296875 0.5541666666666667 0.0859375 0.18472222222222223
2 0.4421875 0.43819444444444444 0.07421875 0.17916666666666667
2 0.408203125 0.41944444444444445 0.05703125 0.14722222222222223
2 0.38125 0.3923611111111111 0.0578125 0.1597222222222222
2 0.359765625 0.35694444444444445 0.05390625 0.14444444444444443
2 0.301953125 0.33194444444444443 0.04453125 0.13472222222222222
2 0.276171875 0.3472222222222222 0.046875 0.1638888888888889
2 0.109375 0.35347222222222224 0.078125 0.1736111111111111
2 0.794921875 0.6583333333333333 0.05859375 0.19305555555555556
3 0.823046875 0.5986111111111111 0.0703125 0.18055555555555555
3 0.072265625 0.30486111111111114 0.06796875 0.1736111111111111
1 0.575390625 0.43819444444444444 0.04921875 0.16527777777777777