1 0.535546875 0.3472222222222222 0.06640625 0.17083333333333334
3 0.546875 0.24722222222222223 0.05 0.13055555555555556
3 0.757421875 0.49722222222222223 0.08515625 0.18472222222222223
2 0.71875 0.44930555555555557 0.0640625 0.15555555555555556
2 0.656640625 0.3680555555555556 0.05 0.12777777777777777
2 0.70625 0.35833333333333334 0.03828125 0.12638888888888888
2 0.740625 0.3680555555555556 0.04453125 0.1388888888888889
2 0.769921875 0.41041666666666665 0.0453125 0.1375
2 0.61875 0.39166666666666666 0.05 0.15833333333333333
2 0.560546875 0.4083333333333333 0.05859375 0.1638888888888889
2 0.458984375 0.39166666666666666 0.0578125 0.17222222222222222
2 0.26484375 0.3375 0.075 0.18472222222222223
2 0.137890625 0.35833333333333334 0.078125 0.19305555555555556
2 0.28125 0.5506944444444445 0.08828125 0.24722222222222223
2 0.8875 0.8465277777777778 0.09765625 0.29305555555555557