2 0.40859375 0.5625 0.07916666666666666 0.2064814814814815
2 0.31145833333333334 0.6027777777777777 0.08697916666666666 0.22870370370370371
2 0.03567708333333333 0.5763888888888888 0.0703125 0.19074074074074074
2 0.4005208333333333 0.7898148148148149 0.1015625 0.30833333333333335
2 0.4921875 0.5439814814814815 0.058854166666666666 0.19814814814814816
2 0.54296875 0.5287037037037037 0.059895833333333336 0.21388888888888888
2 0.5809895833333333 0.4930555555555556 0.059895833333333336 0.2
2 0.6614583333333334 0.4837962962962963 0.053125 0.1824074074074074
2 0.63203125 0.4398148148148148 0.04791666666666667 0.14629629629629629
2 0.6127604166666667 0.40046296296296297 0.049479166666666664 0.13333333333333333
2 0.78984375 0.6134259259259259 0.06822916666666666 0.2324074074074074
2 0.8625 0.4898148148148148 0.04114583333333333 0.15092592592592594
2 0.9815104166666667 0.5185185185185185 0.03697916666666667 0.16296296296296298
3 0.19296875 0.5046296296296297 0.05520833333333333 0.15833333333333333
1 0.4088541666666667 0.46111111111111114 0.04895833333333333 0.15555555555555556