2 0.5328125 0.2875 0.05416666666666667 0.1361111111111111
2 0.45026041666666666 0.2865740740740741 0.09114583333333333 0.17777777777777778
2 0.384375 0.31527777777777777 0.06770833333333333 0.14629629629629629
2 0.40911458333333334 0.38935185185185184 0.0796875 0.17685185185185184
2 0.43385416666666665 0.600925925925926 0.08072916666666667 0.22685185185185186
2 0.18567708333333333 0.5486111111111112 0.09947916666666666 0.20092592592592592
2 0.6296875 0.43657407407407406 0.0640625 0.18333333333333332
2 0.7333333333333333 0.5018518518518519 0.058333333333333334 0.18333333333333332
2 0.8263020833333333 0.3976851851851852 0.075 0.19907407407407407
2 0.8057291666666667 0.5995370370370371 0.0671875 0.1824074074074074
2 0.71171875 0.6666666666666666 0.06354166666666666 0.18703703703703703
3 0.6864583333333333 0.2064814814814815 0.040625 0.12222222222222222
3 0.05703125 0.9138888888888889 0.0796875 0.17222222222222222
1 0.8838541666666667 0.2689814814814815 0.0671875 0.14166666666666666