1 0.5375 0.325 0.05859375 0.15555555555555556
3 0.809765625 0.20833333333333334 0.0859375 0.1986111111111111
3 0.042578125 0.6972222222222222 0.08203125 0.20416666666666666
2 0.276953125 0.5618055555555556 0.11328125 0.225
2 0.3359375 0.5256944444444445 0.10390625 0.23194444444444445
2 0.329296875 0.4326388888888889 0.0640625 0.18055555555555555
2 0.337890625 0.4083333333333333 0.05625 0.1361111111111111
2 0.334375 0.4222222222222222 0.04609375 0.12361111111111112
2 0.355078125 0.3451388888888889 0.0453125 0.1388888888888889
2 0.445703125 0.48680555555555555 0.0890625 0.20416666666666666
2 0.50234375 0.6173611111111111 0.10703125 0.2833333333333333
2 0.593359375 0.4701388888888889 0.11640625 0.25
2 0.748046875 0.3645833333333333 0.08984375 0.21944444444444444
2 0.7796875 0.5444444444444444 0.12890625 0.33055555555555555
2 0.949609375 0.2 0.06484375 0.1638888888888889