3 0.4544270833333333 0.26990740740740743 0.0828125 0.20185185185185187
3 0.51015625 0.662962962962963 0.08489583333333334 0.2574074074074074
1 0.303125 0.26805555555555555 0.07291666666666667 0.18055555555555555
2 0.44505208333333335 0.38981481481481484 0.09479166666666666 0.25555555555555554
2 0.3151041666666667 0.4625 0.078125 0.20925925925925926
2 0.2713541666666667 0.5939814814814814 0.10052083333333334 0.30925925925925923
2 0.17942708333333332 0.4671296296296296 0.096875 0.23148148148148148
2 0.4549479166666667 0.5393518518518519 0.07552083333333333 0.21944444444444444
2 0.45364583333333336 0.875462962962963 0.09114583333333333 0.2490740740740741
2 0.52890625 0.38101851851851853 0.07083333333333333 0.23333333333333334
2 0.6166666666666667 0.3541666666666667 0.06822916666666666 0.18055555555555555
2 0.6106770833333334 0.32037037037037036 0.0453125 0.1361111111111111
2 0.8864583333333333 0.4388888888888889 0.0703125 0.1962962962962963
2 0.81796875 0.6606481481481481 0.08177083333333333 0.24166666666666667
2 0.78515625 0.7273148148148149 0.0796875 0.2638888888888889