2 0.232421875 0.5416666666666666 0.08046875 0.20694444444444443
2 0.336328125 0.81875 0.096875 0.2986111111111111
1 0.37265625 0.32569444444444445 0.078125 0.17083333333333334
3 0.455078125 0.25763888888888886 0.06015625 0.1527777777777778
2 0.9109375 0.35555555555555557 0.096875 0.24583333333333332
2 0.9546875 0.22916666666666666 0.0671875 0.19722222222222222
2 0.58984375 0.24861111111111112 0.071875 0.1597222222222222
3 0.556640625 0.2013888888888889 0.04453125 0.12638888888888888
2 0.6796875 0.33541666666666664 0.09921875 0.19166666666666668
2 0.687109375 0.2604166666666667 0.065625 0.18333333333333332
2 0.418359375 0.46597222222222223 0.06171875 0.2013888888888889
2 0.432421875 0.4354166666666667 0.053125 0.19305555555555556
2 0.47109375 0.41180555555555554 0.09921875 0.2013888888888889