2 0.73359375 0.5555555555555556 0.096875 0.2013888888888889
1 0.6296875 0.36736111111111114 0.07578125 0.18333333333333332
2 0.515234375 0.4847222222222222 0.08359375 0.20416666666666666
2 0.58203125 0.8041666666666667 0.1109375 0.3125
2 0.24609375 0.40625 0.10859375 0.24027777777777778
2 0.046484375 0.3055555555555556 0.0921875 0.23472222222222222
2 0.413671875 0.29097222222222224 0.0515625 0.13055555555555556
2 0.462109375 0.2520833333333333 0.05546875 0.14027777777777778
2 0.953515625 0.6694444444444444 0.0875 0.24305555555555555
3 0.86875 0.5027777777777778 0.0890625 0.20833333333333334
2 0.4046875 0.36666666666666664 0.05703125 0.18055555555555555
2 0.434765625 0.3819444444444444 0.0640625 0.18055555555555555
2 0.371875 0.3326388888888889 0.05625 0.1597222222222222