2 0.141015625 0.5972222222222222 0.071875 0.19166666666666668
2 0.253125 0.47152777777777777 0.0484375 0.1625
2 0.295703125 0.46111111111111114 0.0546875 0.16805555555555557
2 0.328515625 0.43194444444444446 0.02890625 0.11388888888888889
3 0.34921875 0.4305555555555556 0.04140625 0.13055555555555556
2 0.366796875 0.4270833333333333 0.04453125 0.15
2 0.3875 0.4576388888888889 0.04453125 0.15416666666666667
2 0.458203125 0.4777777777777778 0.05078125 0.16527777777777777
2 0.592578125 0.4263888888888889 0.0421875 0.1527777777777778
2 0.7453125 0.44722222222222224 0.04296875 0.14305555555555555
2 0.74765625 0.6180555555555556 0.06484375 0.24027777777777778
3 0.7765625 0.39305555555555555 0.06953125 0.18888888888888888
1 0.60546875 0.39652777777777776 0.0421875 0.1375