1 0.3563515625 0.2906527777777778 0.053593749999999996 0.15722222222222224
3 0.135015625 0.3651666666666667 0.0796640625 0.1766388888888889
3 0.602625 0.5396666666666666 0.0630703125 0.21081944444444442
2 0.560640625 0.382875 0.0533125 0.16344444444444445
2 0.593515625 0.39652777777777776 0.04484375 0.20462500000000003
2 0.5875234375 0.2781527777777778 0.038070312499999995 0.16001388888888887
2 0.624375 0.2865972222222222 0.03625 0.16533333333333333
2 0.6657109375 0.2758333333333333 0.026476562500000002 0.146125
2 0.7138203125 0.3772083333333333 0.035453125 0.15441666666666667
2 0.8456484375000001 0.34052777777777776 0.037390625 0.14818055555555557
2 0.5254218749999999 0.5268333333333334 0.077921875 0.16430555555555554
2 0.3069453125 0.4354166666666667 0.0576328125 0.18054166666666668
2 0.272046875 0.4637638888888889 0.0555546875 0.2071527777777778
2 0.1951015625 0.6387222222222222 0.060515624999999997 0.2422638888888889