2 0.3609375 0.33541666666666664 0.04375 0.13194444444444445
2 0.394140625 0.28055555555555556 0.0515625 0.13055555555555556
2 0.24296875 0.41597222222222224 0.08828125 0.19722222222222222
2 0.147265625 0.38125 0.05703125 0.14444444444444443
2 0.20390625 0.5756944444444444 0.084375 0.2791666666666667
2 0.378515625 0.46805555555555556 0.06484375 0.16805555555555557
2 0.51796875 0.4861111111111111 0.07265625 0.20555555555555555
2 0.547265625 0.4895833333333333 0.053125 0.17777777777777778
2 0.589453125 0.5013888888888889 0.0875 0.2013888888888889
2 0.73984375 0.4798611111111111 0.071875 0.2125
2 0.59921875 0.71875 0.090625 0.2722222222222222
3 0.801953125 0.37430555555555556 0.053125 0.16805555555555557
1 0.5703125 0.35555555555555557 0.0484375 0.1486111111111111