1 0.7718229166666667 0.36910185185185185 0.07984895833333333 0.22616666666666665
3 0.9360729166666667 0.3971018518518519 0.07110416666666668 0.24050000000000002
3 0.4302447916666667 0.6789907407407407 0.077671875 0.2765
2 0.4115572916666667 0.48214814814814816 0.12233333333333334 0.2925462962962963
2 0.29776562500000003 0.4215185185185185 0.07182812499999999 0.21758333333333335
2 0.20258854166666668 0.49638888888888894 0.071578125 0.23074074074074072
2 0.1462760416666667 0.3042962962962963 0.06442708333333333 0.20767592592592593
2 0.393984375 0.20559259259259258 0.06895312499999999 0.17924074074074076
2 0.43662500000000004 0.25547222222222227 0.056578125 0.1702037037037037
2 0.37770833333333337 0.7081481481481481 0.08588020833333333 0.28852777777777777
2 0.5676666666666667 0.4423518518518519 0.09341145833333334 0.240712962962963
2 0.6672760416666667 0.5168796296296296 0.045223958333333335 0.16755555555555557
2 0.7384947916666668 0.5484722222222222 0.06526562500000001 0.18212037037037038
2 0.6940937500000001 0.6691574074074075 0.06761458333333333 0.28691666666666665