2 0.374609375 0.6020833333333333 0.046875 0.13472222222222222
2 0.36953125 0.7173611111111111 0.0671875 0.20416666666666666
2 0.276171875 0.8798611111111111 0.09140625 0.24027777777777778
2 0.440625 0.8055555555555556 0.11328125 0.225
2 0.4359375 0.8076388888888889 0.0859375 0.13055555555555556
2 0.4375 0.7125 0.06328125 0.19583333333333333
2 0.47421875 0.7270833333333333 0.0640625 0.20833333333333334
2 0.621875 0.6208333333333333 0.0546875 0.18611111111111112
2 0.7765625 0.7458333333333333 0.078125 0.2847222222222222
2 0.728125 0.7590277777777777 0.07890625 0.30833333333333335
3 0.59765625 0.6784722222222223 0.0734375 0.2111111111111111
3 0.70390625 0.6159722222222223 0.07421875 0.20972222222222223
1 0.24453125 0.7194444444444444 0.06875 0.14444444444444443