2 0.500390625 0.3993055555555556 0.08828125 0.22916666666666666
2 0.3625 0.5597222222222222 0.090625 0.24166666666666667
2 0.35390625 0.4847222222222222 0.1 0.20694444444444443
2 0.260546875 0.5444444444444444 0.0734375 0.16805555555555557
2 0.096484375 0.73125 0.08671875 0.19027777777777777
2 0.0328125 0.6486111111111111 0.0609375 0.15138888888888888
2 0.0234375 0.6784722222222223 0.0421875 0.1375
2 0.551171875 0.8069444444444445 0.13125 0.3
2 0.535546875 0.88125 0.15390625 0.2375
2 0.574609375 0.5277777777777778 0.0765625 0.21805555555555556
3 0.779296875 0.225 0.06171875 0.16666666666666666
1 0.5609375 0.3541666666666667 0.06171875 0.1375