3 0.40621875 0.5698796296296297 0.051765625 0.18558333333333335
3 0.8733802083333334 0.5838796296296297 0.059000000000000004 0.2112685185185185
1 0.38604166666666667 0.48089814814814813 0.05046354166666667 0.13030555555555554
2 0.2779739583333333 0.6506481481481482 0.08433333333333333 0.22212037037037036
2 0.29496354166666666 0.5960277777777778 0.07013541666666666 0.16845370370370372
2 0.5067968749999999 0.6855833333333333 0.12141145833333335 0.29662962962962963
2 0.5949479166666667 0.5684907407407408 0.06072916666666666 0.19206481481481483
2 0.5868125000000001 0.519888888888889 0.04575520833333333 0.17263888888888887
2 0.48981250000000004 0.5235925925925926 0.057484375000000004 0.1948611111111111
2 0.4674166666666667 0.5488148148148149 0.05957291666666666 0.1943888888888889
2 0.635765625 0.47799074074074077 0.0395 0.1916388888888889
2 0.6610885416666666 0.42535185185185187 0.026348958333333335 0.13958333333333334
2 0.6987187499999999 0.4131944444444444 0.03129166666666667 0.15462962962962962
2 0.8853593750000001 0.44351851851851853 0.051708333333333335 0.13657407407407407
2 0.8060677083333334 0.6240277777777778 0.06760416666666667 0.2753611111111111