1 0.165625 0.4479166666666667 0.04375 0.14444444444444443
3 0.265234375 0.3993055555555556 0.04453125 0.14305555555555555
3 0.77890625 0.8604166666666667 0.1125 0.2791666666666667
2 0.43203125 0.4305555555555556 0.0484375 0.15138888888888888
2 0.425 0.3576388888888889 0.0328125 0.1125
2 0.45078125 0.3909722222222222 0.03828125 0.11666666666666667
2 0.482421875 0.38958333333333334 0.0265625 0.1111111111111111
2 0.401171875 0.5270833333333333 0.05546875 0.18611111111111112
2 0.416015625 0.4548611111111111 0.04140625 0.13333333333333333
2 0.393359375 0.45 0.03984375 0.13472222222222222
2 0.272265625 0.5958333333333333 0.0453125 0.18194444444444444
2 0.073828125 0.6611111111111111 0.08515625 0.20694444444444443
2 0.378125 0.8097222222222222 0.08125 0.275
2 0.7515625 0.6541666666666667 0.06796875 0.22361111111111112
2 0.729296875 0.44305555555555554 0.02890625 0.12222222222222222