2 0.554296875 0.5270833333333333 0.10703125 0.25833333333333336
2 0.538671875 0.46875 0.08125 0.225
2 0.38046875 0.53125 0.1328125 0.2986111111111111
2 0.328515625 0.37777777777777777 0.07109375 0.20416666666666666
3 0.34140625 0.32430555555555557 0.06953125 0.18611111111111112
2 0.283984375 0.37222222222222223 0.08125 0.20972222222222223
2 0.1828125 0.54375 0.175 0.35138888888888886
2 0.38984375 0.8361111111111111 0.13359375 0.2902777777777778
2 0.812109375 0.7736111111111111 0.11484375 0.30694444444444446
2 0.859375 0.6368055555555555 0.09765625 0.22083333333333333
2 0.941796875 0.7798611111111111 0.09921875 0.2763888888888889