1 0.380078125 0.3125 0.08359375 0.18888888888888888
3 0.214453125 0.40555555555555556 0.08125 0.19722222222222222
3 0.929296875 0.28055555555555556 0.06953125 0.21666666666666667
2 0.635546875 0.38472222222222224 0.084375 0.21666666666666667
2 0.55 0.3173611111111111 0.0796875 0.22916666666666666
2 0.5734375 0.2513888888888889 0.06953125 0.16805555555555557
2 0.548046875 0.2125 0.05546875 0.13055555555555556
2 0.60859375 0.2423611111111111 0.053125 0.18055555555555555
2 0.640625 0.23333333333333334 0.06796875 0.1638888888888889
2 0.446875 0.41041666666666665 0.07109375 0.21944444444444444
2 0.41484375 0.4236111111111111 0.06953125 0.20555555555555555
2 0.36171875 0.4576388888888889 0.0625 0.21944444444444444
2 0.1171875 0.5395833333333333 0.08671875 0.20555555555555555
2 0.21171875 0.7277777777777777 0.11796875 0.2833333333333333