1 0.3719791666666667 0.35938888888888887 0.05880208333333334 0.14192592592592593
3 0.18976041666666665 0.43449074074074073 0.057651041666666666 0.16017592592592594
2 0.20610416666666667 0.5213888888888889 0.07079687500000001 0.17888888888888888
2 0.31703125000000004 0.5950925925925926 0.084328125 0.259175925925926
2 0.4115572916666667 0.7768888888888889 0.065046875 0.23619444444444446
2 0.5412395833333333 0.5335462962962964 0.048364583333333336 0.17310185185185184
2 0.42926562500000004 0.4958148148148148 0.058791666666666666 0.18561111111111112
2 0.48805208333333333 0.4557777777777778 0.04225 0.21200925925925926
2 0.5228802083333333 0.4423518518518519 0.050708333333333334 0.19442592592592592
2 0.590390625 0.42441666666666666 0.054218749999999996 0.21179629629629632
2 0.63928125 0.412962962962963 0.05955208333333333 0.20508333333333334
2 0.699890625 0.36227777777777775 0.05706770833333333 0.1916851851851852
2 0.7692187500000001 0.46005555555555555 0.06943229166666667 0.23677777777777778
2 0.8611458333333334 0.3451574074074074 0.03556770833333334 0.17037962962962963