1 0.816796875 0.42569444444444443 0.09453125 0.19722222222222222
3 0.079296875 0.3798611111111111 0.09609375 0.20833333333333334
2 0.217578125 0.3729166666666667 0.08203125 0.18333333333333332
2 0.412890625 0.33125 0.0796875 0.175
2 0.50546875 0.3902777777777778 0.08671875 0.19027777777777777
2 0.448828125 0.47708333333333336 0.075 0.19166666666666668
2 0.444921875 0.3993055555555556 0.0625 0.1736111111111111
2 0.641796875 0.48333333333333334 0.0765625 0.2013888888888889
2 0.736328125 0.5625 0.1 0.24722222222222223
2 0.934765625 0.6354166666666666 0.084375 0.25
2 0.61015625 0.5520833333333334 0.0796875 0.23055555555555557
2 0.602734375 0.8340277777777778 0.11875 0.31666666666666665
2 0.3953125 0.8611111111111112 0.12421875 0.25833333333333336
2 0.176953125 0.5159722222222223 0.1140625 0.2638888888888889