2 0.32849218750000003 0.5880277777777778 0.1280703125 0.32143055555555555
2 0.18871875 0.38055555555555554 0.0711875 0.23287499999999997
2 0.34411718750000003 0.3642361111111111 0.08640624999999999 0.23958333333333334
2 0.4305703125 0.30059722222222224 0.0613984375 0.22804166666666667
2 0.4490546875 0.28370833333333334 0.051500000000000004 0.19888888888888887
2 0.49260937499999996 0.28197222222222224 0.0487578125 0.19309722222222223
2 0.5421484375000001 0.19830555555555557 0.047585937499999995 0.1808611111111111
2 0.6245 0.2606805555555555 0.0651484375 0.18755555555555553
2 0.7329609375 0.3861111111111111 0.07633593749999999 0.23472222222222222
2 0.8500781249999999 0.2642638888888889 0.0618671875 0.1877916666666667
3 0.0808515625 0.30174999999999996 0.0702890625 0.20720833333333333
1 0.26189062500000004 0.23105555555555557 0.0925390625 0.18386111111111111