2 0.3421875 0.7006944444444444 0.06796875 0.20833333333333334
2 0.373828125 0.5826388888888889 0.0625 0.14722222222222223
2 0.476171875 0.6104166666666667 0.04921875 0.1625
2 0.46640625 0.525 0.03984375 0.10555555555555556
2 0.475 0.6590277777777778 0.06328125 0.2
2 0.494140625 0.6222222222222222 0.04765625 0.15833333333333333
2 0.49765625 0.5979166666666667 0.04609375 0.15416666666666667
2 0.51328125 0.5916666666666667 0.05859375 0.18194444444444444
2 0.53125 0.6034722222222222 0.06015625 0.17083333333333334
2 0.651171875 0.6805555555555556 0.06796875 0.2152777777777778
2 0.745703125 0.6020833333333333 0.06328125 0.20555555555555555
3 0.581640625 0.5131944444444444 0.04453125 0.15555555555555556
3 0.19921875 0.8444444444444444 0.10703125 0.26666666666666666
1 0.66015625 0.5138888888888888 0.04921875 0.15555555555555556