2 0.4278984375 0.428125 0.0625703125 0.17291666666666666
2 0.25590625 0.4541527777777778 0.1066015625 0.1948888888888889
2 0.195421875 0.6373333333333333 0.091109375 0.28577777777777774
2 0.5214531250000001 0.39016666666666666 0.034828125 0.16181944444444446
2 0.5564765625 0.3634305555555556 0.050187499999999996 0.198625
2 0.597484375 0.23048611111111109 0.0410703125 0.12022222222222223
2 0.6316015625 0.2657777777777778 0.041585937499999996 0.13293055555555555
2 0.6677265625000001 0.3569583333333333 0.0526484375 0.1578888888888889
2 0.8506640624999999 0.3612361111111111 0.06694531249999999 0.1641388888888889
2 0.789078125 0.4984722222222222 0.0703359375 0.19695833333333335
3 0.491109375 0.24275 0.049671875 0.1401111111111111
3 0.6308828125 0.7522361111111111 0.0909296875 0.29105555555555557
1 0.38005468750000004 0.27873611111111113 0.054109375 0.15884722222222222