1 0.35270833333333335 0.49153703703703705 0.07234375 0.16085185185185186
3 0.14047916666666668 0.5341203703703704 0.05934895833333333 0.20897222222222223
3 0.961 0.5730000000000001 0.07799479166666666 0.21266666666666667
2 0.39300520833333336 0.5709166666666667 0.06048958333333333 0.20387037037037037
2 0.24425 0.6227592592592593 0.07157291666666667 0.2057037037037037
2 0.286890625 0.7685555555555555 0.09044791666666667 0.3028518518518518
2 0.5046510416666666 0.5297222222222222 0.06633854166666667 0.22332407407407406
2 0.5535416666666666 0.48644444444444446 0.05083854166666667 0.19696296296296295
2 0.5796510416666667 0.48100000000000004 0.05486979166666666 0.19302777777777777
2 0.6163645833333333 0.46099074074074076 0.04496875 0.15530555555555556
2 0.6385000000000001 0.4552037037037037 0.03715625 0.15762962962962965
2 0.7289895833333334 0.642425925925926 0.06448958333333334 0.2589259259259259
2 0.8642708333333334 0.43148148148148147 0.030359375 0.14027777777777778