2 0.514453125 0.3416666666666667 0.06953125 0.15555555555555556
2 0.559375 0.28541666666666665 0.05703125 0.1361111111111111
2 0.486328125 0.41458333333333336 0.06015625 0.16111111111111112
2 0.508984375 0.4652777777777778 0.06484375 0.1736111111111111
2 0.556640625 0.4125 0.078125 0.1736111111111111
2 0.594921875 0.4777777777777778 0.06796875 0.21944444444444444
2 0.665234375 0.6131944444444445 0.10546875 0.2986111111111111
2 0.93828125 0.6180555555555556 0.096875 0.2263888888888889
2 0.1671875 0.4111111111111111 0.0765625 0.2222222222222222
2 0.07578125 0.5354166666666667 0.140625 0.2972222222222222
2 0.346484375 0.8145833333333333 0.13828125 0.32222222222222224
3 0.9640625 0.5277777777777778 0.071875 0.18611111111111112
1 0.759765625 0.4013888888888889 0.08203125 0.20555555555555555