2 0.17265625 0.51875 0.0625 0.2
2 0.365234375 0.5701388888888889 0.0734375 0.22777777777777777
2 0.430859375 0.5430555555555555 0.07421875 0.19027777777777777
2 0.482421875 0.4909722222222222 0.06484375 0.15833333333333333
2 0.521484375 0.4979166666666667 0.0515625 0.17222222222222222
2 0.555859375 0.48333333333333334 0.053125 0.15416666666666667
2 0.701171875 0.5694444444444444 0.06328125 0.16805555555555557
2 0.651953125 0.5145833333333333 0.03515625 0.09583333333333334
2 0.6203125 0.5034722222222222 0.0453125 0.14444444444444443
3 0.68046875 0.5395833333333333 0.05 0.1361111111111111
2 0.684765625 0.49236111111111114 0.03984375 0.11666666666666667
2 0.625390625 0.4673611111111111 0.040625 0.12916666666666668
3 0.131640625 0.4027777777777778 0.05 0.15694444444444444
1 0.359765625 0.4201388888888889 0.04765625 0.15