2 0.61640625 0.3486111111111111 0.07109375 0.20416666666666666
2 0.565625 0.34930555555555554 0.084375 0.19722222222222222
2 0.63984375 0.2916666666666667 0.06953125 0.16111111111111112
2 0.6296875 0.24027777777777778 0.05703125 0.12916666666666668
2 0.5640625 0.1986111111111111 0.0421875 0.125
2 0.36953125 0.46944444444444444 0.0859375 0.22361111111111112
2 0.5 0.41388888888888886 0.07265625 0.2111111111111111
2 0.30078125 0.49583333333333335 0.08671875 0.2111111111111111
2 0.28828125 0.6159722222222223 0.06953125 0.2263888888888889
2 0.258984375 0.7833333333333333 0.12734375 0.2638888888888889
2 0.769921875 0.49444444444444446 0.06953125 0.24305555555555555
2 0.924609375 0.24513888888888888 0.08671875 0.20972222222222223
3 0.617578125 0.775 0.16015625 0.3527777777777778
3 0.48828125 0.24027777777777778 0.0453125 0.13333333333333333
1 0.36171875 0.34305555555555556 0.0765625 0.1527777777777778