2 0.466015625 0.44930555555555557 0.040625 0.1388888888888889
2 0.430859375 0.4027777777777778 0.040625 0.13472222222222222
2 0.4109375 0.4270833333333333 0.0484375 0.15416666666666667
2 0.359765625 0.45625 0.05390625 0.14444444444444443
2 0.3109375 0.4340277777777778 0.03828125 0.11805555555555555
2 0.233984375 0.5520833333333334 0.07734375 0.18333333333333332
2 0.16953125 0.5763888888888888 0.0671875 0.1625
2 0.608984375 0.46597222222222223 0.04375 0.15694444444444444
2 0.675390625 0.46111111111111114 0.0546875 0.16111111111111112
2 0.686328125 0.48680555555555555 0.046875 0.17777777777777778
3 0.096484375 0.53125 0.0390625 0.13472222222222222
3 0.846875 0.3888888888888889 0.05546875 0.1375
1 0.546484375 0.3923611111111111 0.0453125 0.14166666666666666