3 0.16380208333333332 0.6143518518518518 0.08645833333333333 0.24537037037037038
3 0.6453125 0.25787037037037036 0.0484375 0.1527777777777778
2 0.2760416666666667 0.34953703703703703 0.06354166666666666 0.18981481481481483
2 0.22630208333333332 0.2513888888888889 0.0609375 0.1537037037037037
2 0.5380208333333333 0.774537037037037 0.09739583333333333 0.28425925925925927
2 0.7247395833333333 0.6263888888888889 0.0953125 0.24351851851851852
2 0.5927083333333333 0.538425925925926 0.06614583333333333 0.20185185185185187
2 0.6283854166666667 0.5041666666666667 0.06197916666666667 0.17777777777777778
2 0.59140625 0.43842592592592594 0.065625 0.18518518518518517
2 0.48802083333333335 0.38101851851851853 0.05416666666666667 0.18796296296296297
2 0.45390625 0.28935185185185186 0.058854166666666666 0.16666666666666666
2 0.53125 0.24814814814814815 0.0546875 0.14629629629629629
2 0.5817708333333333 0.20833333333333334 0.051041666666666666 0.14537037037037037
1 0.7385416666666667 0.3712962962962963 0.0671875 0.18518518518518517