3 0.5241796875 0.27294444444444443 0.0428984375 0.16116666666666668
1 0.31260937499999997 0.3188888888888889 0.0494296875 0.139625
2 0.27478125000000003 0.38669444444444445 0.0688359375 0.22430555555555556
2 0.10493749999999999 0.543375 0.07940625 0.2552638888888889
2 0.40367968750000005 0.44095833333333334 0.07663281250000001 0.21943055555555557
2 0.48577343749999996 0.39976388888888886 0.0780546875 0.238875
2 0.5590078125 0.336125 0.06177343749999999 0.19030555555555556
2 0.5825781250000001 0.3007083333333333 0.0490078125 0.18893055555555555
2 0.7409687500000001 0.3184166666666667 0.062406249999999996 0.17573611111111112
2 0.6409687500000001 0.4796111111111111 0.075953125 0.24579166666666666
2 0.573921875 0.5180277777777778 0.10590625000000001 0.28558333333333336
2 0.5504140625 0.5830555555555555 0.08625000000000001 0.2721388888888889
2 0.8151171875 0.48470833333333335 0.066171875 0.22820833333333335