2 0.201171875 0.4576388888888889 0.1109375 0.24027777777777778
2 0.387890625 0.7576388888888889 0.1234375 0.30416666666666664
2 0.312890625 0.8402777777777778 0.13984375 0.28888888888888886
2 0.67890625 0.6666666666666666 0.10078125 0.29583333333333334
2 0.55 0.44375 0.07421875 0.18333333333333332
2 0.43828125 0.41180555555555554 0.08828125 0.20555555555555555
2 0.44453125 0.4395833333333333 0.071875 0.1875
2 0.3765625 0.4618055555555556 0.10234375 0.2375
2 0.6609375 0.3819444444444444 0.0859375 0.20416666666666666
2 0.639453125 0.34305555555555556 0.059375 0.15833333333333333
2 0.735546875 0.34097222222222223 0.05390625 0.17083333333333334
2 0.902734375 0.41875 0.0859375 0.1875
3 0.480859375 0.25625 0.05234375 0.12777777777777777
1 0.324609375 0.2916666666666667 0.059375 0.14583333333333334