2 0.5479166666666667 0.41574074074074074 0.08541666666666667 0.18518518518518517
2 0.53046875 0.2814814814814815 0.06041666666666667 0.1527777777777778
2 0.4734375 0.21898148148148147 0.04895833333333333 0.13796296296296295
2 0.678125 0.27175925925925926 0.06302083333333333 0.17037037037037037
2 0.9286458333333333 0.17546296296296296 0.07395833333333333 0.17592592592592593
2 0.8515625 0.5046296296296297 0.07916666666666666 0.2212962962962963
2 0.5552083333333333 0.8032407407407407 0.10885416666666667 0.27870370370370373
2 0.3736979166666667 0.5949074074074074 0.0921875 0.21851851851851853
2 0.39010416666666664 0.5449074074074074 0.07916666666666666 0.21388888888888888
2 0.4153645833333333 0.5217592592592593 0.07708333333333334 0.1824074074074074
2 0.18098958333333334 0.6699074074074074 0.1109375 0.21851851851851853
3 0.13723958333333333 0.549537037037037 0.06510416666666667 0.16574074074074074
1 0.2830729166666667 0.43842592592592594 0.0765625 0.1675925925925926