1 0.5346640625 0.34341666666666665 0.0469296875 0.17941666666666667
3 0.84975 0.36759722222222224 0.036484375 0.15141666666666667
2 0.727359375 0.45751388888888894 0.088578125 0.1807638888888889
2 0.9395234374999999 0.4424722222222222 0.061078125000000004 0.20159722222222223
2 0.521578125 0.5691805555555556 0.0689375 0.2351111111111111
2 0.36 0.4880694444444445 0.0556796875 0.15854166666666666
2 0.3226953125 0.4513888888888889 0.044875 0.14304166666666665
2 0.29828125 0.446875 0.046828125 0.15022222222222223
2 0.2729609375 0.40961111111111115 0.059984375 0.15440277777777778
2 0.3261484375 0.34908333333333336 0.0504765625 0.14216666666666666
2 0.3422890625 0.30870833333333336 0.067140625 0.14704166666666668
2 0.059039062499999996 0.512361111111111 0.093078125 0.2117638888888889
2 0.42164843750000003 0.8435416666666667 0.1490234375 0.2769027777777778