1 0.7583333333333333 0.3814814814814815 0.06510416666666667 0.14629629629629629
3 0.9192708333333334 0.5458333333333333 0.07760416666666667 0.17685185185185184
3 0.159375 0.35509259259259257 0.09114583333333333 0.19907407407407407
2 0.24010416666666667 0.2689814814814815 0.06302083333333333 0.17314814814814813
2 0.4203125 0.30277777777777776 0.07604166666666666 0.18518518518518517
2 0.5401041666666667 0.300462962962963 0.08958333333333333 0.18611111111111112
2 0.5984375 0.2638888888888889 0.06458333333333334 0.15925925925925927
2 0.5880208333333333 0.45787037037037037 0.08645833333333333 0.22314814814814815
2 0.42734375 0.6365740740740741 0.103125 0.2564814814814815
2 0.3260416666666667 0.5509259259259259 0.11041666666666666 0.2462962962962963
2 0.6596354166666667 0.47638888888888886 0.06666666666666667 0.17222222222222222
2 0.703125 0.487962962962963 0.07291666666666667 0.1824074074074074
2 0.7661458333333333 0.5532407407407407 0.08333333333333333 0.18611111111111112