1 0.549609375 0.3506944444444444 0.05859375 0.2013888888888889
3 0.578125 0.39375 0.07421875 0.20555555555555555
3 0.107421875 0.5430555555555555 0.1109375 0.25
2 0.180078125 0.36736111111111114 0.05390625 0.23194444444444445
2 0.33203125 0.34791666666666665 0.0453125 0.17083333333333334
2 0.34140625 0.2986111111111111 0.05078125 0.1763888888888889
2 0.35625 0.44583333333333336 0.04296875 0.19444444444444445
2 0.39296875 0.3729166666666667 0.06015625 0.2013888888888889
2 0.4109375 0.43333333333333335 0.04296875 0.18611111111111112
2 0.433984375 0.4513888888888889 0.0359375 0.19305555555555556
2 0.475 0.41388888888888886 0.03515625 0.19583333333333333
2 0.538671875 0.47430555555555554 0.07578125 0.23055555555555557
2 0.5515625 0.6763888888888889 0.08046875 0.35555555555555557
2 0.76796875 0.4527777777777778 0.046875 0.2222222222222222
2 0.944921875 0.45208333333333334 0.05546875 0.25555555555555554