2 0.55703125 0.5388888888888889 0.0796875 0.19444444444444445
2 0.757421875 0.46944444444444444 0.06171875 0.1625
2 0.443359375 0.4861111111111111 0.0453125 0.17222222222222222
2 0.381640625 0.4513888888888889 0.04296875 0.15416666666666667
2 0.38515625 0.4097222222222222 0.0375 0.1375
2 0.39140625 0.4326388888888889 0.0375 0.12638888888888888
2 0.354296875 0.40208333333333335 0.0453125 0.16111111111111112
2 0.358203125 0.4361111111111111 0.03984375 0.12916666666666668
2 0.26640625 0.43472222222222223 0.0515625 0.1625
2 0.22109375 0.5381944444444444 0.05703125 0.15138888888888888
3 0.14375 0.5131944444444444 0.05234375 0.15138888888888888
3 0.856640625 0.425 0.053125 0.16666666666666666
1 0.596484375 0.4 0.06328125 0.17916666666666667