1 0.253515625 0.33819444444444446 0.0640625 0.1763888888888889
3 0.336328125 0.3104166666666667 0.0765625 0.18055555555555555
3 0.485546875 0.7055555555555556 0.15625 0.35138888888888886
2 0.17578125 0.5125 0.10234375 0.2263888888888889
2 0.315234375 0.6208333333333333 0.1046875 0.25
2 0.3203125 0.4861111111111111 0.08125 0.2361111111111111
2 0.40625 0.4930555555555556 0.06875 0.1986111111111111
2 0.40234375 0.45 0.0546875 0.14722222222222223
2 0.448828125 0.47638888888888886 0.0640625 0.1597222222222222
2 0.4578125 0.4548611111111111 0.04765625 0.12777777777777777
2 0.489453125 0.3993055555555556 0.0453125 0.12083333333333333
2 0.50703125 0.43680555555555556 0.071875 0.18611111111111112
2 0.444921875 0.34375 0.04609375 0.11944444444444445
2 0.649609375 0.5659722222222222 0.09609375 0.1875