2 0.48072916666666665 0.4324074074074074 0.04739583333333333 0.15
2 0.4921875 0.3972222222222222 0.04791666666666667 0.15185185185185185
2 0.41796875 0.5569444444444445 0.07239583333333334 0.23055555555555557
2 0.22213541666666667 0.5458333333333333 0.0671875 0.18796296296296297
2 0.6111979166666667 0.36712962962962964 0.050520833333333334 0.13518518518518519
2 0.57109375 0.33055555555555555 0.05 0.13055555555555556
2 0.7091145833333333 0.3439814814814815 0.05 0.1111111111111111
2 0.8328125 0.425 0.053125 0.13518518518518519
2 0.7302083333333333 0.5666666666666667 0.07395833333333333 0.17037037037037037
2 0.53671875 0.4981481481481482 0.06458333333333334 0.1712962962962963
2 0.6442708333333333 0.9050925925925926 0.071875 0.18981481481481483
2 0.7510416666666667 0.9166666666666666 0.07395833333333333 0.16666666666666666
3 0.41302083333333334 0.27685185185185185 0.0578125 0.12685185185185185
1 0.3341145833333333 0.33194444444444443 0.05260416666666667 0.1527777777777778