2 0.6231770833333333 0.612037037037037 0.0984375 0.25925925925925924
2 0.7236979166666667 0.41203703703703703 0.10729166666666666 0.25
2 0.9109375 0.3625 0.06927083333333334 0.1935185185185185
2 0.4981770833333333 0.49212962962962964 0.08125 0.19814814814814816
2 0.32421875 0.5365740740740741 0.09166666666666666 0.2064814814814815
2 0.22369791666666666 0.6615740740740741 0.1109375 0.2388888888888889
2 0.2638020833333333 0.425462962962963 0.065625 0.15925925925925927
2 0.39296875 0.38101851851851853 0.0484375 0.1287037037037037
2 0.4088541666666667 0.35509259259259257 0.05260416666666667 0.12777777777777777
2 0.40989583333333335 0.3592592592592593 0.06510416666666667 0.15833333333333333
2 0.4036458333333333 0.39814814814814814 0.040625 0.14722222222222223
2 0.39401041666666664 0.2986111111111111 0.04114583333333333 0.11203703703703703
3 0.5205729166666667 0.27824074074074073 0.0515625 0.14074074074074075
3 0.06822916666666666 0.8935185185185185 0.07916666666666666 0.21296296296296297
1 0.59296875 0.30694444444444446 0.0609375 0.13796296296296295