2 0.4942708333333333 0.7796296296296297 0.084375 0.25925925925925924
2 0.21041666666666667 0.5407407407407407 0.06666666666666667 0.2074074074074074
2 0.17213541666666668 0.3050925925925926 0.06822916666666666 0.15462962962962962
2 0.5 0.20416666666666666 0.04583333333333333 0.11574074074074074
3 0.8919270833333334 0.4212962962962963 0.06302083333333333 0.17592592592592593
2 0.6174479166666667 0.5550925925925926 0.07447916666666667 0.21388888888888888
2 0.8036458333333333 0.5444444444444444 0.06458333333333334 0.2074074074074074
2 0.5216145833333333 0.449537037037037 0.0609375 0.18796296296296297
2 0.46770833333333334 0.38657407407407407 0.05625 0.17685185185185184
2 0.4276041666666667 0.3333333333333333 0.051041666666666666 0.15555555555555556
2 0.45286458333333335 0.25833333333333336 0.04114583333333333 0.13518518518518519
2 0.39895833333333336 0.40324074074074073 0.07083333333333333 0.16944444444444445
1 0.70234375 0.3351851851851852 0.0546875 0.17777777777777778