2 0.558203125 0.4888888888888889 0.06640625 0.2125
2 0.76640625 0.4701388888888889 0.09375 0.19166666666666668
2 0.976953125 0.42777777777777776 0.04609375 0.19444444444444445
2 0.4640625 0.47847222222222224 0.0828125 0.16944444444444445
2 0.36015625 0.4548611111111111 0.05234375 0.18194444444444444
2 0.290625 0.37569444444444444 0.0546875 0.16666666666666666
2 0.373828125 0.33819444444444446 0.05 0.12361111111111112
2 0.3953125 0.29583333333333334 0.04921875 0.16111111111111112
2 0.0765625 0.4895833333333333 0.0796875 0.19027777777777777
2 0.090625 0.41944444444444445 0.08046875 0.17777777777777778
2 0.314453125 0.6666666666666666 0.11171875 0.26666666666666666
2 0.515625 0.7354166666666667 0.13203125 0.2722222222222222
3 0.80390625 0.3840277777777778 0.05859375 0.16111111111111112
1 0.579296875 0.35138888888888886 0.0546875 0.15138888888888888