2 0.39140625 0.549074074074074 0.07760416666666667 0.24814814814814815
2 0.1890625 0.4134259259259259 0.10625 0.2675925925925926
2 0.4671875 0.8537037037037037 0.11041666666666666 0.29259259259259257
2 0.5770833333333333 0.4675925925925926 0.07552083333333333 0.22407407407407406
2 0.6109375 0.3902777777777778 0.06041666666666667 0.1814814814814815
2 0.5799479166666667 0.30277777777777776 0.05625 0.1574074074074074
2 0.55625 0.21944444444444444 0.0453125 0.14166666666666666
2 0.6546875 0.4101851851851852 0.04739583333333333 0.18518518518518517
2 0.7565104166666666 0.6125 0.09479166666666666 0.24722222222222223
2 0.8125 0.5013888888888889 0.06770833333333333 0.1787037037037037
2 0.8911458333333333 0.45601851851851855 0.06458333333333334 0.1814814814814815
3 0.4075520833333333 0.23796296296296296 0.065625 0.16018518518518518
3 0.9263020833333333 0.8833333333333333 0.10260416666666666 0.23333333333333334
1 0.3455729166666667 0.26944444444444443 0.065625 0.1638888888888889