2 0.27369791666666665 0.5652777777777778 0.07135416666666666 0.22314814814814815
1 0.29973958333333334 0.3509259259259259 0.0640625 0.1925925925925926
2 0.41640625 0.8416666666666667 0.1109375 0.3055555555555556
2 0.6895833333333333 0.4861111111111111 0.06875 0.20555555555555555
2 0.7427083333333333 0.26666666666666666 0.05572916666666667 0.17592592592592593
2 0.6643229166666667 0.23657407407407408 0.058854166666666666 0.16111111111111112
2 0.5653645833333333 0.25324074074074077 0.049479166666666664 0.1527777777777778
2 0.6145833333333334 0.28888888888888886 0.06145833333333333 0.1675925925925926
2 0.4830729166666667 0.5263888888888889 0.06458333333333334 0.21851851851851853
2 0.4713541666666667 0.4351851851851852 0.05625 0.19166666666666668
2 0.46901041666666665 0.4134259259259259 0.04895833333333333 0.19166666666666668
2 0.49921875 0.375 0.04739583333333333 0.17962962962962964
3 0.8838541666666667 0.5745370370370371 0.09635416666666667 0.2361111111111111
3 0.0921875 0.43425925925925923 0.0640625 0.19814814814814816