2 0.6902890625 0.5619999999999999 0.099328125 0.30654166666666666
2 0.7315859375 0.46279166666666666 0.0546875 0.21925000000000003
2 0.6291875 0.31151388888888887 0.04296875 0.15079166666666666
2 0.753625 0.3328333333333333 0.0652890625 0.16170833333333334
2 0.1291875 0.6974166666666667 0.09765625 0.30754166666666666
1 0.06640625 0.3571388888888889 0.0703125 0.18254166666666669
2 0.1704765625 0.4409722222222222 0.053015625 0.2152777777777778
2 0.23046875 0.42509722222222224 0.0546875 0.21130555555555552
2 0.3052421875 0.4280694444444444 0.0502265625 0.2569444444444444
2 0.326171875 0.40029166666666666 0.0463203125 0.19741666666666666
2 0.404296875 0.3680555555555556 0.0541328125 0.1686527777777778
2 0.416015625 0.33234722222222224 0.0418515625 0.140875