2 0.355078125 0.39861111111111114 0.07734375 0.1736111111111111
2 0.36875 0.3416666666666667 0.06953125 0.16527777777777777
2 0.2421875 0.4909722222222222 0.071875 0.14583333333333334
2 0.191015625 0.5277777777777778 0.06796875 0.15833333333333333
2 0.3109375 0.5145833333333333 0.0765625 0.2
2 0.110546875 0.6569444444444444 0.08125 0.19583333333333333
2 0.48828125 0.4479166666666667 0.0609375 0.1736111111111111
2 0.521484375 0.45 0.05546875 0.18194444444444444
2 0.54375 0.4375 0.0546875 0.20277777777777778
2 0.580859375 0.7423611111111111 0.12578125 0.3541666666666667
2 0.741015625 0.33125 0.0703125 0.19722222222222222
3 0.803125 0.20902777777777778 0.096875 0.22916666666666666
1 0.52890625 0.3076388888888889 0.10078125 0.2375