1 0.364453125 0.4583333333333333 0.078125 0.17777777777777778
3 0.48203125 0.40069444444444446 0.0609375 0.15833333333333333
3 0.827734375 0.86875 0.13359375 0.2625
2 0.59375 0.41458333333333336 0.05546875 0.1388888888888889
2 0.614453125 0.4486111111111111 0.05625 0.15416666666666667
2 0.617578125 0.5319444444444444 0.05078125 0.18611111111111112
2 0.62265625 0.5145833333333333 0.04296875 0.17916666666666667
2 0.648828125 0.525 0.065625 0.18472222222222223
2 0.551953125 0.5763888888888888 0.08515625 0.2125
2 0.44765625 0.6590277777777778 0.09921875 0.2222222222222222
2 0.462109375 0.6263888888888889 0.0765625 0.18194444444444444
2 0.334765625 0.6104166666666667 0.08125 0.23333333333333334
2 0.821875 0.7020833333333333 0.09375 0.2152777777777778
2 0.838671875 0.5513888888888889 0.04765625 0.12777777777777777