2 0.177453125 0.5992083333333333 0.0479921875 0.1904722222222222
2 0.3719296875 0.6026805555555556 0.057476562499999995 0.2152777777777778
2 0.43499218749999996 0.5595277777777778 0.060828125 0.17658333333333334
2 0.48186718749999996 0.4955416666666667 0.0541328125 0.14583333333333334
2 0.521203125 0.4925555555555555 0.0390625 0.16369444444444445
2 0.5538515625 0.4697361111111111 0.0418515625 0.14583333333333334
2 0.704796875 0.5188472222222222 0.0513359375 0.15675
2 0.6515078125 0.47718055555555555 0.0284609375 0.08929166666666667
2 0.619421875 0.47370833333333334 0.0346015625 0.1379027777777778
3 0.681640625 0.49454166666666666 0.040734375 0.1279722222222222
2 0.6821953125 0.4469305555555556 0.0318046875 0.11012500000000001
2 0.6216484375 0.4365138888888889 0.03125 0.12301388888888888
3 0.1275078125 0.49504166666666666 0.0385078125 0.14880555555555555
1 0.3549140625 0.4558472222222222 0.036828125 0.1418611111111111