2 0.20546875 0.5965277777777778 0.125 0.25833333333333336
2 0.429296875 0.8 0.14140625 0.3236111111111111
2 0.368359375 0.8791666666666667 0.15703125 0.24166666666666667
2 0.697265625 0.5784722222222223 0.11875 0.3111111111111111
2 0.540234375 0.42291666666666666 0.08515625 0.19583333333333333
2 0.427734375 0.44305555555555554 0.1 0.21944444444444444
2 0.4375 0.4666666666666667 0.08359375 0.1986111111111111
2 0.375390625 0.5194444444444445 0.115625 0.25416666666666665
2 0.63828125 0.3125 0.09765625 0.21805555555555556
2 0.61171875 0.2847222222222222 0.06875 0.16805555555555557
2 0.704296875 0.2375 0.0640625 0.17777777777777778
2 0.87734375 0.2361111111111111 0.096875 0.2013888888888889
3 0.44609375 0.27361111111111114 0.06015625 0.1361111111111111
1 0.3 0.3798611111111111 0.06796875 0.15555555555555556