1 0.28064062500000003 0.3047638888888889 0.051914062500000004 0.16230555555555556
3 0.056374999999999995 0.3714166666666667 0.057796875000000004 0.1845
3 0.8287265625 0.37419444444444444 0.057703125 0.16969444444444445
2 0.696890625 0.3181805555555556 0.074515625 0.2076666666666667
2 0.57196875 0.4075277777777778 0.073359375 0.18263888888888888
2 0.5058906249999999 0.35255555555555557 0.0544921875 0.17225
2 0.5153984375 0.34376388888888887 0.034437499999999996 0.1361388888888889
2 0.48303906249999995 0.34076388888888887 0.038734375 0.14401388888888889
2 0.46721874999999996 0.38645833333333335 0.0474609375 0.17293055555555556
2 0.49391406250000003 0.2997916666666667 0.0357421875 0.13152777777777777
2 0.4700234375 0.23915277777777777 0.0439453125 0.1121111111111111
2 0.3542734375 0.5227777777777778 0.07546875 0.24647222222222223
2 0.342875 0.42406944444444444 0.05659375 0.19952777777777778
2 0.26573437499999997 0.5035694444444444 0.08589843750000001 0.22194444444444447
2 0.5965078125 0.6884722222222222 0.136765625 0.35565277777777776