1 0.39138020833333337 0.3393703703703704 0.05853645833333333 0.16900925925925925
3 0.44410937500000003 0.2533888888888889 0.041604166666666664 0.15214814814814814
3 0.9244218750000001 0.9410925925925926 0.04649479166666667 0.11782407407407407
2 0.6588125 0.20779629629629628 0.06215104166666666 0.16744444444444445
2 0.8595781250000001 0.28012037037037035 0.04702604166666667 0.1801388888888889
2 0.6689010416666666 0.3665555555555556 0.04196875 0.17015740740740742
2 0.6119375 0.3133240740740741 0.06215625 0.18406481481481482
2 0.513375 0.4238425925925926 0.06555208333333333 0.19443518518518518
2 0.5502239583333334 0.5352685185185185 0.06893750000000001 0.24369444444444444
2 0.7642708333333333 0.6350185185185185 0.054328125 0.2441111111111111
2 0.3681354166666667 0.4938518518518519 0.060234375 0.16548148148148148
2 0.17505208333333336 0.5491574074074075 0.06728645833333333 0.2066574074074074
2 0.02694791666666667 0.6063240740740741 0.040614583333333336 0.18673148148148147
2 0.388125 0.8496759259259259 0.07546354166666666 0.24056481481481481