3 0.386328125 0.32222222222222224 0.05859375 0.1597222222222222
3 0.705078125 0.7041666666666667 0.128125 0.3888888888888889
2 0.89609375 0.34305555555555556 0.1046875 0.275
2 0.340234375 0.6611111111111111 0.1296875 0.31805555555555554
2 0.140625 0.5944444444444444 0.10234375 0.24027777777777778
2 0.32109375 0.5263888888888889 0.090625 0.23333333333333334
2 0.478125 0.40625 0.0875 0.22777777777777777
2 0.56328125 0.3840277777777778 0.08203125 0.2263888888888889
2 0.65625 0.28888888888888886 0.07265625 0.18611111111111112
2 0.5671875 0.3451388888888889 0.05546875 0.1875
2 0.525 0.2465277777777778 0.05 0.14027777777777778
2 0.562109375 0.26875 0.05546875 0.1486111111111111