1 0.705875 0.343875 0.0638359375 0.14331944444444444
3 0.05292187499999999 0.4970833333333333 0.0626171875 0.19973611111111111
2 0.164828125 0.4568194444444445 0.0950234375 0.21177777777777776
2 0.434734375 0.4068333333333334 0.054109375 0.14884722222222221
2 0.43792187499999996 0.34469444444444447 0.0435625 0.1287361111111111
2 0.34275 0.34052777777777776 0.0589375 0.15744444444444444
2 0.2792109375 0.7170694444444444 0.10893749999999999 0.23922222222222222
2 0.577046875 0.5330694444444445 0.07570312500000001 0.20920833333333333
2 0.5362890625000001 0.4267361111111111 0.0488828125 0.17938888888888888
2 0.5424765625 0.43969444444444444 0.052140624999999996 0.1867916666666667
2 0.5776953125000001 0.43183333333333335 0.04315625 0.15254166666666666
2 0.8627734374999999 0.5102777777777777 0.06251562499999999 0.19370833333333334