2 0.558203125 0.5319444444444444 0.0859375 0.2
2 0.75546875 0.4375 0.0671875 0.16805555555555557
2 0.44296875 0.4930555555555556 0.0515625 0.175
2 0.380078125 0.46597222222222223 0.0484375 0.15694444444444444
2 0.38203125 0.42430555555555555 0.0421875 0.1388888888888889
2 0.3890625 0.4465277777777778 0.04140625 0.12916666666666668
2 0.35078125 0.4201388888888889 0.05078125 0.16527777777777777
2 0.35625 0.45416666666666666 0.04375 0.13194444444444445
2 0.264453125 0.4638888888888889 0.0578125 0.16666666666666666
2 0.223046875 0.5722222222222222 0.06171875 0.15555555555555556
3 0.1453125 0.5576388888888889 0.05703125 0.15555555555555556
3 0.852734375 0.38055555555555554 0.05859375 0.16944444444444445
1 0.592578125 0.38819444444444445 0.06953125 0.18333333333333332