2 0.3986041666666667 0.5851481481481482 0.05345833333333334 0.23464814814814813
2 0.18553125 0.5203425925925926 0.08173958333333334 0.24392592592592593
2 0.5060833333333333 0.8618055555555556 0.08221875000000001 0.2763888888888889
2 0.5721614583333333 0.44200925925925927 0.054218749999999996 0.20993518518518517
2 0.5970937500000001 0.3547592592592593 0.042890624999999995 0.16969444444444445
2 0.5572552083333334 0.2794259259259259 0.04133333333333333 0.14635185185185184
2 0.52509375 0.20560185185185187 0.031703125 0.1329537037037037
2 0.6421458333333334 0.35938888888888887 0.028822916666666667 0.17895370370370373
2 0.7638802083333334 0.5233518518518518 0.07177604166666667 0.2267962962962963
2 0.8069791666666667 0.3951388888888889 0.05119791666666666 0.16482407407407407
2 0.8792395833333334 0.3239722222222222 0.047281250000000004 0.16832407407407407
3 0.38109375 0.2743333333333333 0.05098958333333334 0.14542592592592593
3 0.9636041666666666 0.768324074074074 0.07278645833333333 0.2885
1 0.32354166666666667 0.3260648148148148 0.05047395833333333 0.14934259259259258