2 0.32734375 0.5453703703703704 0.06041666666666667 0.1962962962962963
2 0.2557291666666667 0.5949074074074074 0.0828125 0.2324074074074074
2 0.39088541666666665 0.8273148148148148 0.11145833333333334 0.3277777777777778
2 0.4973958333333333 0.5805555555555556 0.07760416666666667 0.24074074074074073
2 0.43385416666666665 0.500462962962963 0.07291666666666667 0.22314814814814815
2 0.5221354166666666 0.46064814814814814 0.07604166666666666 0.2101851851851852
2 0.5755208333333334 0.4583333333333333 0.0625 0.17314814814814813
2 0.7395833333333334 0.5606481481481481 0.07916666666666666 0.2518518518518518
2 0.81875 0.5287037037037037 0.0546875 0.18055555555555555
2 0.9408854166666667 0.4981481481481482 0.052083333333333336 0.16018518518518518
2 0.9786458333333333 0.549537037037037 0.042708333333333334 0.18055555555555555
3 0.07708333333333334 0.4898148148148148 0.07239583333333334 0.19814814814814816
1 0.28203125 0.4601851851851852 0.078125 0.16111111111111112