2 0.545078125 0.2948148148148148 0.04693229166666667 0.12852777777777777
2 0.46298958333333334 0.27849999999999997 0.08196354166666667 0.1630185185185185
2 0.3959375 0.29493518518518513 0.05983854166666667 0.13570370370370372
2 0.4161822916666667 0.37303703703703706 0.07038541666666666 0.16460185185185186
2 0.42816145833333336 0.5882685185185186 0.06829687499999999 0.21543518518518517
2 0.1845520833333333 0.49014814814814817 0.08890104166666667 0.18585185185185185
2 0.6326406250000001 0.46099074074074076 0.05408333333333334 0.17382407407407408
2 0.7319166666666667 0.5452314814814815 0.048213541666666665 0.17564814814814814
2 0.830546875 0.45866666666666667 0.06447395833333333 0.18771296296296294
2 0.7982552083333334 0.6559722222222223 0.057187499999999995 0.1725925925925926
2 0.7006718749999999 0.7050370370370371 0.053421874999999994 0.17812962962962964
3 0.7026249999999999 0.24251851851851852 0.03389583333333333 0.11650925925925926
3 0.03261458333333333 0.874537037037037 0.065234375 0.25092592592592594
1 0.8953177083333334 0.3414537037037037 0.059911458333333334 0.1315185185185185