2 0.346484375 0.7104166666666667 0.07109375 0.20972222222222223
2 0.37578125 0.5902777777777778 0.06484375 0.1486111111111111
2 0.478515625 0.6118055555555556 0.0515625 0.1638888888888889
2 0.4671875 0.5270833333333333 0.04140625 0.10694444444444444
2 0.478125 0.6604166666666667 0.06640625 0.2013888888888889
2 0.496484375 0.6229166666666667 0.05 0.1597222222222222
2 0.499609375 0.5979166666666667 0.0484375 0.15555555555555556
2 0.515234375 0.5909722222222222 0.0609375 0.18333333333333332
2 0.533203125 0.6013888888888889 0.0625 0.1736111111111111
2 0.6546875 0.6715277777777777 0.071875 0.21805555555555556
2 0.74765625 0.5868055555555556 0.06640625 0.20694444444444443
3 0.58203125 0.5083333333333333 0.04765625 0.15694444444444444
3 0.205859375 0.8625 0.1109375 0.26944444444444443
1 0.660546875 0.5041666666666667 0.0515625 0.15694444444444444