1 0.7193515625 0.5659444444444445 0.04521875 0.14531944444444445
3 0.579515625 0.53875 0.031171874999999998 0.12565277777777778
3 0.15584375 0.7035277777777778 0.06403125 0.2144722222222222
2 0.2683359375 0.6266944444444444 0.0494375 0.17190277777777777
2 0.252390625 0.5780972222222223 0.03446875 0.15804166666666666
2 0.41084375 0.6033194444444444 0.051898437500000005 0.15570833333333334
2 0.469890625 0.6018194444444445 0.035875000000000004 0.18465277777777775
2 0.5120078125 0.5892083333333333 0.032875 0.15248611111111113
2 0.5487968750000001 0.6363055555555556 0.0458984375 0.18416666666666665
2 0.8136171875 0.6905694444444445 0.051460937500000005 0.20706944444444444
2 0.5913046875 0.8803194444444445 0.0846875 0.23934722222222224
2 0.976953125 0.6940416666666667 0.04609375 0.1816111111111111
2 0.4430703125 0.5479027777777777 0.0238984375 0.1073611111111111