1 0.326171875 0.3284722222222222 0.071875 0.20555555555555555
3 0.48828125 0.2298611111111111 0.05859375 0.14305555555555555
3 0.29140625 0.5951388888888889 0.06875 0.2152777777777778
2 0.264453125 0.5027777777777778 0.08203125 0.24583333333333332
2 0.274609375 0.4576388888888889 0.07421875 0.1875
2 0.16328125 0.46597222222222223 0.06484375 0.19305555555555556
2 0.12265625 0.45555555555555555 0.06328125 0.1736111111111111
2 0.172265625 0.6027777777777777 0.07421875 0.23194444444444445
2 0.380078125 0.4618055555555556 0.08828125 0.23194444444444445
2 0.476171875 0.6034722222222222 0.10078125 0.2847222222222222
2 0.489453125 0.3861111111111111 0.05390625 0.17777777777777778
2 0.65078125 0.33194444444444443 0.04765625 0.19444444444444445
2 0.682421875 0.26319444444444445 0.05234375 0.1527777777777778
2 0.64453125 0.2125 0.0453125 0.14722222222222223