2 0.34375 0.3951388888888889 0.05390625 0.14166666666666666
2 0.369140625 0.3284722222222222 0.06171875 0.14166666666666666
2 0.2390625 0.5208333333333334 0.103125 0.21666666666666667
2 0.14140625 0.525 0.06875 0.15694444444444444
2 0.22109375 0.6923611111111111 0.10703125 0.29583333333333334
2 0.377734375 0.5180555555555556 0.078125 0.18194444444444444
2 0.515625 0.4791666666666667 0.0890625 0.22083333333333333
2 0.54453125 0.4708333333333333 0.0671875 0.18888888888888888
2 0.5875 0.4652777777777778 0.103125 0.2222222222222222
2 0.730859375 0.3840277777777778 0.0890625 0.22777777777777777
2 0.62421875 0.6736111111111112 0.1125 0.2916666666666667
3 0.778125 0.2569444444444444 0.06640625 0.17777777777777778
1 0.55 0.33125 0.06015625 0.15833333333333333