2 0.49046354166666667 0.5900092592592593 0.05618229166666667 0.24899074074074076
2 0.42145312500000004 0.508425925925926 0.05358854166666667 0.23629629629629628
2 0.38343750000000004 0.47556481481481483 0.04526041666666667 0.1890925925925926
2 0.33721354166666667 0.4125 0.04396354166666667 0.13010185185185183
2 0.32809895833333336 0.37466666666666665 0.03615104166666667 0.1354351851851852
2 0.27478645833333337 0.44975925925925925 0.03758854166666667 0.17221296296296298
2 0.21489062499999997 0.4923425925925926 0.05842708333333334 0.18330555555555555
2 0.097578125 0.5466111111111112 0.04516145833333333 0.2154537037037037
2 0.04849479166666667 0.44560185185185186 0.04334375 0.1453611111111111
2 0.40791145833333337 0.7749166666666666 0.08900520833333332 0.2808611111111111
2 0.7927864583333334 0.5886203703703704 0.056666666666666664 0.20918518518518517
2 0.9257239583333334 0.6065648148148148 0.043890624999999996 0.17330555555555555
3 0.8203229166666667 0.5121296296296296 0.034921875 0.1881574074074074
1 0.6027604166666667 0.45161111111111113 0.05552083333333333 0.1537037037037037