1 0.35208333333333336 0.5212962962962963 0.046875 0.16203703703703703
3 0.1203125 0.6236111111111111 0.0765625 0.19166666666666668
3 0.9684895833333333 0.4773148148148148 0.06302083333333333 0.20833333333333334
2 0.6239583333333333 0.49907407407407406 0.06197916666666667 0.20092592592592592
2 0.6151041666666667 0.42453703703703705 0.04895833333333333 0.1648148148148148
2 0.6013020833333333 0.5125 0.04583333333333333 0.1814814814814815
2 0.5916666666666667 0.44722222222222224 0.04479166666666667 0.17962962962962964
2 0.6828125 0.4564814814814815 0.04895833333333333 0.175
2 0.9268229166666667 0.36527777777777776 0.0421875 0.13425925925925927
2 0.653125 0.4513888888888889 0.036458333333333336 0.15648148148148147
2 0.5388020833333333 0.5680555555555555 0.06927083333333334 0.21666666666666667
2 0.5268229166666667 0.487962962962963 0.05364583333333333 0.17592592592592593
2 0.4669270833333333 0.5657407407407408 0.08020833333333334 0.22407407407407406
2 0.3809895833333333 0.6800925925925926 0.07291666666666667 0.24166666666666667
2 0.3104166666666667 0.7379629629629629 0.06145833333333333 0.22314814814814815