1 0.573828125 0.33125 0.059375 0.15694444444444444
3 0.4765625 0.3020833333333333 0.065625 0.16805555555555557
3 0.373046875 0.7722222222222223 0.11328125 0.29305555555555557
2 0.21484375 0.6263888888888889 0.12578125 0.2791666666666667
2 0.170703125 0.49375 0.07421875 0.18611111111111112
2 0.245703125 0.46111111111111114 0.1078125 0.2152777777777778
2 0.372265625 0.4354166666666667 0.1 0.2111111111111111
2 0.423046875 0.45902777777777776 0.06171875 0.16944444444444445
2 0.459375 0.4597222222222222 0.06875 0.17222222222222222
2 0.5421875 0.4326388888888889 0.06875 0.18472222222222223
2 0.595703125 0.5395833333333333 0.05859375 0.19583333333333333
2 0.700390625 0.44375 0.0984375 0.2
2 0.947265625 0.28541666666666665 0.09609375 0.22916666666666666
2 0.374609375 0.325 0.06171875 0.14444444444444443