1 0.34270833333333334 0.31574074074074077 0.0640625 0.1574074074074074
3 0.41041666666666665 0.2388888888888889 0.065625 0.1648148148148148
3 0.9520833333333333 0.8837962962962963 0.06666666666666667 0.2324074074074074
2 0.8333333333333334 0.5782407407407407 0.09947916666666666 0.25925925925925924
2 0.72421875 0.3675925925925926 0.065625 0.21666666666666667
2 0.8822916666666667 0.3787037037037037 0.07708333333333334 0.17592592592592593
2 0.58046875 0.4273148148148148 0.08229166666666667 0.19722222222222222
2 0.5690104166666666 0.26944444444444443 0.0546875 0.1527777777777778
2 0.5263020833333333 0.20925925925925926 0.0421875 0.12962962962962962
2 0.51875 0.4685185185185185 0.05572916666666667 0.21296296296296297
2 0.41458333333333336 0.5930555555555556 0.07083333333333333 0.20555555555555555
2 0.37057291666666664 0.5217592592592593 0.08802083333333334 0.21296296296296297
2 0.18828125 0.48703703703703705 0.0875 0.20925925925925926
2 0.5880208333333333 0.8212962962962963 0.1203125 0.3055555555555556