2 0.48723958333333334 0.3902777777777778 0.03333333333333333 0.10925925925925926
2 0.5229166666666667 0.4375 0.034375 0.1259259259259259
2 0.6046875 0.4564814814814815 0.05520833333333333 0.16111111111111112
2 0.48072916666666665 0.513425925925926 0.035416666666666666 0.16018518518518518
2 0.4986979166666667 0.5111111111111111 0.042708333333333334 0.16203703703703703
2 0.5169270833333334 0.5782407407407407 0.059375 0.1675925925925926
2 0.4390625 0.5458333333333333 0.0609375 0.17037037037037037
2 0.3572916666666667 0.5800925925925926 0.07135416666666666 0.16666666666666666
2 0.31484375 0.7171296296296297 0.07864583333333333 0.262037037037037
2 0.18229166666666666 0.6375 0.0515625 0.22407407407407406
2 0.7567708333333333 0.44351851851851853 0.058333333333333334 0.15648148148148147
3 0.9135416666666667 0.5976851851851852 0.0796875 0.24537037037037038
3 0.05572916666666667 0.586574074074074 0.058333333333333334 0.18703703703703703
1 0.28932291666666665 0.5023148148148148 0.07083333333333333 0.1675925925925926