1 0.74565625 0.6017083333333334 0.045734375 0.10341666666666666
3 0.5651953125 0.6022777777777778 0.04940625 0.16705555555555557
3 0.488375 0.6350277777777779 0.0572265625 0.17931944444444448
2 0.5033515625 0.5794861111111111 0.032484374999999996 0.12379166666666666
2 0.518328125 0.5609722222222222 0.03378125 0.15156944444444445
2 0.5288671875000001 0.5846944444444445 0.0366484375 0.1411388888888889
2 0.3797890625 0.6364166666666667 0.06400781250000001 0.17097222222222222
2 0.242296875 0.6069027777777778 0.059859375000000006 0.19483333333333333
2 0.038015625 0.6096944444444444 0.0497265625 0.14483333333333334
2 0.5984609375 0.6183611111111111 0.04953125 0.1830277777777778
2 0.6706562500000001 0.6155833333333334 0.041578125 0.16820833333333332
2 0.7073750000000001 0.6393055555555556 0.0316796875 0.16704166666666667
2 0.844734375 0.6188194444444445 0.0433828125 0.19320833333333334
2 0.8373828124999999 0.6615277777777778 0.040390625 0.16518055555555555