2 0.57109375 0.7027777777777777 0.11953125 0.40555555555555556
2 0.82890625 0.5194444444444445 0.10859375 0.28888888888888886
2 0.966015625 0.3145833333333333 0.06328125 0.2111111111111111
2 0.696484375 0.33402777777777776 0.07734375 0.19305555555555556
2 0.82421875 0.27152777777777776 0.06171875 0.15694444444444444
2 0.854296875 0.26319444444444445 0.05078125 0.16805555555555557
2 0.58515625 0.3611111111111111 0.071875 0.1986111111111111
2 0.51015625 0.3770833333333333 0.0734375 0.20833333333333334
2 0.54453125 0.3590277777777778 0.0609375 0.2
2 0.44296875 0.5729166666666666 0.10234375 0.25972222222222224
2 0.2015625 0.48055555555555557 0.09375 0.2222222222222222
2 0.054296875 0.4979166666666667 0.09609375 0.23194444444444445
1 0.346875 0.3402777777777778 0.0828125 0.18472222222222223
3 0.4421875 0.2833333333333333 0.053125 0.14444444444444443