2 0.487890625 0.34097222222222223 0.06875 0.15416666666666667
2 0.521484375 0.26458333333333334 0.05546875 0.13472222222222222
2 0.473046875 0.425 0.059375 0.16111111111111112
2 0.502734375 0.4618055555555556 0.06328125 0.17222222222222222
2 0.53984375 0.38680555555555557 0.0765625 0.17222222222222222
2 0.587109375 0.42916666666666664 0.06640625 0.21805555555555556
2 0.6765625 0.5222222222222223 0.10234375 0.2972222222222222
2 0.938671875 0.38472222222222224 0.09453125 0.22361111111111112
2 0.1671875 0.5881944444444445 0.07421875 0.22083333333333333
2 0.100390625 0.7541666666666667 0.13828125 0.29444444444444445
2 0.404296875 0.8604166666666667 0.13515625 0.2791666666666667
3 0.94921875 0.28541666666666665 0.07265625 0.18472222222222223
1 0.732421875 0.2701388888888889 0.08046875 0.20416666666666666