2 0.5578359374999999 0.48527777777777775 0.06203125 0.20852777777777776
2 0.7657734375 0.45358333333333334 0.08987500000000001 0.1867916666666667
2 0.9772812500000001 0.39826388888888886 0.0454453125 0.19190277777777776
2 0.463703125 0.481 0.0794921875 0.16525
2 0.35921875000000003 0.4633055555555555 0.04890625 0.17845833333333336
2 0.28819531249999997 0.3890138888888889 0.051390625 0.164125
2 0.370875 0.3461944444444444 0.0474765625 0.12018055555555555
2 0.3915078125 0.30245833333333333 0.04578125 0.15768055555555555
2 0.07648437500000001 0.5158333333333333 0.075890625 0.18630555555555553
2 0.0894453125 0.44455555555555554 0.0770625 0.1733611111111111
2 0.3178125 0.6778333333333334 0.10671875 0.2603055555555555
2 0.5200781250000001 0.7346527777777778 0.127140625 0.2651388888888889
3 0.8015078125 0.3651666666666667 0.055882812500000004 0.158125
1 0.5763281250000001 0.34688888888888886 0.0521328125 0.14841666666666667