1 0.91171875 0.39375 0.06484375 0.18888888888888888
3 0.75859375 0.33541666666666664 0.08828125 0.19583333333333333
3 0.129296875 0.83125 0.15 0.2638888888888889
2 0.0796875 0.5048611111111111 0.08125 0.21805555555555556
2 0.133203125 0.48680555555555555 0.06875 0.20277777777777778
2 0.618359375 0.8743055555555556 0.12578125 0.2513888888888889
2 0.76875 0.6069444444444444 0.07890625 0.22777777777777777
2 0.80625 0.4840277777777778 0.07734375 0.22777777777777777
2 0.696875 0.4479166666666667 0.09375 0.20416666666666666
2 0.624609375 0.38472222222222224 0.0609375 0.16666666666666666
2 0.6109375 0.3451388888888889 0.07265625 0.19166666666666668
2 0.524609375 0.33125 0.05234375 0.1375