1 0.375 0.3173611111111111 0.0640625 0.14166666666666666
3 0.474609375 0.23402777777777778 0.04921875 0.14166666666666666
3 0.651953125 0.675 0.14296875 0.3375
2 0.49140625 0.3902777777777778 0.06328125 0.17777777777777778
2 0.464453125 0.42569444444444443 0.05078125 0.14305555555555555
2 0.441015625 0.4409722222222222 0.053125 0.15416666666666667
2 0.188671875 0.5652777777777778 0.07578125 0.19444444444444445
2 0.26328125 0.7006944444444444 0.12109375 0.30972222222222223
2 0.629296875 0.3111111111111111 0.0625 0.16805555555555557
2 0.612890625 0.27708333333333335 0.05546875 0.15833333333333333
2 0.625 0.24097222222222223 0.053125 0.16111111111111112
2 0.66015625 0.25763888888888886 0.0640625 0.18194444444444444
2 0.763671875 0.3194444444444444 0.0828125 0.2125
2 0.853125 0.24791666666666667 0.08359375 0.19166666666666668