1 0.3930078125 0.2906527777777778 0.055281250000000004 0.13870833333333335
3 0.48746875 0.24320833333333336 0.052796875 0.13179166666666667
3 0.7028828125000001 0.5998472222222222 0.0969140625 0.25708333333333333
2 0.6685078125 0.37581944444444443 0.049 0.1701527777777778
2 0.6511953125 0.3409861111111111 0.04821875 0.15836111111111112
2 0.6271093750000001 0.28833333333333333 0.0443203125 0.15259722222222222
2 0.6870625 0.26866666666666666 0.058765625 0.16418055555555555
2 0.7522265625 0.3637777777777778 0.068 0.2108888888888889
2 0.5154609375 0.37234722222222216 0.043679687499999995 0.15858333333333335
2 0.45530468749999997 0.4290416666666667 0.079625 0.22105555555555556
2 0.30577343749999997 0.44269444444444445 0.0787265625 0.19744444444444445
2 0.203234375 0.6280694444444445 0.075484375 0.2672638888888889
2 0.09048437499999999 0.5167638888888889 0.0999765625 0.22518055555555555