2 0.57734375 0.5527777777777778 0.0671875 0.19444444444444445
2 0.8356770833333333 0.5277777777777778 0.0578125 0.19814814814814816
2 0.4466145833333333 0.34814814814814815 0.04739583333333333 0.15555555555555556
3 0.5497395833333333 0.20972222222222223 0.0515625 0.12314814814814815
3 0.21666666666666667 0.5111111111111111 0.05416666666666667 0.2
2 0.15651041666666668 0.475 0.0671875 0.18703703703703703
2 0.11744791666666667 0.31712962962962965 0.0578125 0.1527777777777778
2 0.32083333333333336 0.42592592592592593 0.052083333333333336 0.17407407407407408
2 0.45859375 0.25277777777777777 0.0421875 0.13518518518518519
2 0.3572916666666667 0.3175925925925926 0.041666666666666664 0.1425925925925926
2 0.3875 0.2449074074074074 0.035416666666666666 0.12314814814814815
2 0.39453125 0.39444444444444443 0.05260416666666667 0.17037037037037037
2 0.7299479166666667 0.7152777777777778 0.06197916666666667 0.22314814814814815
1 0.6921875 0.31342592592592594 0.042708333333333334 0.14537037037037037