2 0.5997656250000001 0.7014444444444444 0.0677578125 0.22418055555555555
2 0.4210625 0.7993333333333333 0.0970703125 0.2579444444444444
2 0.237546875 0.8083611111111111 0.06728125 0.24358333333333332
2 0.06275 0.7030694444444444 0.052328125 0.2042777777777778
2 0.094 0.6692777777777777 0.0523203125 0.20151388888888888
2 0.1779765625 0.6685833333333333 0.061429687499999996 0.19549999999999998
2 0.31560156250000004 0.6165138888888889 0.0465703125 0.16080555555555556
2 0.29900000000000004 0.5798333333333333 0.0391484375 0.11754166666666666
2 0.46311718749999997 0.6479861111111112 0.053578125 0.15894444444444444
2 0.5111015625 0.6012361111111111 0.0440703125 0.1487777777777778
3 0.8131015625 0.6403472222222223 0.051460937500000005 0.16495833333333332
1 0.1740703125 0.5924444444444444 0.04840625 0.14044444444444446