2 0.55640625 0.5029861111111111 0.0773984375 0.23236111111111113
2 0.5331015625 0.45288888888888884 0.0542265625 0.20854166666666668
2 0.3881875 0.5820138888888889 0.1003359375 0.26311111111111113
2 0.3168359375 0.4554305555555556 0.0461796875 0.1904861111111111
3 0.3222421875 0.39791666666666664 0.047867187500000005 0.170375
2 0.27315625 0.46873611111111113 0.05646875 0.1916388888888889
2 0.1982890625 0.6786388888888889 0.1385 0.3012638888888889
2 0.43870312499999997 0.873375 0.10240625 0.2532361111111111
2 0.8401796875 0.6308472222222222 0.0785390625 0.28206944444444443
2 0.867390625 0.47834722222222226 0.0730625 0.19465277777777779
2 0.966859375 0.5814444444444444 0.0662734375 0.25501388888888893