1 0.74609375 0.5416666666666666 0.04453125 0.1388888888888889
3 0.640625 0.5229166666666667 0.0421875 0.12916666666666668
3 0.241015625 0.8333333333333334 0.0859375 0.23472222222222222
2 0.51328125 0.5236111111111111 0.0390625 0.1
2 0.46953125 0.5534722222222223 0.0359375 0.125
2 0.496484375 0.5986111111111111 0.04296875 0.1375
2 0.525390625 0.5930555555555556 0.034375 0.12916666666666668
2 0.5921875 0.6333333333333333 0.08671875 0.15555555555555556
2 0.5609375 0.5881944444444445 0.0484375 0.15694444444444444
2 0.6375 0.6763888888888889 0.11875 0.11527777777777778
2 0.719140625 0.7006944444444444 0.1 0.2013888888888889
2 0.694140625 0.6159722222222223 0.05703125 0.15694444444444444
2 0.846875 0.6486111111111111 0.0671875 0.16944444444444445
2 0.328515625 0.5868055555555556 0.07421875 0.13055555555555556