3 0.8942734375000001 0.5976805555555555 0.0989609375 0.2861111111111111
2 0.6651015625000001 0.5879583333333334 0.0822890625 0.29073611111111114
2 0.7763046874999999 0.46111111111111114 0.0630234375 0.2222222222222222
2 0.5875 0.4675972222222222 0.0458359375 0.1925972222222222
2 0.6515625 0.357875 0.03125 0.14351388888888889
2 0.6169296875 0.35045833333333337 0.0317734375 0.1361111111111111
2 0.35703125 0.7208333333333333 0.1046875 0.33055555555555555
2 0.234375 0.4236111111111111 0.042710937500000004 0.20093055555555553
2 0.25677343750000003 0.3388888888888889 0.034375 0.14073611111111112
2 0.1796875 0.3638888888888889 0.04375 0.15740277777777778
2 0.0166640625 0.42777777777777776 0.0333359375 0.20555555555555555