1 0.12578125 0.4791666666666667 0.0625 0.14629629629629629
3 0.80859375 0.30833333333333335 0.05 0.15925925925925927
2 0.6763020833333333 0.25416666666666665 0.0484375 0.125
2 0.7830729166666667 0.4027777777777778 0.09114583333333333 0.17314814814814813
2 0.7809895833333333 0.6328703703703704 0.10625 0.2824074074074074
2 0.6979166666666666 0.8324074074074074 0.09739583333333333 0.24074074074074073
2 0.37916666666666665 0.6537037037037037 0.078125 0.18796296296296297
2 0.17161458333333332 0.7231481481481481 0.07239583333333334 0.17314814814814813
2 0.29635416666666664 0.45694444444444443 0.06041666666666667 0.15555555555555556
2 0.3171875 0.41574074074074074 0.0625 0.15462962962962962
2 0.33515625 0.3486111111111111 0.05416666666666667 0.12962962962962962
2 0.38958333333333334 0.3541666666666667 0.046875 0.11481481481481481