1 0.241015625 0.49027777777777776 0.0578125 0.16666666666666666
3 0.316015625 0.4076388888888889 0.05390625 0.15694444444444444
3 0.6015625 0.6861111111111111 0.10625 0.3013888888888889
2 0.28671875 0.6166666666666667 0.0796875 0.20555555555555555
2 0.1796875 0.6875 0.090625 0.22916666666666666
2 0.3125 0.7666666666666667 0.07890625 0.24166666666666667
2 0.378125 0.5638888888888889 0.059375 0.20694444444444443
2 0.415625 0.5416666666666666 0.0421875 0.18333333333333332
2 0.392578125 0.3736111111111111 0.04296875 0.14027777777777778
2 0.430078125 0.3840277777777778 0.05 0.14583333333333334
2 0.473828125 0.4826388888888889 0.0453125 0.15
2 0.5203125 0.42569444444444443 0.0625 0.1638888888888889
2 0.63671875 0.5076388888888889 0.0796875 0.2
2 0.653125 0.39444444444444443 0.0421875 0.13194444444444445