2 0.43020833333333336 0.39675925925925926 0.0671875 0.1685185185185185
2 0.2609375 0.2439814814814815 0.053125 0.14814814814814814
2 0.13515625 0.23287037037037037 0.07864583333333333 0.1537037037037037
2 0.22369791666666666 0.3662037037037037 0.07552083333333333 0.17407407407407408
2 0.5057291666666667 0.2824074074074074 0.044270833333333336 0.13703703703703704
2 0.546875 0.32916666666666666 0.05520833333333333 0.14537037037037037
2 0.5807291666666666 0.41435185185185186 0.06041666666666667 0.14907407407407408
2 0.71484375 0.5370370370370371 0.08072916666666667 0.18055555555555555
2 0.58671875 0.2708333333333333 0.04739583333333333 0.13333333333333333
1 0.6145833333333334 0.28425925925925927 0.04635416666666667 0.12129629629629629
2 0.62734375 0.32037037037037036 0.04635416666666667 0.11574074074074074
3 0.778125 0.399537037037037 0.04895833333333333 0.14907407407407408
2 0.6119791666666666 0.7712962962962963 0.08541666666666667 0.24259259259259258
2 0.6830729166666667 0.7444444444444445 0.08645833333333333 0.23055555555555557