2 0.435546875 0.6840277777777778 0.10546875 0.37916666666666665
2 0.35 0.81875 0.109375 0.35694444444444445
2 0.566015625 0.48055555555555557 0.07578125 0.24444444444444444
2 0.962109375 0.46319444444444446 0.06796875 0.24166666666666667
2 0.25625 0.3972222222222222 0.0546875 0.18472222222222223
2 0.29921875 0.3972222222222222 0.05234375 0.16944444444444445
2 0.33828125 0.3736111111111111 0.03515625 0.15416666666666667
2 0.35390625 0.3902777777777778 0.05078125 0.2
3 0.394140625 0.3229166666666667 0.046875 0.1388888888888889
3 0.49140625 0.3951388888888889 0.05390625 0.18888888888888888
1 0.605859375 0.3527777777777778 0.04296875 0.16805555555555557