2 0.25625 0.65625 0.046875 0.1388888888888889
2 0.427734375 0.6895833333333333 0.06953125 0.19027777777777777
2 0.47734375 0.5243055555555556 0.05078125 0.12222222222222222
2 0.41796875 0.5965277777777778 0.05703125 0.14027777777777778
2 0.513671875 0.6208333333333333 0.05234375 0.17777777777777778
2 0.533984375 0.6166666666666667 0.0625 0.19722222222222222
2 0.54296875 0.5902777777777778 0.0625 0.16944444444444445
2 0.623046875 0.59375 0.071875 0.175
2 0.805859375 0.5333333333333333 0.078125 0.20972222222222223
2 0.6296875 0.7291666666666666 0.11484375 0.26944444444444443
1 0.68828125 0.49583333333333335 0.05859375 0.14027777777777778
3 0.58515625 0.4930555555555556 0.05703125 0.14444444444444443
3 0.233203125 0.8055555555555556 0.08515625 0.25972222222222224