1 0.3104609375 0.30406944444444445 0.0672734375 0.15629166666666666
3 0.5901328125 0.24725000000000003 0.0484921875 0.15145833333333333
2 0.671765625 0.32791666666666663 0.058109375 0.15304166666666666
2 0.5659765625000001 0.3776666666666667 0.07179687500000001 0.1831111111111111
2 0.48785937500000004 0.32779166666666665 0.061390625 0.1366111111111111
2 0.404203125 0.46584722222222225 0.07767968750000001 0.21594444444444444
2 0.381484375 0.5549444444444445 0.0856171875 0.20433333333333334
2 0.3042109375 0.6650972222222222 0.117265625 0.2857638888888889
2 0.7713671875 0.7550138888888889 0.09846875000000001 0.3058611111111111
2 0.7657734375 0.4874861111111111 0.0846640625 0.23375
2 0.88646875 0.4008055555555555 0.067203125 0.22383333333333333
2 0.8350390624999999 0.3325416666666667 0.061742187500000004 0.18081944444444445