2 0.2791666666666667 0.65 0.07291666666666667 0.1925925925925926
2 0.209375 0.4041666666666667 0.05625 0.13796296296296295
2 0.35052083333333334 0.4 0.059375 0.14444444444444443
2 0.4578125 0.33425925925925926 0.034375 0.10185185185185185
2 0.43515625 0.28703703703703703 0.030729166666666665 0.1037037037037037
2 0.43645833333333334 0.5351851851851852 0.05416666666666667 0.16296296296296298
3 0.10807291666666667 0.4462962962962963 0.05364583333333333 0.14074074074074075
1 0.6609375 0.3648148148148148 0.04479166666666667 0.13703703703703704
3 0.84296875 0.4703703703703704 0.058854166666666666 0.14444444444444443
2 0.95234375 0.5407407407407407 0.0609375 0.16296296296296298
2 0.7776041666666667 0.5518518518518518 0.042708333333333334 0.15925925925925927
2 0.7247395833333333 0.5402777777777777 0.03802083333333333 0.15462962962962962
2 0.68515625 0.5222222222222223 0.06614583333333333 0.16296296296296298
2 0.5893229166666667 0.5106481481481482 0.05364583333333333 0.13240740740740742
2 0.6028645833333334 0.48657407407407405 0.05572916666666667 0.13240740740740742