2 0.5984375 0.47962962962962963 0.08020833333333334 0.2388888888888889
2 0.80078125 0.4726851851851852 0.065625 0.19074074074074074
2 0.9502604166666667 0.47638888888888886 0.075 0.2222222222222222
2 0.62265625 0.7226851851851852 0.1015625 0.26851851851851855
2 0.44166666666666665 0.4324074074074074 0.052083333333333336 0.1648148148148148
2 0.41848958333333336 0.4148148148148148 0.051041666666666666 0.1527777777777778
2 0.3919270833333333 0.44027777777777777 0.05260416666666667 0.16203703703703703
2 0.22395833333333334 0.5606481481481481 0.078125 0.20555555555555555
2 0.13671875 0.4050925925925926 0.053125 0.14166666666666666
2 0.27369791666666665 0.3837962962962963 0.046875 0.14074074074074075
2 0.38619791666666664 0.2986111111111111 0.0609375 0.15555555555555556
2 0.43828125 0.21435185185185185 0.04635416666666667 0.11574074074074074
3 0.09322916666666667 0.8763888888888889 0.096875 0.24722222222222223
3 0.5541666666666667 0.2490740740740741 0.050520833333333334 0.14907407407407408
1 0.6494791666666667 0.2949074074074074 0.06510416666666667 0.1814814814814815