2 0.44973958333333336 0.7597222222222222 0.1171875 0.33425925925925926
2 0.57890625 0.5416666666666666 0.09270833333333334 0.22592592592592592
2 0.3971354166666667 0.5513888888888889 0.065625 0.2037037037037037
2 0.32578125 0.6652777777777777 0.075 0.22870370370370371
2 0.1796875 0.5782407407407407 0.06927083333333334 0.175
2 0.4114583333333333 0.5023148148148148 0.05364583333333333 0.16203703703703703
2 0.39479166666666665 0.45925925925925926 0.05 0.14166666666666666
2 0.38776041666666666 0.45092592592592595 0.041666666666666664 0.13333333333333333
1 0.43645833333333334 0.44907407407407407 0.05677083333333333 0.16296296296296298
2 0.44765625 0.44814814814814813 0.0328125 0.06851851851851852
3 0.31614583333333335 0.5407407407407407 0.0625 0.17222222222222222
3 0.5296875 0.4638888888888889 0.06302083333333333 0.15185185185185185