2 0.4265625 0.4097222222222222 0.06458333333333334 0.17314814814814813
2 0.43828125 0.3365740740740741 0.05677083333333333 0.15925925925925927
2 0.3932291666666667 0.2902777777777778 0.06145833333333333 0.16666666666666666
2 0.41328125 0.24722222222222223 0.041666666666666664 0.125
2 0.2838541666666667 0.45 0.06145833333333333 0.16574074074074074
2 0.24609375 0.7925925925925926 0.09583333333333334 0.23796296296296296
2 0.3880208333333333 0.7347222222222223 0.10260416666666666 0.2388888888888889
2 0.7143229166666667 0.6666666666666666 0.09322916666666667 0.2740740740740741
2 0.8106770833333333 0.43333333333333335 0.075 0.1824074074074074
2 0.7458333333333333 0.35555555555555557 0.08177083333333333 0.23703703703703705
2 0.93046875 0.5138888888888888 0.0859375 0.22870370370370371
2 0.6596354166666667 0.23472222222222222 0.0546875 0.12037037037037036
3 0.8346354166666666 0.11481481481481481 0.04791666666666667 0.13703703703703704
3 0.15208333333333332 0.6828703703703703 0.12708333333333333 0.2537037037037037