2 0.5859375 0.58125 0.0328125 0.125
2 0.578515625 0.5569444444444445 0.03359375 0.11805555555555555
2 0.553515625 0.5888888888888889 0.04453125 0.125
2 0.56484375 0.7201388888888889 0.0625 0.20555555555555555
2 0.212890625 0.6909722222222222 0.05703125 0.15
2 0.276953125 0.7118055555555556 0.059375 0.16944444444444445
2 0.390234375 0.6951388888888889 0.0828125 0.1763888888888889
2 0.467578125 0.6715277777777777 0.06484375 0.175
2 0.4890625 0.6861111111111111 0.0703125 0.19305555555555556
2 0.473046875 0.6263888888888889 0.05 0.15694444444444444
3 0.170703125 0.625 0.05546875 0.16111111111111112
3 0.809375 0.6527777777777778 0.0609375 0.17083333333333334
1 0.314453125 0.6173611111111111 0.05390625 0.15416666666666667