3 0.951953125 0.3875 0.05234375 0.1763888888888889
3 0.06328125 0.4673611111111111 0.06484375 0.17916666666666667
2 0.144140625 0.40208333333333335 0.065625 0.2111111111111111
2 0.16328125 0.56875 0.078125 0.17083333333333334
2 0.37734375 0.48125 0.08984375 0.22777777777777777
2 0.434375 0.41388888888888886 0.0796875 0.1736111111111111
2 0.396875 0.3729166666666667 0.05625 0.12083333333333333
2 0.372265625 0.35694444444444445 0.04609375 0.12777777777777777
2 0.36796875 0.3277777777777778 0.04609375 0.12361111111111112
2 0.44453125 0.2763888888888889 0.0375 0.15833333333333333
2 0.58125 0.5048611111111111 0.05 0.1736111111111111
2 0.586328125 0.4840277777777778 0.059375 0.17222222222222222
2 0.801953125 0.4583333333333333 0.06640625 0.21388888888888888
2 0.8421875 0.6041666666666666 0.07265625 0.2708333333333333
1 0.651171875 0.3326388888888889 0.07109375 0.18055555555555555