2 0.6062734375 0.41191666666666665 0.0807734375 0.21456944444444445
2 0.4399453125 0.4438611111111111 0.0645234375 0.21363888888888888
2 0.23715625 0.4473333333333333 0.0743125 0.19743055555555555
2 0.24626562500000002 0.6233194444444444 0.11336718750000001 0.31563888888888886
2 0.017249999999999998 0.3774444444444444 0.027726562500000003 0.15025000000000002
2 0.6466406250000001 0.27826388888888887 0.0365078125 0.14866666666666667
2 0.6339453125000001 0.2345277777777778 0.025437500000000002 0.09359722222222222
2 0.6683828125 0.3118194444444444 0.03571875 0.1741111111111111
2 0.688953125 0.32837500000000003 0.0299921875 0.14470833333333333
2 0.7279453124999999 0.32143055555555555 0.0259453125 0.11231944444444444
2 0.780546875 0.3349722222222222 0.053023437500000006 0.14633333333333334
2 0.7644062500000001 0.45786111111111116 0.051984375000000006 0.20229166666666668
3 0.5545234375 0.23927777777777778 0.028054687499999998 0.12854166666666667
3 0.72221875 0.7554722222222223 0.07698437500000001 0.2975277777777778
1 0.43109374999999994 0.2865972222222222 0.0468125 0.15606944444444446