2 0.5018229166666667 0.6199074074074075 0.08541666666666667 0.21296296296296297
2 0.41041666666666665 0.513425925925926 0.07135416666666666 0.17777777777777778
2 0.7205729166666667 0.6305555555555555 0.0765625 0.17685185185185184
2 0.82734375 0.7203703703703703 0.07083333333333333 0.19537037037037036
2 0.8080729166666667 0.5486111111111112 0.06354166666666666 0.15555555555555556
2 0.4984375 0.3347222222222222 0.06458333333333334 0.13796296296296295
2 0.42682291666666666 0.39305555555555555 0.050520833333333334 0.13518518518518519
2 0.4328125 0.35138888888888886 0.06145833333333333 0.1361111111111111
2 0.4588541666666667 0.2777777777777778 0.0453125 0.11851851851851852
2 0.14322916666666666 0.33564814814814814 0.07760416666666667 0.17592592592592593
1 0.26328125 0.2273148148148148 0.059375 0.15648148148148147