1 0.5601875 0.34654166666666664 0.0406796875 0.14169444444444443
3 0.8404375 0.35025 0.0634296875 0.176875
3 0.0293515625 0.4948888888888889 0.058710937500000004 0.1837638888888889
2 0.275046875 0.46411111111111114 0.0901875 0.1916388888888889
2 0.33734375 0.454625 0.078078125 0.20506944444444444
2 0.3436640625 0.3615833333333333 0.04253125 0.16715277777777776
2 0.35531250000000003 0.3414583333333333 0.04109375 0.1222638888888889
2 0.34978125000000004 0.3532638888888889 0.031328125 0.11345833333333333
2 0.3803125 0.28752777777777777 0.02859375 0.13015277777777776
2 0.449125 0.46365277777777775 0.065953125 0.18145833333333333
2 0.486296875 0.6146527777777778 0.073890625 0.25893055555555555
2 0.5948125 0.5109722222222222 0.089109375 0.2182361111111111
2 0.759328125 0.4750972222222222 0.06526562500000001 0.19743055555555555
2 0.7654453125 0.66325 0.0905234375 0.30056944444444444
2 0.976953125 0.4022083333333333 0.04609375 0.14884722222222221