2 0.38046875 0.3770833333333333 0.0890625 0.24861111111111112
2 0.430078125 0.60625 0.1265625 0.41388888888888886
2 0.4953125 0.30416666666666664 0.059375 0.18194444444444444
2 0.50703125 0.28888888888888886 0.04453125 0.18472222222222223
2 0.549609375 0.3020833333333333 0.0640625 0.21388888888888888
2 0.66015625 0.28055555555555556 0.04453125 0.16666666666666666
2 0.6953125 0.25555555555555554 0.05390625 0.18611111111111112
2 0.916015625 0.2951388888888889 0.06328125 0.18611111111111112
2 0.87109375 0.46319444444444446 0.09296875 0.2652777777777778
2 0.7640625 0.24097222222222223 0.03515625 0.12777777777777777
2 0.203125 0.32569444444444445 0.06171875 0.2013888888888889
3 0.151171875 0.24930555555555556 0.05078125 0.1597222222222222
1 0.33203125 0.22430555555555556 0.071875 0.18333333333333332