1 0.569296875 0.34700000000000003 0.04328125 0.142625
3 0.83496875 0.36043055555555553 0.057703125 0.15094444444444446
3 0.07192968749999999 0.48412499999999997 0.0902109375 0.19233333333333333
2 0.335390625 0.4944305555555556 0.066359375 0.19209722222222222
2 0.34411718750000003 0.44930555555555557 0.05515625 0.17127777777777778
2 0.364234375 0.3739722222222222 0.042007812500000005 0.15719444444444444
2 0.343203125 0.34005555555555556 0.0403125 0.1565138888888889
2 0.37328125 0.30719444444444444 0.030156250000000002 0.12783333333333335
2 0.384671875 0.27155555555555555 0.028203125000000002 0.13061111111111112
2 0.47327343749999995 0.4720972222222223 0.073890625 0.20529166666666668
2 0.46227343750000005 0.6328194444444445 0.0740234375 0.21888888888888888
2 0.583421875 0.521625 0.070234375 0.2025
2 0.7493671875000001 0.4782222222222222 0.0726875 0.1967361111111111
2 0.7342578125 0.654 0.07373437499999999 0.24502777777777776