1 0.39140625 0.5708333333333333 0.0453125 0.1375
3 0.252734375 0.6055555555555555 0.05078125 0.1527777777777778
3 0.662890625 0.6041666666666666 0.03828125 0.14027777777777778
2 0.709765625 0.5666666666666667 0.0328125 0.11944444444444445
2 0.6265625 0.6152777777777778 0.04296875 0.15555555555555556
2 0.633984375 0.5972222222222222 0.03671875 0.14583333333333334
2 0.54921875 0.7055555555555556 0.0578125 0.18611111111111112
2 0.401171875 0.6444444444444445 0.046875 0.16527777777777777
2 0.1859375 0.7347222222222223 0.06953125 0.2
2 0.073828125 0.7618055555555555 0.08203125 0.21388888888888888
2 0.52890625 0.5986111111111111 0.03671875 0.1486111111111111
2 0.555078125 0.58125 0.03125 0.15
2 0.53046875 0.5513888888888889 0.03046875 0.11805555555555555