3 0.09048437499999999 0.5166481481481482 0.06872916666666667 0.19949074074074072
3 0.817265625 0.3737314814814815 0.043125 0.16136111111111112
1 0.6634322916666666 0.3290648148148148 0.046656249999999996 0.16924999999999998
2 0.3790729166666667 0.271787037037037 0.050859375000000005 0.15422222222222223
2 0.30284375 0.37755555555555553 0.06896354166666667 0.17593518518518517
2 0.1842291666666667 0.38275925925925924 0.06871875 0.17477777777777778
2 0.42145312500000004 0.331037037037037 0.05358854166666667 0.1542037037037037
2 0.46839062499999995 0.4556574074074074 0.05761979166666666 0.18632407407407406
2 0.49775520833333337 0.44814814814814813 0.044723958333333334 0.14582407407407408
2 0.5632447916666667 0.4481388888888889 0.053307291666666666 0.15508333333333335
2 0.62046875 0.5592314814814815 0.06489062500000001 0.17355555555555555
2 0.574765625 0.6187037037037038 0.09588541666666667 0.21380555555555555
2 0.7059427083333334 0.5164166666666666 0.05225 0.15737037037037038
2 0.7353020833333334 0.5113240740740741 0.049776041666666666 0.18422222222222223
2 0.7633593750000001 0.6726296296296297 0.06031770833333334 0.1966574074074074