1 0.701171875 0.325 0.06796875 0.1486111111111111
3 0.053515625 0.5388888888888889 0.06875 0.20555555555555555
2 0.1640625 0.48819444444444443 0.10078125 0.22083333333333333
2 0.43203125 0.4131944444444444 0.05859375 0.15416666666666667
2 0.43359375 0.3506944444444444 0.04765625 0.13194444444444445
2 0.33828125 0.35555555555555557 0.06328125 0.1625
2 0.2859375 0.7375 0.115625 0.24861111111111112
2 0.577734375 0.5256944444444445 0.08203125 0.2152777777777778
2 0.533984375 0.4236111111111111 0.05390625 0.18333333333333332
2 0.540625 0.4361111111111111 0.0578125 0.19166666666666668
2 0.575390625 0.425 0.04765625 0.15694444444444444
2 0.8625 0.47638888888888886 0.06796875 0.1986111111111111