2 0.58515625 0.7215277777777778 0.0828125 0.2375
2 0.401171875 0.7798611111111111 0.1140625 0.2763888888888889
2 0.218359375 0.7493055555555556 0.08359375 0.2569444444444444
2 0.051953125 0.6069444444444444 0.065625 0.21388888888888888
2 0.085546875 0.5798611111111112 0.065625 0.2111111111111111
2 0.16875 0.5972222222222222 0.07421875 0.20694444444444443
2 0.308984375 0.5756944444444444 0.05703125 0.16944444444444445
2 0.294921875 0.5354166666666667 0.046875 0.125
2 0.453125 0.6388888888888888 0.0640625 0.16944444444444445
2 0.50390625 0.6027777777777777 0.05390625 0.15694444444444444
3 0.801171875 0.7069444444444445 0.0625 0.175
1 0.1703125 0.5208333333333334 0.0578125 0.15