2 0.5375 0.44027777777777777 0.08984375 0.20833333333333334
2 0.41875 0.41041666666666665 0.06640625 0.19027777777777777
2 0.380859375 0.4222222222222222 0.078125 0.19305555555555556
2 0.33125 0.4270833333333333 0.0828125 0.19444444444444445
2 0.59453125 0.4041666666666667 0.0890625 0.2263888888888889
2 0.575 0.3861111111111111 0.04921875 0.2
2 0.665625 0.33819444444444446 0.04296875 0.16111111111111112
2 0.64453125 0.28055555555555556 0.06015625 0.1597222222222222
2 0.91484375 0.5409722222222222 0.1046875 0.20833333333333334
2 0.67421875 0.6486111111111111 0.10078125 0.2625
2 0.725390625 0.7881944444444444 0.08828125 0.2916666666666667
3 0.161328125 0.25555555555555554 0.06015625 0.16666666666666666
1 0.435546875 0.275 0.06171875 0.1625