2 0.555078125 0.5201388888888889 0.09921875 0.25277777777777777
2 0.537109375 0.4638888888888889 0.0734375 0.2222222222222222
2 0.38203125 0.5465277777777777 0.12421875 0.2902777777777778
2 0.323828125 0.3993055555555556 0.0640625 0.2013888888888889
3 0.334765625 0.34444444444444444 0.0640625 0.18194444444444444
2 0.2796875 0.3993055555555556 0.07421875 0.20555555555555555
2 0.185546875 0.5826388888888889 0.165625 0.3388888888888889
2 0.403125 0.8486111111111111 0.12578125 0.28055555555555556
2 0.822265625 0.7340277777777777 0.1046875 0.3013888888888889
2 0.8640625 0.5923611111111111 0.090625 0.21388888888888888
2 0.951953125 0.7243055555555555 0.08984375 0.2722222222222222