1 0.558203125 0.3333333333333333 0.053125 0.15138888888888888
3 0.823046875 0.28888888888888886 0.06796875 0.1625
3 0.07421875 0.5770833333333333 0.10234375 0.2111111111111111
2 0.336328125 0.5298611111111111 0.07890625 0.20555555555555555
2 0.341796875 0.48333333333333334 0.06640625 0.18194444444444444
2 0.356640625 0.4041666666666667 0.05234375 0.16527777777777777
2 0.33359375 0.375 0.05078125 0.1638888888888889
2 0.3609375 0.33611111111111114 0.0390625 0.13333333333333333
2 0.369921875 0.29791666666666666 0.03671875 0.1361111111111111
2 0.471484375 0.4777777777777778 0.0875 0.21944444444444444
2 0.471484375 0.6402777777777777 0.08828125 0.23333333333333334
2 0.584375 0.5034722222222222 0.08359375 0.21666666666666667
2 0.74609375 0.42430555555555555 0.0859375 0.2111111111111111
2 0.74296875 0.6020833333333333 0.08984375 0.25972222222222224