2 0.5005208333333333 0.49027777777777776 0.058854166666666666 0.15462962962962962
2 0.2984375 0.37083333333333335 0.0453125 0.13796296296296295
2 0.2296875 0.4361111111111111 0.05416666666666667 0.16203703703703703
2 0.14192708333333334 0.5902777777777778 0.06666666666666667 0.17314814814814813
2 0.22630208333333332 0.6921296296296297 0.065625 0.19537037037037036
3 0.18359375 0.3962962962962963 0.050520833333333334 0.1425925925925926
2 0.5817708333333333 0.24861111111111112 0.053125 0.11296296296296296
2 0.7200520833333334 0.3837962962962963 0.046875 0.1574074074074074
2 0.69296875 0.30185185185185187 0.04010416666666667 0.11388888888888889
2 0.7138020833333333 0.24305555555555555 0.0390625 0.1037037037037037
2 0.8520833333333333 0.45787037037037037 0.0546875 0.1537037037037037
2 0.74140625 0.3175925925925926 0.04010416666666667 0.11944444444444445
1 0.9416666666666667 0.29768518518518516 0.0640625 0.1685185185185185