1 0.3371484375 0.2972361111111111 0.060757812499999994 0.195875
3 0.504328125 0.22920833333333335 0.0513671875 0.133875
3 0.2870234375 0.555875 0.056859375000000004 0.20619444444444446
2 0.2655390625 0.459125 0.068578125 0.23493055555555556
2 0.278234375 0.4160833333333333 0.06401562499999999 0.176625
2 0.167109375 0.40381944444444445 0.054007812499999995 0.18448611111111113
2 0.127203125 0.38588888888888884 0.053617187499999996 0.16483333333333333
2 0.1681484375 0.5416388888888889 0.061296874999999994 0.22169444444444444
2 0.3829140625 0.4394583333333334 0.07546875 0.21873611111111113
2 0.47034374999999995 0.5985694444444445 0.0849609375 0.27075
2 0.49632031249999997 0.38506944444444446 0.0444609375 0.1701527777777778
2 0.6599140625000001 0.36088888888888887 0.0370234375 0.18890277777777775
2 0.6953984375 0.2985138888888889 0.044179687499999995 0.14519444444444446
2 0.660765625 0.24066666666666667 0.0374140625 0.14058333333333334