2 0.5671875 0.3659722222222222 0.0703125 0.18472222222222223
2 0.644921875 0.2708333333333333 0.06328125 0.2
2 0.6625 0.2423611111111111 0.06171875 0.16944444444444445
2 0.51640625 0.5194444444444445 0.1109375 0.2611111111111111
2 0.444921875 0.4618055555555556 0.07734375 0.22083333333333333
2 0.375 0.6041666666666666 0.0609375 0.24305555555555555
2 0.213671875 0.65 0.08046875 0.24722222222222223
2 0.1703125 0.6736111111111112 0.07109375 0.20972222222222223
2 0.273828125 0.4840277777777778 0.06015625 0.20833333333333334
2 0.64921875 0.5673611111111111 0.06875 0.2375
2 0.9453125 0.5486111111111112 0.071875 0.23472222222222222
3 0.51171875 0.25555555555555554 0.0421875 0.14722222222222223
3 0.4015625 0.6347222222222222 0.0703125 0.23472222222222222
1 0.471484375 0.2881944444444444 0.046875 0.14583333333333334