2 0.202734375 0.65625 0.10078125 0.2569444444444444
2 0.268359375 0.6256944444444444 0.06640625 0.22083333333333333
2 0.3078125 0.6576388888888889 0.1046875 0.2375
2 0.46328125 0.4486111111111111 0.07421875 0.1986111111111111
2 0.427734375 0.5006944444444444 0.096875 0.24027777777777778
2 0.541015625 0.42986111111111114 0.071875 0.19166666666666668
2 0.5625 0.3798611111111111 0.059375 0.20694444444444443
2 0.74453125 0.2916666666666667 0.0546875 0.15416666666666667
2 0.839453125 0.3284722222222222 0.05546875 0.18611111111111112
2 0.775 0.3277777777777778 0.05 0.16805555555555557
2 0.769921875 0.47291666666666665 0.096875 0.22083333333333333
1 0.3375 0.34652777777777777 0.05078125 0.15555555555555556
3 0.791796875 0.7097222222222223 0.115625 0.30694444444444446
3 0.4453125 0.26319444444444445 0.05234375 0.14444444444444443