3 0.5567708333333333 0.3055555555555556 0.065625 0.17685185185185184
3 0.20104166666666667 0.6060185185185185 0.10572916666666667 0.2574074074074074
1 0.64765625 0.3819444444444444 0.06666666666666667 0.18333333333333332
2 0.7661458333333333 0.6189814814814815 0.0796875 0.25462962962962965
2 0.4427083333333333 0.4615740740740741 0.0546875 0.19074074074074074
2 0.48125 0.3875 0.0625 0.18518518518518517
2 0.40260416666666665 0.4513888888888889 0.06822916666666666 0.20555555555555555
2 0.41822916666666665 0.38842592592592595 0.057291666666666664 0.16666666666666666
2 0.3614583333333333 0.4064814814814815 0.0640625 0.18055555555555555
2 0.3888020833333333 0.2972222222222222 0.06666666666666667 0.1685185185185185
2 0.39088541666666665 0.23657407407407408 0.04114583333333333 0.15833333333333333
2 0.2877604166666667 0.35138888888888886 0.08020833333333334 0.22314814814814815
2 0.14713541666666666 0.3875 0.09479166666666666 0.2722222222222222
2 0.17213541666666668 0.30324074074074076 0.0546875 0.17222222222222222