1 0.8875 0.43333333333333335 0.06640625 0.17777777777777778
3 0.807421875 0.35208333333333336 0.04453125 0.1638888888888889
3 0.25234375 0.7736111111111111 0.09375 0.28055555555555556
2 0.3109375 0.49444444444444446 0.10078125 0.24305555555555555
2 0.32421875 0.3659722222222222 0.0671875 0.18055555555555555
2 0.49921875 0.4013888888888889 0.0671875 0.18472222222222223
2 0.582421875 0.34375 0.06328125 0.1736111111111111
2 0.612890625 0.3402777777777778 0.05390625 0.1597222222222222
2 0.64765625 0.47152777777777777 0.05546875 0.22361111111111112
2 0.731640625 0.5006944444444444 0.0796875 0.2111111111111111
2 0.810546875 0.5979166666666667 0.08046875 0.22916666666666666
2 0.442578125 0.5340277777777778 0.08359375 0.19722222222222222