1 0.325 0.5652777777777778 0.04140625 0.1486111111111111
3 0.174609375 0.5638888888888889 0.0421875 0.1763888888888889
2 0.367578125 0.6208333333333333 0.0515625 0.175
2 0.34453125 0.6319444444444444 0.06328125 0.1986111111111111
2 0.4 0.6180555555555556 0.05234375 0.19305555555555556
2 0.334375 0.7972222222222223 0.090625 0.30277777777777776
2 0.20703125 0.6430555555555556 0.0546875 0.19305555555555556
2 0.043359375 0.6493055555555556 0.05859375 0.15
2 0.6125 0.6256944444444444 0.0546875 0.15833333333333333
2 0.57265625 0.5722222222222222 0.04921875 0.11527777777777778
2 0.5234375 0.5402777777777777 0.04453125 0.1111111111111111
2 0.785546875 0.7451388888888889 0.09296875 0.2111111111111111
2 0.8171875 0.6395833333333333 0.03828125 0.12361111111111112