2 0.5061484375 0.7996805555555555 0.08104687499999999 0.27020833333333333
2 0.048820312500000004 0.7053888888888888 0.053109375 0.1903888888888889
2 0.17303125 0.6677777777777778 0.046328125 0.17305555555555555
2 0.40895312500000003 0.6577083333333333 0.049421875 0.18763888888888888
2 0.4884453125 0.6225277777777778 0.0404296875 0.14506944444444445
2 0.514484375 0.6006666666666667 0.0376953125 0.14068055555555556
2 0.5498984375 0.5937222222222223 0.0345703125 0.13605555555555554
2 0.5470312500000001 0.5553055555555555 0.0430234375 0.1055138888888889
2 0.6015234375 0.6265833333333333 0.04653125 0.12770833333333334
2 0.643578125 0.6604861111111111 0.038625 0.16541666666666666
2 0.7690234375 0.5936111111111111 0.0364921875 0.12887500000000002
2 0.5890234375000001 0.5424583333333334 0.0215390625 0.09602777777777778
3 0.667859375 0.6595555555555556 0.038843749999999996 0.17281944444444444
3 0.1408046875 0.6116527777777777 0.04828125 0.15570833333333334
3 0.3398828125 0.5716111111111111 0.0427890625 0.13583333333333333