1 0.350390625 0.30416666666666664 0.0578125 0.1625
3 0.131640625 0.3993055555555556 0.084375 0.18333333333333332
3 0.603515625 0.5298611111111111 0.06953125 0.21666666666666667
2 0.55703125 0.3770833333333333 0.0578125 0.16805555555555557
2 0.590234375 0.38819444444444445 0.05078125 0.20833333333333334
2 0.580859375 0.2701388888888889 0.04296875 0.1638888888888889
2 0.61796875 0.275 0.04140625 0.16805555555555557
2 0.658984375 0.2604166666666667 0.03046875 0.1486111111111111
2 0.709765625 0.3576388888888889 0.03984375 0.15694444444444444
2 0.840625 0.30833333333333335 0.04140625 0.15138888888888888
2 0.526171875 0.5243055555555556 0.0828125 0.17083333333333334
2 0.30546875 0.4534722222222222 0.0625 0.18611111111111112
2 0.271484375 0.4847222222222222 0.06171875 0.2125
2 0.199609375 0.6666666666666666 0.0671875 0.24722222222222223