2 0.5671875 0.44166666666666665 0.0828125 0.2152777777777778
3 0.43125 0.41597222222222224 0.065625 0.16111111111111112
2 0.44453125 0.4166666666666667 0.05703125 0.17777777777777778
2 0.4546875 0.40555555555555556 0.0609375 0.17222222222222222
2 0.330859375 0.3902777777777778 0.07578125 0.17777777777777778
2 0.27578125 0.3861111111111111 0.0515625 0.15138888888888888
2 0.245703125 0.5465277777777777 0.06875 0.18472222222222223
2 0.2125 0.5243055555555556 0.08203125 0.17083333333333334
2 0.320703125 0.5430555555555555 0.08359375 0.20694444444444443
2 0.62734375 0.6576388888888889 0.09453125 0.24722222222222223
2 0.787890625 0.6756944444444445 0.07734375 0.2638888888888889
2 0.742578125 0.38680555555555557 0.0734375 0.1875
2 0.8796875 0.40347222222222223 0.11640625 0.25972222222222224
3 0.333203125 0.74375 0.103125 0.25277777777777777
1 0.544921875 0.3375 0.07109375 0.17777777777777778