2 0.63203125 0.7712962962962963 0.07864583333333333 0.2574074074074074
2 0.26276041666666666 0.47314814814814815 0.0578125 0.21296296296296297
2 0.32473958333333336 0.37175925925925923 0.0546875 0.16944444444444445
2 0.21171875 0.3023148148148148 0.0515625 0.15648148148148147
2 0.4317708333333333 0.33425925925925926 0.040625 0.1537037037037037
2 0.43333333333333335 0.26851851851851855 0.05416666666666667 0.12962962962962962
2 0.46770833333333334 0.22453703703703703 0.03958333333333333 0.13796296296296295
2 0.7986979166666667 0.5726851851851852 0.06927083333333334 0.21574074074074073
2 0.6205729166666667 0.5564814814814815 0.0734375 0.20925925925925926
2 0.5127604166666667 0.4486111111111111 0.05572916666666667 0.21574074074074073
2 0.46145833333333336 0.4074074074074074 0.04375 0.2037037037037037
3 0.6096354166666667 0.26157407407407407 0.050520833333333334 0.14722222222222223
3 0.17421875 0.5361111111111111 0.06510416666666667 0.22407407407407406
1 0.7072916666666667 0.35694444444444445 0.052083333333333336 0.18425925925925926