1 0.128375 0.3415648148148148 0.048151041666666665 0.1572037037037037
3 0.19952604166666665 0.2988611111111111 0.06936458333333334 0.16671296296296298
2 0.26326041666666666 0.2385740740740741 0.047093750000000004 0.1410462962962963
2 0.332265625 0.2530462962962963 0.04969270833333333 0.13987962962962963
2 0.332265625 0.4033611111111111 0.060109375 0.19282407407407406
2 0.45094270833333333 0.3443425925925926 0.06439062499999999 0.14424074074074075
2 0.11919270833333333 0.4975462962962963 0.06755208333333333 0.21917592592592594
2 0.18956770833333333 0.6272685185185186 0.07158333333333333 0.23555555555555557
2 0.48056249999999995 0.6990185185185186 0.083265625 0.23089814814814816
2 0.7268385416666666 0.6295833333333334 0.07191145833333333 0.19389814814814815
2 0.7605000000000001 0.3048796296296296 0.044171875 0.1602314814814815
2 0.938875 0.42927777777777776 0.05196354166666666 0.17985185185185187
2 0.97103125 0.3408703703703704 0.04596875 0.12341666666666666