2 0.47708333333333336 0.5138888888888888 0.06197916666666667 0.2222222222222222
2 0.3770833333333333 0.5800925925925926 0.08072916666666667 0.19907407407407407
2 0.2669270833333333 0.6657407407407407 0.084375 0.22037037037037038
2 0.5580729166666667 0.487962962962963 0.0671875 0.1814814814814815
2 0.5973958333333333 0.4412037037037037 0.07291666666666667 0.1935185185185185
2 0.5786458333333333 0.4027777777777778 0.04895833333333333 0.125
2 0.6078125 0.38564814814814813 0.04010416666666667 0.11851851851851852
2 0.7854166666666667 0.49722222222222223 0.059375 0.21574074074074073
3 0.83125 0.5018518518518519 0.050520833333333334 0.18611111111111112
2 0.9265625 0.5444444444444444 0.0828125 0.19722222222222222
2 0.9661458333333334 0.42268518518518516 0.0640625 0.18888888888888888
2 0.71484375 0.736574074074074 0.12083333333333333 0.37592592592592594
2 0.540625 0.8402777777777778 0.10416666666666667 0.3194444444444444
2 0.2669270833333333 0.6638888888888889 0.058854166666666666 0.17592592592592593
1 0.3328125 0.49722222222222223 0.05416666666666667 0.17962962962962964
3 0.14921875 0.5680555555555555 0.05364583333333333 0.2064814814814815