1 0.242296875 0.4504583333333333 0.050484375000000005 0.1597083333333333
3 0.32113281250000003 0.37952777777777774 0.0469609375 0.14979166666666666
3 0.5920156249999999 0.7009722222222222 0.092625 0.28806944444444443
2 0.2819453125 0.5831805555555556 0.070140625 0.196
2 0.1717265625 0.6369861111111111 0.0801796875 0.21795833333333334
2 0.3003046875 0.7369722222222223 0.0677890625 0.2327361111111111
2 0.37536718750000003 0.5444166666666667 0.0499453125 0.19948611111111111
2 0.41390625 0.5280972222222222 0.0332734375 0.17843055555555556
2 0.399125 0.35730555555555554 0.036789062500000004 0.1349861111111111
2 0.43590625000000005 0.3733888888888889 0.0434296875 0.13983333333333334
2 0.47496875000000005 0.4785833333333333 0.03821875 0.14419444444444443
2 0.5237890625 0.4290555555555556 0.055140625 0.15625
2 0.635765625 0.5290277777777778 0.07075000000000001 0.18954166666666666
2 0.657640625 0.41887499999999994 0.036375000000000005 0.12662500000000002