2 0.47604166666666664 0.5064814814814815 0.0703125 0.22777777777777777
2 0.37109375 0.5407407407407407 0.0875 0.2074074074074074
2 0.25442708333333336 0.5912037037037037 0.0921875 0.22870370370370371
2 0.5583333333333333 0.5060185185185185 0.0734375 0.18796296296296297
2 0.6015625 0.4722222222222222 0.0796875 0.20092592592592592
2 0.5869791666666667 0.4287037037037037 0.053125 0.13055555555555556
2 0.6174479166666667 0.42083333333333334 0.044270833333333336 0.12222222222222222
2 0.7815104166666667 0.5851851851851851 0.0671875 0.2212962962962963
3 0.8260416666666667 0.6037037037037037 0.057291666666666664 0.19074074074074074
2 0.9158854166666667 0.6754629629629629 0.08958333333333333 0.20555555555555555
2 0.965625 0.5671296296296297 0.06875 0.19537037037037036
2 0.6885416666666667 0.799537037037037 0.134375 0.387037037037037
2 0.50703125 0.8412037037037037 0.11614583333333334 0.3175925925925926
2 0.25442708333333336 0.5893518518518519 0.06510416666666667 0.1814814814814815
1 0.33541666666666664 0.44583333333333336 0.0609375 0.18425925925925926
3 0.14791666666666667 0.4587962962962963 0.06145833333333333 0.21203703703703702