2 0.37890625 0.29074074074074074 0.06666666666666667 0.1712962962962963
2 0.35703125 0.350462962962963 0.053125 0.15648148148148147
2 0.26510416666666664 0.34074074074074073 0.06666666666666667 0.16203703703703703
2 0.23046875 0.35694444444444445 0.049479166666666664 0.13333333333333333
2 0.11380208333333333 0.4393518518518518 0.0609375 0.15648148148148147
3 0.13567708333333334 0.4648148148148148 0.06979166666666667 0.19074074074074074
2 0.31276041666666665 0.4949074074074074 0.1046875 0.23981481481481481
2 0.23151041666666666 0.7384259259259259 0.14375 0.2935185185185185
2 0.52734375 0.6796296296296296 0.10260416666666666 0.2824074074074074
2 0.5109375 0.41388888888888886 0.08125 0.20833333333333334
2 0.67890625 0.5148148148148148 0.078125 0.225
2 0.840625 0.5337962962962963 0.09479166666666666 0.2490740740740741
2 0.8734375 0.5347222222222222 0.1015625 0.2675925925925926
3 0.7067708333333333 0.35509259259259257 0.09010416666666667 0.21944444444444444
1 0.4744791666666667 0.2777777777777778 0.07864583333333333 0.18055555555555555