2 0.255578125 0.2877592592592592 0.049958333333333334 0.10746296296296297
2 0.20896875 0.3164537037037037 0.04527604166666667 0.1278240740740741
2 0.23494270833333333 0.3670277777777778 0.041239583333333336 0.13405555555555557
2 0.5210572916666666 0.28174074074074074 0.041859375000000004 0.1232037037037037
2 0.5321927083333333 0.3725833333333333 0.034171875 0.13589814814814816
2 0.6410364583333333 0.29157407407407404 0.038328125000000005 0.1405648148148148
2 0.7142760416666667 0.319 0.03245833333333333 0.11902777777777779
2 0.7966927083333334 0.35094444444444445 0.041562499999999995 0.14400000000000002
2 0.94434375 0.5239351851851852 0.04206770833333333 0.1608425925925926
2 0.9889947916666666 0.5731203703703704 0.022005208333333335 0.18280555555555555
3 0.08176041666666665 0.3475833333333333 0.04867708333333333 0.13221296296296295
1 0.9383541666666667 0.32802777777777775 0.035296875 0.12319444444444445