1 0.77625 0.3427222222222222 0.052244791666666665 0.14562962962962964
3 0.7161666666666666 0.2672777777777778 0.040140625 0.14288888888888887
3 0.15714583333333335 0.6647592592592593 0.09788541666666667 0.21795370370370368
2 0.25935416666666666 0.492462962962963 0.09136458333333333 0.20899074074074075
2 0.25903125 0.34423148148148147 0.05555729166666667 0.13707407407407407
2 0.3990572916666667 0.317037037037037 0.07650520833333332 0.1451851851851852
2 0.5108385416666666 0.6578240740740741 0.05917708333333334 0.2040648148148148
2 0.2197083333333333 0.916787037037037 0.127953125 0.16643518518518519
2 0.6620677083333334 0.5063518518518518 0.03480729166666666 0.17195370370370372
2 0.7608229166666667 0.5092407407407408 0.04872916666666667 0.17542592592592593
2 0.6357031249999999 0.3824166666666667 0.030255208333333335 0.1254814814814815
2 0.5920208333333333 0.36980555555555555 0.03533854166666666 0.1488611111111111
2 0.5826458333333334 0.33555555555555555 0.037421875 0.10814814814814815
2 0.573921875 0.26403703703703707 0.03299479166666667 0.11603703703703704
2 0.6018489583333333 0.2148611111111111 0.030260416666666668 0.11443518518518518