2 0.325109375 0.6486805555555556 0.0494296875 0.19643055555555555
2 0.3678125 0.5424583333333334 0.05046874999999999 0.13305555555555554
2 0.465921875 0.6014722222222222 0.034445312500000005 0.15386111111111112
2 0.4646796875 0.5141111111111112 0.0306640625 0.09719444444444444
2 0.459796875 0.6489166666666667 0.045640625000000004 0.18856944444444446
2 0.48219531250000003 0.6185972222222222 0.033140625 0.15108333333333335
2 0.48805468750000003 0.5956805555555555 0.0318359375 0.14693055555555556
2 0.504265625 0.5942916666666667 0.0421171875 0.17191666666666666
2 0.5206015625 0.6114166666666667 0.0448515625 0.159875
2 0.631140625 0.7245972222222222 0.0487421875 0.20380555555555557
2 0.7321171875 0.6764583333333334 0.0446953125 0.19456944444444446
3 0.5792578125000001 0.538513888888889 0.030656250000000003 0.14833333333333332
3 0.1700390625 0.7461111111111112 0.0846015625 0.24406944444444442
1 0.65653125 0.5632777777777778 0.0354609375 0.14694444444444443