2 0.3770546875 0.3883055555555555 0.0819765625 0.24143055555555556
2 0.43336718750000003 0.6127916666666666 0.11517187499999999 0.40334722222222225
2 0.489421875 0.305 0.0541015625 0.17666666666666667
2 0.5006796875 0.28879166666666667 0.0388671875 0.18129166666666666
2 0.54390625 0.2980555555555556 0.057609375 0.20906944444444445
2 0.65340625 0.2656527777777778 0.039625 0.16279166666666667
2 0.6879140625 0.237875 0.048734375 0.18131944444444445
2 0.9093203125 0.2563888888888889 0.05795312500000001 0.18130555555555555
2 0.8696015625 0.4285833333333333 0.0853046875 0.2571527777777778
2 0.7560078125 0.21681944444444445 0.03128125 0.12531944444444446
2 0.1985546875 0.35325 0.055695312500000003 0.19677777777777777
3 0.144390625 0.28197222222222224 0.046328125 0.15606944444444446
1 0.32406250000000003 0.24019444444444443 0.067140625 0.17668055555555554