2 0.43721875 0.6860138888888889 0.10211718750000001 0.3759861111111111
2 0.353234375 0.8234166666666667 0.10602343750000001 0.35318055555555555
2 0.5658515625 0.4781805555555556 0.0736640625 0.24206944444444442
2 0.9614921875 0.44890277777777776 0.0658515625 0.23908333333333331
2 0.2553046875 0.4047638888888889 0.053015625 0.18254166666666669
2 0.2982734375 0.4032777777777778 0.05078125 0.16765277777777776
2 0.3370546875 0.3784722222222222 0.033484375 0.15376388888888887
2 0.3529609375 0.39484722222222224 0.048546875 0.19841666666666669
3 0.392578125 0.3263888888888889 0.045203125 0.13690277777777776
3 0.490515625 0.3953333333333333 0.052453125 0.1875
1 0.6043515625 0.34920833333333334 0.041296875 0.16666666666666666