2 0.522265625 0.4201388888888889 0.08359375 0.23055555555555557
2 0.605859375 0.3923611111111111 0.08671875 0.2222222222222222
2 0.6234375 0.3715277777777778 0.0546875 0.1527777777777778
2 0.64296875 0.34930555555555554 0.0421875 0.1625
2 0.65625 0.3416666666666667 0.0359375 0.13472222222222222
2 0.887109375 0.45 0.059375 0.18472222222222223
2 0.77421875 0.6194444444444445 0.08828125 0.2611111111111111
2 0.3375 0.5611111111111111 0.09453125 0.29583333333333334
2 0.34765625 0.3729166666666667 0.11171875 0.25555555555555554
2 0.147265625 0.32708333333333334 0.090625 0.2125
1 0.355859375 0.2701388888888889 0.065625 0.19444444444444445
3 0.484765625 0.27361111111111114 0.06796875 0.16111111111111112
3 0.71484375 0.7736111111111111 0.121875 0.3125