2 0.6421875 0.4548611111111111 0.07421875 0.20555555555555555
2 0.59609375 0.41597222222222224 0.0875 0.2
2 0.67734375 0.4215277777777778 0.071875 0.1638888888888889
2 0.68046875 0.3680555555555556 0.05859375 0.13055555555555556
2 0.631640625 0.2791666666666667 0.04375 0.12638888888888888
2 0.390234375 0.37083333333333335 0.0890625 0.225
2 0.52109375 0.42291666666666666 0.07578125 0.2125
2 0.321875 0.34097222222222223 0.08984375 0.21388888888888888
2 0.28125 0.4388888888888889 0.0734375 0.22777777777777777
2 0.21328125 0.5666666666666667 0.13046875 0.26805555555555555
2 0.74375 0.7055555555555556 0.0734375 0.24444444444444444
2 0.94453125 0.6020833333333333 0.08984375 0.2125
3 0.5375 0.8298611111111112 0.165625 0.3402777777777778
3 0.553515625 0.25763888888888886 0.046875 0.13333333333333333
1 0.414453125 0.2513888888888889 0.07890625 0.15555555555555556