2 0.68671875 0.5909722222222222 0.1140625 0.32083333333333336
2 0.732421875 0.4986111111111111 0.06484375 0.2263888888888889
2 0.637890625 0.33194444444444443 0.05 0.15694444444444444
2 0.7609375 0.3729166666666667 0.07265625 0.17083333333333334
2 0.12109375 0.6388888888888888 0.1125 0.32083333333333336
1 0.075 0.2902777777777778 0.07890625 0.19305555555555556
2 0.174609375 0.3902777777777778 0.06328125 0.2222222222222222
2 0.23515625 0.38333333333333336 0.06484375 0.21944444444444444
2 0.309375 0.39791666666666664 0.0625 0.2638888888888889
2 0.331640625 0.3736111111111111 0.05546875 0.20416666666666666
2 0.4109375 0.35347222222222224 0.0625 0.1763888888888889
2 0.424609375 0.32013888888888886 0.0484375 0.14722222222222223