1 0.28828125 0.3993055555555556 0.065625 0.16527777777777777
3 0.401953125 0.29375 0.06171875 0.1527777777777778
3 0.76875 0.6708333333333333 0.14375 0.3597222222222222
2 0.65390625 0.5520833333333334 0.11640625 0.30277777777777776
2 0.584765625 0.34444444444444444 0.071875 0.20277777777777778
2 0.552734375 0.3034722222222222 0.06640625 0.1638888888888889
2 0.56015625 0.21736111111111112 0.04921875 0.13472222222222222
2 0.854296875 0.24305555555555555 0.08671875 0.1763888888888889
2 0.46171875 0.41597222222222224 0.09140625 0.21666666666666667
2 0.360546875 0.5111111111111111 0.0953125 0.24444444444444444
2 0.3171875 0.5527777777777778 0.1109375 0.25555555555555554
2 0.2453125 0.5743055555555555 0.1265625 0.28888888888888886
2 0.157421875 0.5979166666666667 0.1078125 0.21388888888888888
2 0.096875 0.7465277777777778 0.1359375 0.2833333333333333
2 0.21796875 0.7125 0.12109375 0.30277777777777776