2 0.3484375 0.6296296296296297 0.075 0.23055555555555557
2 0.20625 0.5050925925925925 0.06302083333333333 0.18425925925925926
2 0.32395833333333335 0.4615740740740741 0.058854166666666666 0.16944444444444445
2 0.39166666666666666 0.5120370370370371 0.06354166666666666 0.2037037037037037
2 0.47239583333333335 0.512962962962963 0.06041666666666667 0.1962962962962963
2 0.5625 0.5097222222222222 0.06614583333333333 0.1814814814814815
2 0.5880208333333333 0.6333333333333333 0.10208333333333333 0.28703703703703703
2 0.7450520833333333 0.575925925925926 0.09270833333333334 0.22962962962962963
2 0.7330729166666666 0.5050925925925925 0.07291666666666667 0.22685185185185186
3 0.5177083333333333 0.4064814814814815 0.0484375 0.15185185185185185
3 0.5229166666666667 0.6805555555555556 0.10104166666666667 0.2935185185185185
1 0.54921875 0.4287037037037037 0.057291666666666664 0.13518518518518519