1 0.4100625 0.2874027777777778 0.050335937500000004 0.16
3 0.5318671875 0.21913888888888888 0.040031250000000004 0.12994444444444445
3 0.593578125 0.4776527777777778 0.048875 0.1904861111111111
2 0.5529609375 0.3759305555555556 0.056171875 0.17733333333333334
2 0.5747656250000001 0.3464305555555556 0.049015625 0.13452777777777777
2 0.6215078125 0.277 0.025312499999999998 0.11604166666666667
2 0.6570546875 0.32733333333333337 0.052125 0.16345833333333332
2 0.6368750000000001 0.2656527777777778 0.0247890625 0.1257638888888889
2 0.6922734375 0.3545277777777778 0.053554687499999996 0.18312499999999998
2 0.7506015625 0.3790555555555556 0.0764609375 0.1766388888888889
2 0.831265625 0.33508333333333334 0.046375 0.16276388888888887
2 0.2835078125 0.43854166666666666 0.0763828125 0.18540277777777778
2 0.4788046875 0.4236111111111111 0.062828125 0.16156944444444443
2 0.19659374999999998 0.5790138888888888 0.0960546875 0.27098611111111115
2 0.07375000000000001 0.4764861111111111 0.06782031250000001 0.19094444444444442