2 0.39791666666666664 0.26435185185185184 0.07395833333333333 0.18333333333333332
2 0.5020833333333333 0.17731481481481481 0.057291666666666664 0.15
2 0.25 0.23055555555555557 0.05625 0.18611111111111112
2 0.3104166666666667 0.3574074074074074 0.0859375 0.2
2 0.23932291666666666 0.3763888888888889 0.06666666666666667 0.1675925925925926
2 0.3924479166666667 0.6986111111111111 0.1265625 0.32685185185185184
2 0.49453125 0.4773148148148148 0.08385416666666666 0.21574074074074073
2 0.4822916666666667 0.42592592592592593 0.08177083333333333 0.20925925925925926
2 0.5466145833333333 0.4912037037037037 0.09322916666666667 0.24814814814814815
2 0.8302083333333333 0.6791666666666667 0.08385416666666666 0.25555555555555554
3 0.04791666666666667 0.38657407407407407 0.08229166666666667 0.21944444444444444
3 0.9252604166666667 0.49907407407407406 0.0546875 0.20092592592592592
1 0.728125 0.3925925925925926 0.08020833333333334 0.21388888888888888