1 0.12682291666666667 0.4444444444444444 0.059375 0.1425925925925926
3 0.8138020833333334 0.3375 0.04583333333333333 0.1574074074074074
2 0.6833333333333333 0.2712962962962963 0.0453125 0.12222222222222222
2 0.7854166666666667 0.42916666666666664 0.08697916666666666 0.1675925925925926
2 0.7768229166666667 0.6587962962962963 0.09947916666666666 0.27685185185185185
2 0.6877604166666667 0.850462962962963 0.09166666666666666 0.2361111111111111
2 0.37473958333333335 0.6421296296296296 0.07395833333333333 0.18425925925925926
2 0.16536458333333334 0.6921296296296297 0.06822916666666666 0.1685185185185185
2 0.29791666666666666 0.43796296296296294 0.05677083333333333 0.1527777777777778
2 0.32005208333333335 0.39861111111111114 0.058854166666666666 0.15092592592592594
2 0.33984375 0.3333333333333333 0.051041666666666666 0.12685185185185185
2 0.39401041666666664 0.3439814814814815 0.044270833333333336 0.11203703703703703