1 0.7953125 0.2826388888888889 0.09296875 0.19583333333333333
3 0.076171875 0.5777777777777777 0.09453125 0.20694444444444443
2 0.208984375 0.5076388888888889 0.08046875 0.18194444444444444
2 0.391015625 0.3770833333333333 0.078125 0.1736111111111111
2 0.4890625 0.39166666666666666 0.08515625 0.1875
2 0.447265625 0.5013888888888889 0.0734375 0.19027777777777777
2 0.43203125 0.42777777777777776 0.06171875 0.17222222222222222
2 0.634765625 0.41875 0.075 0.2
2 0.7375 0.4513888888888889 0.0984375 0.24444444444444444
2 0.939453125 0.4305555555555556 0.08203125 0.24861111111111112
2 0.6140625 0.5 0.078125 0.22916666666666666
2 0.648046875 0.7756944444444445 0.11640625 0.3138888888888889
2 0.4515625 0.8840277777777777 0.121875 0.23194444444444445
2 0.190625 0.6645833333333333 0.11171875 0.2611111111111111