2 0.8002604166666667 0.5782407407407407 0.1 0.2388888888888889
2 0.6260416666666667 0.44537037037037036 0.0640625 0.18703703703703703
2 0.5505208333333333 0.4671296296296296 0.06822916666666666 0.18888888888888888
2 0.48671875 0.5171296296296296 0.07708333333333334 0.21388888888888888
2 0.49921875 0.49583333333333335 0.0578125 0.20185185185185187
2 0.5875 0.8675925925925926 0.09791666666666667 0.26481481481481484
2 0.25 0.4601851851851852 0.09166666666666666 0.22314814814814815
2 0.5966145833333333 0.32731481481481484 0.05572916666666667 0.17222222222222222
2 0.14427083333333332 0.4888888888888889 0.10833333333333334 0.23796296296296296
2 0.5864583333333333 0.33796296296296297 0.0453125 0.1111111111111111
2 0.6380208333333334 0.27824074074074073 0.04895833333333333 0.13703703703703704
1 0.46145833333333336 0.3074074074074074 0.06354166666666666 0.17222222222222222
2 0.63515625 0.30462962962962964 0.0515625 0.1425925925925926
3 0.9158854166666667 0.8 0.1140625 0.27314814814814814
3 0.509375 0.27685185185185185 0.0625 0.15092592592592594