3 0.5709296875 0.5328611111111111 0.0516328125 0.11708333333333333
3 0.137875 0.80975 0.11664062500000001 0.28338888888888886
1 0.655296875 0.5608611111111111 0.0421015625 0.11662499999999999
2 0.462078125 0.5939444444444444 0.0306640625 0.1318888888888889
2 0.4547890625 0.5767083333333334 0.026500000000000003 0.13674999999999998
2 0.4717109375 0.5083194444444444 0.039515625 0.11802777777777779
2 0.4110390625 0.5970833333333333 0.027546875 0.1367361111111111
2 0.4262734375 0.6194027777777779 0.029367187500000003 0.1457638888888889
2 0.3883828125 0.5453472222222222 0.0343203125 0.12727777777777777
2 0.3277109375 0.6066805555555556 0.058804687499999994 0.15270833333333333
2 0.2404765625 0.6442777777777777 0.066625 0.19781944444444446
2 0.5784765625 0.6410416666666667 0.060335937500000006 0.16356944444444443
2 0.797734375 0.665 0.0561484375 0.17675000000000002
2 0.60334375 0.8433055555555555 0.0866328125 0.2718055555555555