2 0.19739583333333333 0.5972222222222222 0.09114583333333333 0.21666666666666667
3 0.12838541666666667 0.48194444444444445 0.06614583333333333 0.17407407407407408
2 0.890625 0.21296296296296297 0.07447916666666667 0.16574074074074074
2 0.759375 0.38935185185185184 0.06770833333333333 0.18981481481481483
2 0.6208333333333333 0.29398148148148145 0.059895833333333336 0.15648148148148147
2 0.5130208333333334 0.26342592592592595 0.06614583333333333 0.1537037037037037
2 0.47161458333333334 0.2 0.04375 0.12222222222222222
2 0.60625 0.8296296296296296 0.134375 0.2935185185185185
2 0.47369791666666666 0.6435185185185185 0.09583333333333334 0.24259259259259258
2 0.43984375 0.44722222222222224 0.0875 0.18425925925925926
2 0.48776041666666664 0.4337962962962963 0.0671875 0.1675925925925926
2 0.49322916666666666 0.3925925925925926 0.05520833333333333 0.1648148148148148
1 0.2708333333333333 0.3907407407407407 0.08020833333333334 0.18055555555555555