1 0.8341145833333333 0.4101851851851852 0.06666666666666667 0.16574074074074074
3 0.08984375 0.33055555555555555 0.08333333333333333 0.1685185185185185
3 0.94453125 0.5023148148148148 0.04635416666666667 0.15
2 0.4466145833333333 0.3074074074074074 0.05625 0.14814814814814814
2 0.3098958333333333 0.2675925925925926 0.06197916666666667 0.16574074074074074
2 0.21328125 0.2777777777777778 0.07552083333333333 0.14629629629629629
2 0.28203125 0.41064814814814815 0.06979166666666667 0.17037037037037037
2 0.24973958333333332 0.7583333333333333 0.07552083333333333 0.24444444444444444
2 0.47760416666666666 0.4625 0.0609375 0.15833333333333333
2 0.5953125 0.31666666666666665 0.053125 0.14722222222222223
2 0.63515625 0.46111111111111114 0.05572916666666667 0.16203703703703703
2 0.6494791666666667 0.4046296296296296 0.05677083333333333 0.14537037037037037
2 0.68359375 0.4689814814814815 0.0484375 0.14722222222222223
2 0.8591145833333333 0.6027777777777777 0.0515625 0.19907407407407407
2 0.9171875 0.7245370370370371 0.06458333333333334 0.2064814814814815