2 0.54390625 0.4398055555555556 0.057609375 0.2217361111111111
2 0.4760703125 0.42741666666666667 0.0599609375 0.22244444444444444
2 0.3198359375 0.5309861111111112 0.0756015625 0.25595833333333334
2 0.32406250000000003 0.4267361111111111 0.07234375 0.17938888888888888
2 0.189765625 0.4572777777777778 0.062859375 0.20344444444444443
2 0.1893046875 0.5633888888888888 0.0866875 0.22816666666666666
2 0.09667187499999999 0.5040277777777777 0.07718749999999999 0.2043611111111111
2 0.6379140624999999 0.6313194444444444 0.078953125 0.26448611111111114
2 0.7188984375 0.37222222222222223 0.0482109375 0.20695833333333333
2 0.6554921874999999 0.3003611111111111 0.059421875 0.18591666666666667
2 0.680296875 0.2341805555555556 0.0452265625 0.14613888888888887
2 0.97890625 0.36424999999999996 0.0421875 0.13775
3 0.52515625 0.24205555555555555 0.0409453125 0.1433611111111111
3 0.5763906249999999 0.7558194444444445 0.0665859375 0.30054166666666665
1 0.3751015625 0.2890277777777778 0.0546328125 0.15861111111111112