1 0.7674479166666667 0.300462962962963 0.059375 0.1527777777777778
3 0.70390625 0.23472222222222222 0.046875 0.14814814814814814
3 0.16640625 0.7171296296296297 0.10833333333333334 0.2324074074074074
2 0.2598958333333333 0.5296296296296297 0.10104166666666667 0.2222222222222222
2 0.25234375 0.3819444444444444 0.06197916666666667 0.14537037037037037
2 0.39036458333333335 0.3333333333333333 0.08333333333333333 0.15648148148148147
2 0.5184895833333333 0.6555555555555556 0.06875 0.21203703703703702
2 0.24114583333333334 0.9328703703703703 0.13541666666666666 0.13425925925925927
2 0.66171875 0.4810185185185185 0.043229166666666666 0.17685185185185184
2 0.76015625 0.4689814814814815 0.057291666666666664 0.1824074074074074
2 0.6294270833333333 0.36203703703703705 0.036458333333333336 0.12962962962962962
2 0.5854166666666667 0.3560185185185185 0.042708333333333334 0.1537037037037037
2 0.57421875 0.32314814814814813 0.042708333333333334 0.11388888888888889
2 0.5619791666666667 0.2537037037037037 0.03854166666666667 0.12037037037037036
2 0.5875 0.2 0.0359375 0.11851851851851852