2 0.65390625 0.6319444444444444 0.04375 0.1597222222222222
2 0.83671875 0.6868055555555556 0.05625 0.19305555555555556
2 0.608984375 0.8659722222222223 0.0875 0.24166666666666667
2 0.559375 0.6590277777777778 0.0484375 0.19722222222222222
2 0.6 0.6215277777777778 0.04765625 0.17083333333333334
2 0.54765625 0.5152777777777777 0.0296875 0.10555555555555556
2 0.4640625 0.6118055555555556 0.03359375 0.13333333333333333
2 0.449609375 0.5763888888888888 0.0390625 0.11944444444444445
2 0.461328125 0.54375 0.03984375 0.11666666666666667
2 0.378125 0.6340277777777777 0.06328125 0.175
2 0.301171875 0.5541666666666667 0.0359375 0.12777777777777777
3 0.1625 0.7777777777777778 0.07734375 0.2625
3 0.642578125 0.5319444444444444 0.04375 0.12222222222222222
1 0.719140625 0.5729166666666666 0.04453125 0.1388888888888889