1 0.3177083333333333 0.3625 0.04583333333333333 0.15462962962962962
3 0.19635416666666666 0.45555555555555555 0.0546875 0.14814814814814814
2 0.21119791666666668 0.5722222222222222 0.059895833333333336 0.1398148148148148
2 0.37135416666666665 0.5648148148148148 0.0484375 0.19074074074074074
2 0.44947916666666665 0.5263888888888889 0.059375 0.17037037037037037
2 0.46119791666666665 0.37222222222222223 0.0515625 0.10185185185185185
2 0.63046875 0.2828703703703704 0.049479166666666664 0.12037037037037036
2 0.7041666666666667 0.32222222222222224 0.051041666666666666 0.13240740740740742
2 0.61484375 0.3851851851851852 0.06458333333333334 0.13055555555555556
2 0.5838541666666667 0.5092592592592593 0.0609375 0.1574074074074074
2 0.50234375 0.46805555555555556 0.059375 0.175
2 0.65625 0.4634259259259259 0.058333333333333334 0.16018518518518518
2 0.7231770833333333 0.4634259259259259 0.07760416666666667 0.1638888888888889
2 0.6971354166666667 0.8611111111111112 0.08229166666666667 0.20185185185185187
3 0.846875 0.4685185185185185 0.09947916666666666 0.16574074074074074