1 0.133453125 0.3640185185185185 0.05049479166666667 0.13266666666666665
3 0.8226041666666667 0.40671296296296294 0.03557291666666666 0.15093518518518517
2 0.6976093750000001 0.31252777777777774 0.03766666666666666 0.11532407407407406
2 0.7881666666666667 0.49153703703703705 0.07736979166666667 0.15159259259259258
2 0.7638802083333334 0.7174074074074074 0.08219270833333334 0.26075000000000004
2 0.6623229166666668 0.8883333333333333 0.07699479166666667 0.22064814814814815
2 0.36598958333333337 0.6138518518518519 0.06244791666666667 0.17168518518518516
2 0.15473958333333335 0.6182500000000001 0.057916666666666665 0.15733333333333333
2 0.30375520833333336 0.3947962962962963 0.04734895833333333 0.14329629629629628
2 0.3282291666666667 0.3604259259259259 0.04943229166666666 0.14169444444444446
2 0.352578125 0.3000277777777777 0.043437500000000004 0.11811111111111111
2 0.40557291666666667 0.3223611111111111 0.03744270833333333 0.10490740740740741