1 0.7430546875 0.5799444444444445 0.0384453125 0.13397222222222221
3 0.6388906249999999 0.5445416666666667 0.036375000000000005 0.12333333333333332
3 0.225828125 0.7919305555555556 0.07509375 0.22461111111111112
2 0.512203125 0.5255694444444445 0.0345703125 0.09465277777777778
2 0.46709375 0.5484722222222221 0.030015625 0.12102777777777778
2 0.49157031250000005 0.5973333333333333 0.036265625 0.13219444444444445
2 0.5206015625 0.596375 0.0280625 0.12516666666666668
2 0.5855078125000001 0.6468611111111111 0.07960937500000001 0.1442361111111111
2 0.55640625 0.5973333333333333 0.0409453125 0.15070833333333333
2 0.62840625 0.6967361111111111 0.114625 0.09773611111111112
2 0.708421875 0.7336527777777778 0.0912265625 0.18825
2 0.6878437500000001 0.6459027777777778 0.04990625 0.15015277777777777
2 0.83809375 0.7016805555555555 0.059789062500000004 0.1607638888888889
2 0.32484375 0.5601666666666667 0.068703125 0.11986111111111111