1 0.7064010416666666 0.37292592592592594 0.06488020833333333 0.17594444444444446
3 0.60803125 0.25165740740740744 0.043932291666666665 0.12785185185185186
3 0.15948958333333335 0.8155370370370371 0.12340625 0.2625648148148148
2 0.21931770833333333 0.5525092592592593 0.07248958333333334 0.23882407407407408
2 0.17947395833333332 0.36274074074074075 0.07093229166666666 0.16483333333333333
2 0.12902083333333333 0.3743148148148148 0.09893229166666666 0.1879722222222222
2 0.45582812500000003 0.44350925925925927 0.05983333333333333 0.20137037037037037
2 0.38825000000000004 0.6862777777777778 0.125203125 0.30264814814814817
2 0.6602395833333333 0.6888333333333334 0.11032812500000001 0.22349074074074074
2 0.620984375 0.5087777777777778 0.09718229166666667 0.18375925925925926
2 0.617796875 0.40382407407407406 0.0816875 0.16598148148148148
2 0.6881041666666667 0.4906018518518519 0.07646875 0.2145462962962963
2 0.7214375000000001 0.4440925925925926 0.07021875 0.1817037037037037
2 0.803265625 0.5514722222222223 0.08153645833333334 0.25757407407407407