1 0.6586171875 0.32455555555555554 0.0812890625 0.21345833333333333
3 0.9231171874999999 0.3472361111111111 0.0803515625 0.18475000000000003
3 0.05044531249999999 0.5441805555555556 0.091515625 0.22216666666666668
2 0.16496093750000002 0.3861111111111111 0.05621875 0.19769444444444445
2 0.33773437500000003 0.3084722222222222 0.0502109375 0.14194444444444446
2 0.390203125 0.37119444444444444 0.0483828125 0.16090277777777778
2 0.387796875 0.3194722222222222 0.03965625 0.11995833333333333
2 0.47776562499999997 0.40648611111111116 0.05553125 0.2013888888888889
2 0.5289375 0.4527638888888889 0.061515625 0.1921111111111111
2 0.50478125 0.39375 0.0327421875 0.16204166666666667
2 0.407328125 0.5739305555555556 0.099546875 0.21451388888888887
2 0.6250859375 0.5743888888888888 0.0546015625 0.141375
2 0.8010546875 0.4710555555555556 0.06929687500000001 0.1870138888888889
2 0.965234375 0.5117916666666666 0.06953125 0.19440277777777779
2 0.7032734375 0.6961111111111111 0.121125 0.31075