1 0.675609375 0.5606249999999999 0.0410546875 0.13930555555555554
3 0.5987890625000001 0.5367916666666667 0.0384609375 0.12404166666666668
3 0.08885937499999999 0.7546666666666667 0.06782031250000001 0.25472222222222224
2 0.20675781249999997 0.5818055555555556 0.03825 0.13768055555555556
2 0.08449218750000001 0.6264583333333333 0.041125 0.18533333333333332
2 0.4497109375 0.8629583333333334 0.08665625 0.2740694444444445
2 0.78634375 0.677375 0.0476875 0.20381944444444444
2 0.5353828125 0.6919583333333333 0.05591406249999999 0.2283611111111111
2 0.47887500000000005 0.6067916666666666 0.0408203125 0.15988888888888889
2 0.5210625 0.6024027777777778 0.04146875 0.14645833333333333
2 0.38982031250000004 0.5706944444444444 0.048125 0.13397222222222221
2 0.4000390625 0.5449999999999999 0.0348203125 0.12426388888888888