1 0.7075520833333333 0.37916666666666665 0.06666666666666667 0.17777777777777778
3 0.6104166666666667 0.2550925925925926 0.0453125 0.12962962962962962
3 0.15651041666666668 0.8050925925925926 0.12604166666666666 0.26666666666666666
2 0.21875 0.5439814814814815 0.075 0.24074074074074073
2 0.18098958333333334 0.3527777777777778 0.07239583333333334 0.16666666666666666
2 0.13020833333333334 0.362962962962963 0.10052083333333334 0.19074074074074074
2 0.45651041666666664 0.44212962962962965 0.06197916666666667 0.20277777777777778
2 0.38645833333333335 0.6828703703703703 0.128125 0.30648148148148147
2 0.6583333333333333 0.6939814814814815 0.1125 0.22685185185185186
2 0.6208333333333333 0.5125 0.09895833333333333 0.18703703703703703
2 0.61875 0.4074074074074074 0.08333333333333333 0.1685185185185185
2 0.68828125 0.4962962962962963 0.07864583333333333 0.21666666666666667
2 0.721875 0.45092592592592595 0.071875 0.18425925925925926
2 0.8026041666666667 0.5606481481481481 0.08385416666666666 0.2601851851851852