2 0.605078125 0.2423611111111111 0.04765625 0.13472222222222222
2 0.6328125 0.3215277777777778 0.06328125 0.19166666666666668
2 0.684375 0.4131944444444444 0.10078125 0.24861111111111112
2 0.9515625 0.4777777777777778 0.08359375 0.2388888888888889
2 0.6375 0.6354166666666666 0.13125 0.2861111111111111
2 0.562890625 0.4284722222222222 0.09140625 0.25416666666666665
2 0.40546875 0.42291666666666666 0.0921875 0.22361111111111112
2 0.419140625 0.3819444444444444 0.08359375 0.2152777777777778
2 0.21796875 0.40555555555555556 0.1 0.23472222222222222
2 0.2734375 0.5798611111111112 0.11328125 0.3736111111111111
2 0.0234375 0.3326388888888889 0.04453125 0.20694444444444443
3 0.5046875 0.25833333333333336 0.075 0.175
3 0.60546875 0.7881944444444444 0.11484375 0.34444444444444444
1 0.375390625 0.28541666666666665 0.08984375 0.21805555555555556