2 0.49140625 0.30787037037037035 0.08697916666666666 0.22037037037037038
2 0.4278645833333333 0.3662037037037037 0.09010416666666667 0.24259259259259258
2 0.35078125 0.29212962962962963 0.07291666666666667 0.19907407407407407
2 0.2890625 0.33194444444444443 0.06979166666666667 0.19814814814814816
2 0.2015625 0.28888888888888886 0.06510416666666667 0.20277777777777778
2 0.15885416666666666 0.41574074074074074 0.10833333333333334 0.2101851851851852
2 0.42630208333333336 0.1625 0.057291666666666664 0.18333333333333332
2 0.47942708333333334 0.17592592592592593 0.04791666666666667 0.1648148148148148
2 0.6760416666666667 0.3587962962962963 0.06510416666666667 0.2611111111111111
2 0.8440104166666667 0.5143518518518518 0.06666666666666667 0.2490740740740741
2 0.6221354166666667 0.6819444444444445 0.10052083333333334 0.2851851851851852
2 0.6166666666666667 0.8393518518518519 0.10572916666666667 0.30092592592592593
3 0.15859375 0.5361111111111111 0.06822916666666666 0.2462962962962963
1 0.73125 0.2550925925925926 0.0609375 0.18796296296296297
3 0.6705729166666666 0.16435185185185186 0.05260416666666667 0.175