2 0.49921875 0.38796296296296295 0.0421875 0.11666666666666667
2 0.5291666666666667 0.4462962962962963 0.04479166666666667 0.13333333333333333
2 0.6075520833333333 0.4925925925925926 0.06875 0.17407407407407408
2 0.4796875 0.5064814814814815 0.04895833333333333 0.1675925925925926
2 0.4973958333333333 0.5106481481481482 0.05625 0.1712962962962963
2 0.5080729166666667 0.5824074074074074 0.0734375 0.1814814814814815
2 0.43515625 0.524537037037037 0.07447916666666667 0.18425925925925926
2 0.35130208333333335 0.5300925925925926 0.08489583333333334 0.18333333333333332
2 0.2950520833333333 0.6504629629629629 0.1 0.2796296296296296
2 0.1734375 0.5268518518518519 0.0703125 0.23425925925925925
2 0.7580729166666667 0.5314814814814814 0.07135416666666666 0.16944444444444445
3 0.8955729166666667 0.7361111111111112 0.1 0.2638888888888889
3 0.0546875 0.43472222222222223 0.0734375 0.19907407407407407
1 0.29270833333333335 0.4310185185185185 0.084375 0.18425925925925926