2 0.24765625 0.6048611111111111 0.0671875 0.21944444444444444
2 0.201171875 0.46805555555555556 0.05 0.15138888888888888
2 0.51484375 0.7993055555555556 0.0828125 0.3194444444444444
2 0.616796875 0.7145833333333333 0.05546875 0.17916666666666667
2 0.858203125 0.8097222222222222 0.06640625 0.19583333333333333
2 0.589453125 0.6520833333333333 0.05859375 0.17916666666666667
2 0.557421875 0.6395833333333333 0.05078125 0.16666666666666666
2 0.521875 0.6263888888888889 0.05703125 0.1763888888888889
2 0.45859375 0.5430555555555555 0.0359375 0.12222222222222222
2 0.47578125 0.5722222222222222 0.04375 0.12638888888888888
3 0.084375 0.6527777777777778 0.09453125 0.275
3 0.629296875 0.5868055555555556 0.03984375 0.12361111111111112
1 0.73125 0.6590277777777778 0.05703125 0.15