1 0.66796875 0.4527777777777778 0.07708333333333334 0.18333333333333332
3 0.8484375 0.5949074074074074 0.07239583333333334 0.18796296296296297
2 0.7075520833333333 0.6981481481481482 0.1 0.23055555555555557
2 0.2765625 0.41805555555555557 0.0984375 0.1962962962962963
2 0.2747395833333333 0.2722222222222222 0.065625 0.14722222222222223
3 0.11927083333333334 0.3037037037037037 0.0796875 0.19074074074074074
2 0.5111979166666667 0.26944444444444443 0.06354166666666666 0.1537037037037037
2 0.4192708333333333 0.30416666666666664 0.06770833333333333 0.15648148148148147
2 0.4270833333333333 0.43657407407407406 0.09010416666666667 0.18796296296296297
2 0.428125 0.3819444444444444 0.06510416666666667 0.14629629629629629
2 0.4934895833333333 0.4671296296296296 0.0625 0.1675925925925926
2 0.95859375 0.7893518518518519 0.059895833333333336 0.22407407407407406
2 0.53125 0.5305555555555556 0.0890625 0.1935185185185185
2 0.525 0.4828703703703704 0.07135416666666666 0.17962962962962964
2 0.5453125 0.5504629629629629 0.06041666666666667 0.19444444444444445