2 0.2872395833333333 0.6837962962962963 0.08229166666666667 0.20277777777777778
2 0.20572916666666666 0.449537037037037 0.06302083333333333 0.14629629629629629
2 0.34609375 0.4236111111111111 0.06614583333333333 0.1527777777777778
2 0.44973958333333336 0.34120370370370373 0.0390625 0.10648148148148148
2 0.425 0.29768518518518516 0.0359375 0.10833333333333334
2 0.43854166666666666 0.5449074074074074 0.06197916666666667 0.17037037037037037
3 0.10703125 0.5074074074074074 0.06041666666666667 0.14814814814814814
1 0.6536458333333334 0.3402777777777778 0.0515625 0.14351851851851852
3 0.8401041666666667 0.41712962962962963 0.065625 0.1527777777777778
2 0.9526041666666667 0.4703703703703704 0.06875 0.17222222222222222
2 0.7791666666666667 0.5087962962962963 0.050520833333333334 0.1648148148148148
2 0.72578125 0.5050925925925925 0.0453125 0.16018518518518518
2 0.6854166666666667 0.4935185185185185 0.07395833333333333 0.17222222222222222
2 0.5895833333333333 0.49675925925925923 0.059895833333333336 0.1398148148148148
2 0.6018229166666667 0.4708333333333333 0.06197916666666667 0.14074074074074075