3 0.72734375 0.8701388888888889 0.11875 0.25972222222222224
3 0.53125 0.26458333333333334 0.06328125 0.14444444444444443
1 0.401171875 0.24166666666666667 0.07109375 0.16111111111111112
2 0.266015625 0.3298611111111111 0.0828125 0.2013888888888889
2 0.39921875 0.4013888888888889 0.08515625 0.21805555555555556
2 0.071484375 0.30625 0.1 0.23194444444444445
2 0.51015625 0.6166666666666667 0.08125 0.24305555555555555
2 0.666796875 0.5201388888888889 0.08359375 0.21805555555555556
2 0.50703125 0.40694444444444444 0.0609375 0.19305555555555556
2 0.566015625 0.40208333333333335 0.075 0.19166666666666668
2 0.617578125 0.3763888888888889 0.059375 0.16666666666666666
2 0.630078125 0.33958333333333335 0.053125 0.14583333333333334
2 0.93828125 0.5819444444444445 0.078125 0.20694444444444443
2 0.80703125 0.7673611111111112 0.096875 0.2972222222222222