2 0.558203125 0.5069444444444444 0.08515625 0.2263888888888889
2 0.765234375 0.5527777777777778 0.109375 0.2152777777777778
2 0.97265625 0.5770833333333333 0.0546875 0.20416666666666666
2 0.466796875 0.46805555555555556 0.096875 0.19166666666666668
2 0.36640625 0.41180555555555554 0.06875 0.19305555555555556
2 0.305859375 0.31319444444444444 0.06953125 0.17916666666666667
2 0.391796875 0.3020833333333333 0.06015625 0.13472222222222222
2 0.416796875 0.26666666666666666 0.06328125 0.17083333333333334
2 0.083984375 0.3590277777777778 0.09609375 0.20972222222222223
2 0.105078125 0.29375 0.0953125 0.1986111111111111
2 0.301171875 0.6069444444444444 0.13515625 0.29444444444444445
2 0.4921875 0.7368055555555556 0.15546875 0.30694444444444446
3 0.810546875 0.4798611111111111 0.0734375 0.175
1 0.592578125 0.3784722222222222 0.06796875 0.1638888888888889