2 0.45234375 0.4847222222222222 0.07916666666666666 0.17407407407407408
2 0.14973958333333334 0.5972222222222222 0.058333333333333334 0.17777777777777778
2 0.09348958333333333 0.6194444444444445 0.058854166666666666 0.1712962962962963
3 0.27578125 0.3143518518518518 0.04791666666666667 0.12407407407407407
2 0.39505208333333336 0.3189814814814815 0.0421875 0.13703703703703704
2 0.43723958333333335 0.2851851851851852 0.04479166666666667 0.1111111111111111
2 0.5598958333333334 0.31296296296296294 0.03854166666666667 0.1259259259259259
2 0.5567708333333333 0.30833333333333335 0.04635416666666667 0.15
2 0.5880208333333333 0.34629629629629627 0.04479166666666667 0.13148148148148148
2 0.6653645833333334 0.40925925925925927 0.05416666666666667 0.1537037037037037
2 0.7846354166666667 0.4759259259259259 0.04895833333333333 0.14907407407407408
2 0.82109375 0.5981481481481481 0.057291666666666664 0.1824074074074074
1 0.80234375 0.3060185185185185 0.04635416666666667 0.1425925925925926