2 0.8763541666666667 0.6427407407407407 0.08722395833333334 0.2515555555555556
2 0.9573072916666666 0.46685185185185185 0.05066145833333333 0.18703703703703703
2 0.8019947916666667 0.5182222222222221 0.093921875 0.20000925925925925
2 0.43723958333333335 0.48378703703703707 0.07483333333333334 0.18983333333333335
2 0.23411458333333332 0.5325648148148148 0.04288541666666667 0.24044444444444446
2 0.3289635416666667 0.35053703703703704 0.038260416666666665 0.14462037037037037
2 0.39175 0.3772222222222222 0.033953125 0.15113888888888888
2 0.677953125 0.46848148148148144 0.04340104166666667 0.16846296296296295
5 0.7194739583333334 0.3394444444444445 0.14921875 0.1945648148148148
1 0.7310729166666667 0.3498148148148148 0.05694791666666667 0.1676388888888889
3 0.4765052083333333 0.7173425925925926 0.09543229166666665 0.30235185185185187
3 0.5506302083333333 0.3077685185185185 0.02875 0.12501851851851853