5 0.70065625 0.3259444444444444 0.14047395833333332 0.18431481481481482
2 0.3459375 0.4310277777777778 0.05808854166666667 0.1695648148148148
2 0.32729166666666665 0.34498148148148144 0.03428125 0.11292592592592592
2 0.6686822916666666 0.8043333333333332 0.07951562499999999 0.34987962962962965
2 0.9146041666666667 0.4564814814814815 0.046947916666666666 0.18237962962962964
3 0.18473958333333332 0.6112592592592593 0.067328125 0.2781018518518519
3 0.5079947916666667 0.3081296296296296 0.033213541666666666 0.14222222222222222
2 0.7001666666666666 0.47290740740740744 0.04359895833333333 0.17730555555555558
2 0.5269947916666667 0.4240833333333333 0.026671875 0.1712962962962963
2 0.4705833333333333 0.41485185185185186 0.039921875 0.15646296296296294
2 0.3917395833333333 0.3831759259259259 0.03472395833333333 0.14677777777777778
2 0.18985416666666666 0.4156944444444444 0.029708333333333333 0.17027777777777778
1 0.655859375 0.3321296296296296 0.042026041666666666 0.16332407407407407
0 0.25855208333333335 0.3053796296296296 0.011463541666666667 0.0235
2 0.23302604166666668 0.369 0.03324479166666667 0.13522222222222222