2 0.8945989583333334 0.39149074074074075 0.048125 0.18875
2 0.5911458333333334 0.6444814814814814 0.0765625 0.2574074074074074
2 0.778234375 0.44866666666666666 0.049953125 0.22237962962962962
2 0.65634375 0.5749814814814815 0.07966666666666668 0.2791944444444444
2 0.57903125 0.5881203703703703 0.059786458333333334 0.2720925925925926
2 0.806796875 0.5292592592592593 0.06671875 0.2472592592592593
2 0.7494999999999999 0.551324074074074 0.064421875 0.27044444444444443
2 0.4842552083333333 0.7297407407407407 0.09141666666666667 0.3008148148148148
5 0.17880729166666667 0.38773148148148145 0.21428125 0.30225
1 0.292390625 0.40585185185185185 0.04933333333333333 0.2007962962962963
2 0.193078125 0.7216666666666667 0.062734375 0.3345462962962963
2 0.327578125 0.8816759259259259 0.08738541666666667 0.2366574074074074
0 0.36823958333333334 0.27632407407407406 0.011213541666666667 0.023777777777777776