5 0.17950520833333333 0.3796203703703704 0.22153124999999999 0.31755555555555554
2 0.4765 0.7176944444444444 0.081640625 0.3136574074074074
2 0.172734375 0.7152314814814815 0.060098958333333334 0.3508611111111111
2 0.9090781250000001 0.3890925925925926 0.04705729166666666 0.19005555555555556
2 0.827734375 0.5328148148148149 0.062390625000000005 0.25546296296296295
2 0.734390625 0.5537222222222222 0.07695833333333332 0.2628055555555555
2 0.6436458333333334 0.5680833333333333 0.06778124999999999 0.28947222222222224
2 0.574484375 0.6336944444444444 0.07417708333333332 0.27666666666666667
1 0.28965104166666666 0.40640740740740744 0.0595625 0.20722222222222222
2 0.777828125 0.4468611111111111 0.05411979166666667 0.23491666666666666
2 0.28200000000000003 0.8744444444444445 0.09498958333333334 0.2511111111111111
2 0.5590885416666667 0.5931203703703705 0.07477083333333333 0.28630555555555554
0 0.3484583333333333 0.2826851851851852 0.014291666666666668 0.025212962962962965