2 0.7641979166666667 0.5534722222222223 0.08163541666666667 0.21069444444444446
5 0.30505208333333333 0.3676851851851852 0.16449999999999998 0.2266388888888889
2 0.197765625 0.5683981481481482 0.07654166666666667 0.1812777777777778
2 0.5696927083333333 0.6582777777777779 0.06315104166666667 0.27537962962962964
2 0.5049895833333333 0.7526759259259259 0.08920833333333333 0.31126851851851856
2 0.823265625 0.545462962962963 0.04658854166666667 0.2011851851851852
3 0.6220364583333333 0.39419444444444446 0.039651041666666664 0.16857407407407407
1 0.472515625 0.4404537037037037 0.05930208333333333 0.10947222222222222
2 0.80090625 0.5032777777777777 0.041359375 0.2038611111111111
2 0.6655520833333333 0.7649907407407408 0.06891666666666667 0.29853703703703705
0 0.4971510416666666 0.48474999999999996 0.013588541666666667 0.017574074074074075