5 0.29965625 0.37025925925925923 0.1634270833333333 0.22200925925925927
2 0.18343229166666666 0.582462962962963 0.06568229166666667 0.12169444444444445
2 0.35676562500000003 0.7460462962962963 0.10122395833333334 0.2566111111111111
2 0.4051197916666667 0.6272222222222222 0.051911458333333334 0.23814814814814814
3 0.48636979166666666 0.3523148148148148 0.037671875 0.14907407407407408
2 0.7383072916666666 0.5013333333333334 0.04652604166666666 0.20021296296296295
1 0.334046875 0.3983055555555556 0.038578125 0.15586111111111112
2 0.5858958333333334 0.6414074074074074 0.0553125 0.23787962962962966
2 0.6039322916666666 0.5232407407407408 0.049374999999999995 0.20167592592592593
2 0.8848125 0.47515740740740736 0.08384375 0.1636388888888889
0 0.4242447916666666 0.4151666666666667 0.011411458333333334 0.02026851851851852
2 0.45103125 0.5833425925925926 0.049979166666666665 0.25183333333333335
2 0.9664947916666667 0.632962962962963 0.06230729166666667 0.21192592592592593
2 0.7196874999999999 0.47637962962962965 0.040765625 0.20707407407407405