3 0.3968333333333333 0.7130555555555556 0.05603125 0.30280555555555555
3 0.45953125 0.30572222222222223 0.025848958333333335 0.12912037037037036
5 0.6179322916666667 0.33001851851851854 0.13 0.16885185185185186
1 0.6347760416666667 0.3438148148148148 0.04468229166666667 0.1513611111111111
2 0.6961041666666666 0.5115833333333333 0.08308333333333334 0.17853703703703702
2 0.5861614583333333 0.450537037037037 0.027791666666666666 0.16783333333333333
2 0.5699270833333333 0.46381481481481485 0.0275 0.16798148148148148
2 0.3548489583333333 0.4820092592592593 0.06463541666666667 0.18198148148148147
2 0.295859375 0.37719444444444444 0.03696875 0.15319444444444444
2 0.22394791666666666 0.34744444444444444 0.05216666666666667 0.13570370370370372
2 0.14491145833333335 0.327712962962963 0.030546874999999998 0.13652777777777778
2 0.13536458333333332 0.532074074074074 0.03521354166666667 0.23119444444444445
0 0.7236614583333334 0.5550555555555556 0.014088541666666668 0.026537037037037036
2 0.76053125 0.6554907407407407 0.07560937499999999 0.2687777777777777
2 0.8496979166666667 0.4552685185185185 0.029359375 0.1740833333333333
2 0.012557291666666666 0.38616666666666666 0.025114583333333333 0.1337685185185185