2 0.4778854166666667 0.5058981481481482 0.058078125 0.2010925925925926
2 0.5462864583333332 0.5773796296296296 0.0540625 0.20903703703703702
5 0.17467708333333334 0.36869444444444444 0.17068750000000002 0.23878703703703702
2 0.35526562500000003 0.5683611111111111 0.06264583333333333 0.22106481481481483
2 0.66484375 0.4530092592592593 0.03874479166666667 0.17912962962962964
2 0.418515625 0.5458518518518518 0.06525 0.15943518518518518
1 0.20859375 0.38755555555555554 0.04559375 0.19299074074074074
2 0.6255989583333333 0.5580185185185185 0.05405729166666667 0.20487037037037037
3 0.344265625 0.33425 0.03506770833333333 0.16110185185185186
2 0.19274479166666666 0.6224351851851851 0.12161458333333333 0.23023148148148148
2 0.6091614583333332 0.40209259259259256 0.0700625 0.1438148148148148
2 0.7638385416666666 0.5557500000000001 0.04411458333333333 0.1767037037037037
2 0.026567708333333332 0.7393796296296296 0.053140625000000004 0.3100462962962963
2 0.9244895833333333 0.4775277777777778 0.03127083333333333 0.1741851851851852