2 0.5953697916666666 0.4833055555555556 0.04893229166666667 0.1406574074074074
5 0.2940052083333333 0.37351851851851847 0.164359375 0.22957407407407407
2 0.1826354166666667 0.5799907407407408 0.06847916666666666 0.11920370370370371
2 0.5879947916666667 0.6333055555555556 0.052348958333333334 0.2351111111111111
2 0.440546875 0.575925925925926 0.046489583333333334 0.24392592592592593
2 0.39240624999999996 0.6114722222222222 0.06483333333333334 0.24353703703703702
2 0.7293177083333333 0.4869074074074074 0.049088541666666666 0.1840277777777778
3 0.477875 0.3342222222222222 0.0384375 0.1774537037037037
1 0.3191614583333333 0.4000833333333333 0.051479166666666666 0.15704629629629632
2 0.8649947916666666 0.46814814814814815 0.06770833333333333 0.1733333333333333
2 0.7135208333333334 0.47075 0.035734375 0.19989814814814813
2 0.3219166666666667 0.738111111111111 0.07191666666666667 0.2502314814814815
0 0.41280208333333335 0.43125 0.011489583333333333 0.021296296296296296