2 0.450609375 0.5324351851851852 0.07145833333333333 0.2136574074074074
3 0.5105833333333334 0.7173055555555556 0.062098958333333336 0.3045185185185185
3 0.5294583333333333 0.3088518518518519 0.022041666666666668 0.12912037037037036
5 0.6876979166666667 0.3348333333333333 0.13371875 0.17846296296296296
1 0.6620520833333334 0.34882407407407406 0.048854166666666664 0.1455925925925926
2 0.5820000000000001 0.5251296296296296 0.038661458333333336 0.17414814814814816
2 0.6040364583333333 0.444 0.031421875 0.16972222222222225
2 0.3687552083333333 0.4589259259259259 0.05122395833333333 0.1651111111111111
2 0.39533854166666665 0.3894907407407407 0.03220833333333333 0.12636111111111112
2 0.33416666666666667 0.352787037037037 0.05219270833333333 0.12953703703703703
2 0.31077604166666667 0.4457685185185185 0.04930729166666667 0.16544444444444445
2 0.907171875 0.4629074074074074 0.04870833333333333 0.18005555555555555
0 0.328515625 0.4175462962962963 0.015083333333333334 0.02748148148148148
2 0.14072916666666666 0.37721296296296297 0.048427083333333336 0.13402777777777777
2 0.6296875 0.46196296296296296 0.03344791666666667 0.16662037037037036
2 0.33138541666666665 0.27511111111111114 0.028677083333333336 0.11811111111111111