5 0.18252083333333333 0.3730740740740741 0.16224479166666667 0.23589814814814816
2 0.15616145833333334 0.6204814814814815 0.06190625 0.23951851851851852
2 0.5429635416666667 0.5870740740740741 0.06584375 0.21672222222222223
2 0.6079895833333333 0.5832962962962963 0.06311458333333334 0.2207037037037037
2 0.4164010416666667 0.5234722222222222 0.04809895833333333 0.20025
2 0.4084375 0.5591481481481482 0.0706875 0.21400925925925926
2 0.67240625 0.4454814814814815 0.04507291666666667 0.16575925925925927
2 0.48331250000000003 0.51375 0.061848958333333336 0.1771851851851852
2 0.6190625 0.39262962962962966 0.06205729166666667 0.12787962962962965
2 0.6661510416666666 0.36271296296296296 0.031229166666666665 0.10119444444444445
3 0.343109375 0.33271296296296293 0.031984374999999995 0.1540925925925926
1 0.20809895833333333 0.38707407407407407 0.036557291666666665 0.19132407407407406
0 0.39169791666666665 0.5338888888888889 0.014442708333333333 0.024148148148148148
2 0.8156510416666667 0.5961296296296297 0.044619791666666665 0.20725925925925925
2 0.021703125 0.7345648148148148 0.04340104166666667 0.30863888888888885
2 0.9774322916666667 0.47376851851851853 0.029515625 0.16049074074074074