2 0.6792395833333333 0.8072314814814814 0.076921875 0.34508333333333335
3 0.22433333333333336 0.6390555555555555 0.08113020833333334 0.2751481481481482
3 0.5118125 0.3059537037037037 0.024265625000000002 0.12912037037037036
5 0.7048802083333333 0.3341574074074074 0.13601041666666666 0.179
1 0.6425208333333334 0.3405 0.03490625 0.15733333333333333
2 0.433625 0.4222222222222222 0.04196875 0.14355555555555555
2 0.4905208333333333 0.42066666666666663 0.028036458333333333 0.15603703703703706
2 0.37906249999999997 0.3792037037037037 0.032640625 0.1257777777777778
2 0.3583489583333333 0.36041666666666666 0.0235625 0.13837037037037037
2 0.4079166666666667 0.4102777777777778 0.03672916666666667 0.1585925925925926
2 0.9155364583333333 0.46346296296296297 0.040192708333333334 0.1835277777777778
2 0.6786302083333333 0.4608333333333333 0.0411875 0.16489814814814815
2 0.14977083333333333 0.43949074074074074 0.030859375 0.18134259259259258
2 0.04713020833333333 0.40491666666666665 0.029671875 0.1609814814814815
2 0.9935677083333334 0.5922499999999999 0.012864583333333334 0.21562962962962962