5 0.22864583333333333 0.3671574074074074 0.17023958333333333 0.23348148148148148
1 0.245078125 0.40872222222222226 0.041791666666666664 0.16498148148148148
2 0.1739375 0.5771944444444445 0.10122395833333334 0.11462962962962962
2 0.13367708333333334 0.7152685185185186 0.09548437500000001 0.2700555555555556
2 0.29122916666666665 0.5848796296296296 0.04600520833333333 0.24382407407407405
2 0.38063541666666667 0.5478425925925926 0.0546875 0.23148148148148148
2 0.5203958333333333 0.5030833333333333 0.037322916666666664 0.20062037037037037
2 0.5509583333333333 0.5794814814814815 0.030744791666666667 0.2361111111111111
2 0.65625 0.4421203703703704 0.036458333333333336 0.18055555555555555
2 0.7504322916666666 0.43903703703703706 0.049479166666666664 0.1651203703703704
2 0.8038177083333333 0.6026203703703704 0.05555729166666667 0.22994444444444445
2 0.9162291666666668 0.47993518518518524 0.06510416666666667 0.16358333333333333
3 0.3971145833333333 0.3346018518518519 0.03368229166666667 0.15862962962962962
2 0.6759635416666666 0.46678703703703706 0.030890625 0.1885185185185185
2 0.818140625 0.543212962962963 0.030380208333333332 0.14814814814814814
0 0.27670833333333333 0.3204074074074074 0.015208333333333332 0.02153703703703704