5 0.5949687499999999 0.3324259259259259 0.15713541666666667 0.20467592592592593
2 0.15778645833333332 0.4739259259259259 0.05216666666666667 0.1864722222222222
2 0.35013541666666664 0.47224999999999995 0.08494270833333334 0.16387037037037036
2 0.22048437499999998 0.34764814814814815 0.05778645833333333 0.13723148148148148
2 0.2872135416666667 0.38078703703703703 0.0483125 0.14713888888888887
2 0.5430260416666666 0.45485185185185184 0.033979166666666664 0.17821296296296296
2 0.5965520833333334 0.5631481481481482 0.05399479166666667 0.21700000000000003
2 0.823640625 0.4540370370370371 0.054546875 0.17186111111111113
3 0.43092708333333335 0.7100833333333333 0.07150520833333333 0.31178703703703703
3 0.44207291666666665 0.3042222222222222 0.03255729166666667 0.13483333333333333
1 0.6096927083333333 0.33544444444444443 0.05688020833333333 0.14682407407407408