2 0.26848958333333334 0.8078703703703703 0.08107812499999999 0.38425925925925924
2 0.12977604166666665 0.6550925925925926 0.07725520833333334 0.2824074074074074
2 0.231859375 0.5385833333333333 0.062671875 0.24074074074074073
2 0.3294270833333333 0.4776203703703704 0.04600520833333333 0.22685185185185186
2 0.3559010416666667 0.4909907407407407 0.052083333333333336 0.19186111111111112
2 0.4561614583333334 0.35108333333333336 0.026911458333333336 0.16203703703703703
2 0.5364583333333334 0.32407407407407407 0.03993229166666667 0.1574074074074074
2 0.5634010416666667 0.42824074074074076 0.034791666666666665 0.1774722222222222
2 0.9234010416666667 0.41428703703703706 0.038609374999999994 0.15599074074074074
0 0.3006614583333333 0.6245925925925926 0.016729166666666666 0.026962962962962963
3 0.17534895833333333 0.32175925925925924 0.03472395833333333 0.18055555555555555