2 0.5163958333333334 0.49879629629629635 0.04142708333333334 0.19025925925925924
5 0.22895312499999998 0.3680277777777778 0.178875 0.24810185185185185
2 0.189640625 0.5617592592592593 0.08439583333333332 0.14471296296296296
2 0.5506093750000001 0.5753425925925926 0.047151041666666664 0.21974074074074074
2 0.37650520833333334 0.5461574074074075 0.061828125 0.22880555555555557
2 0.28785937500000003 0.58425 0.04650520833333334 0.24574074074074073
2 0.6846927083333333 0.46674074074074073 0.043583333333333335 0.1825648148148148
3 0.3972239583333333 0.33517592592592593 0.030369791666666666 0.16215740740740742
1 0.23494270833333333 0.4117777777777778 0.060557291666666666 0.15175925925925926
2 0.8091354166666667 0.5357962962962962 0.03802604166666667 0.18176851851851852
2 0.9070677083333333 0.47768518518518516 0.05369270833333333 0.16337037037037036
2 0.7814374999999999 0.5631481481481482 0.032296874999999996 0.22657407407407407
2 0.65925 0.44389814814814815 0.0334375 0.1961388888888889
2 0.11578645833333333 0.7078888888888889 0.06977083333333334 0.2937592592592593
2 0.7357708333333334 0.43472222222222223 0.04116666666666667 0.1602314814814815
0 0.27026041666666667 0.36485185185185187 0.011958333333333333 0.02198148148148148