5 0.12056249999999999 0.34955555555555556 0.16822395833333334 0.24846296296296294
2 0.2893072916666667 0.652787037037037 0.09124479166666667 0.2364814814814815
2 0.6654583333333334 0.42825925925925923 0.03927083333333334 0.1730925925925926
2 0.3652447916666667 0.7596018518518518 0.07871354166666666 0.3035
2 0.3216875 0.5178981481481482 0.039703125 0.20082407407407407
2 0.42759375 0.47848148148148145 0.043171875 0.2055462962962963
1 0.11245833333333333 0.3724722222222222 0.05053645833333333 0.19716666666666666
2 0.6255624999999999 0.32796296296296296 0.029546874999999997 0.12825925925925927
2 0.5553906249999999 0.3481851851851852 0.027140624999999998 0.15497222222222223
2 0.46334375 0.48617592592592596 0.0315625 0.2101574074074074
3 0.289921875 0.3099074074074074 0.030296875 0.1648888888888889
0 0.40011458333333333 0.743712962962963 0.017411458333333334 0.031490740740740736