5 0.7508072916666666 0.34982407407407407 0.14628125 0.20133333333333334
2 0.261765625 0.5370462962962963 0.044453124999999996 0.22773148148148148
3 0.4991041666666666 0.7191203703703704 0.08537499999999999 0.29062037037037036
2 0.8250937500000001 0.5266944444444445 0.08416145833333334 0.18302777777777776
1 0.748703125 0.34876851851851853 0.051041666666666666 0.15185185185185185
3 0.585828125 0.3072314814814815 0.029166666666666667 0.14074074074074075
2 0.463453125 0.48378703703703707 0.08278125 0.18551851851851853
2 0.3500625 0.35431481481481486 0.04078125 0.13774074074074072
2 0.7066197916666667 0.4833425925925926 0.03644270833333333 0.1803425925925926
2 0.15240104166666668 0.3830740740740741 0.035046875000000005 0.15130555555555555
2 0.42409375 0.36995370370370373 0.039864583333333335 0.14998148148148147
2 0.25391145833333334 0.3367314814814815 0.031697916666666666 0.13352777777777777
2 0.6878229166666666 0.4820833333333333 0.03171875 0.19098148148148147
2 0.9174375 0.6579537037037038 0.08091145833333332 0.3098425925925926
0 0.8177239583333333 0.4880370370370371 0.018598958333333335 0.030629629629629628