2 0.31726041666666666 0.34676851851851853 0.05119270833333334 0.12967592592592594
5 0.6824166666666667 0.33492592592592596 0.13671875 0.1701388888888889
2 0.2944114583333333 0.4416203703703704 0.03669791666666666 0.17444444444444446
0 0.29682291666666666 0.3898981481481481 0.01096875 0.02376851851851852
3 0.5035833333333334 0.7135462962962963 0.068359375 0.3090277777777778
2 0.9029947916666666 0.4545185185185185 0.03515625 0.1701388888888889
1 0.6582343749999999 0.3454814814814815 0.041015625 0.1423611111111111
3 0.5270208333333334 0.3111111111111111 0.026692708333333332 0.12314814814814815
2 0.4765260416666666 0.5180370370370371 0.05069791666666667 0.1901111111111111
2 0.5754374999999999 0.5432592592592593 0.048427083333333336 0.1864814814814815
2 0.37336458333333333 0.4686203703703704 0.053739583333333334 0.1568425925925926
2 0.13513541666666665 0.37455555555555553 0.038989583333333334 0.14037037037037037
2 0.3908229166666667 0.3896759259259259 0.04168229166666667 0.15825925925925924
2 0.6023177083333333 0.44746296296296295 0.03411458333333333 0.1874074074074074
2 0.6262135416666667 0.46185185185185185 0.029828125 0.17608333333333331