2 0.7064583333333334 0.8814074074074074 0.09000520833333334 0.23718518518518522
5 0.3028645833333333 0.37025 0.16763541666666668 0.23039814814814816
1 0.455109375 0.41968518518518516 0.04154166666666667 0.13072222222222224
2 0.18163020833333335 0.5818148148148148 0.056317708333333334 0.14240740740740743
2 0.49024999999999996 0.7005740740740741 0.05621354166666667 0.27166666666666667
2 0.5365104166666667 0.6326111111111111 0.057479166666666665 0.25487037037037036
2 0.7692135416666667 0.4891944444444445 0.05231770833333334 0.18519444444444444
3 0.5899583333333334 0.38080555555555556 0.03428645833333333 0.1587962962962963
2 0.7947708333333333 0.5289537037037036 0.042807291666666664 0.2047962962962963
2 0.7196145833333334 0.5516851851851853 0.0625 0.20833333333333334
0 0.48390625000000004 0.46724074074074073 0.007671875 0.014342592592592593
2 0.6430989583333333 0.7297592592592592 0.04878125 0.2793240740740741