2 0.6453489583333333 0.7972777777777778 0.06999479166666665 0.3403425925925926
3 0.19066145833333334 0.5856296296296296 0.060046875000000006 0.255712962962963
3 0.5118125 0.3059537037037037 0.024265625000000002 0.12912037037037036
5 0.7043541666666666 0.3344722222222222 0.134953125 0.18212037037037038
1 0.6594791666666667 0.33746296296296296 0.03696875 0.15733333333333333
2 0.474640625 0.41298148148148145 0.027479166666666666 0.15778703703703703
2 0.538703125 0.41797222222222224 0.03183333333333333 0.1714537037037037
2 0.3972447916666667 0.38428703703703704 0.04144270833333333 0.14479629629629628
2 0.3259270833333333 0.3429537037037037 0.044145833333333336 0.13242592592592595
2 0.3370416666666667 0.4364722222222222 0.03715104166666667 0.1612037037037037
2 0.91596875 0.46346296296296297 0.042859375000000005 0.1835277777777778
2 0.19330729166666666 0.3704444444444444 0.03344791666666667 0.13720370370370372
2 0.701453125 0.4634814814814815 0.04672916666666667 0.16703703703703704
2 0.21429166666666666 0.4213425925925926 0.035812500000000004 0.17785185185185187