5 0.3074895833333333 0.3705833333333334 0.15415625000000002 0.23119444444444445
2 0.17753125 0.591212962962963 0.053135416666666664 0.1194537037037037
2 0.4384166666666667 0.7789907407407407 0.09286979166666667 0.28020370370370373
2 0.42572916666666666 0.626 0.058953125 0.21837962962962962
3 0.5166666666666667 0.3509259259259259 0.03333333333333333 0.1537037037037037
2 0.7460416666666667 0.506712962962963 0.04541666666666667 0.19269444444444445
1 0.35689583333333336 0.3959722222222222 0.05761979166666666 0.1499259259259259
2 0.59440625 0.6588518518518518 0.06181770833333333 0.24975925925925926
2 0.6358802083333334 0.5219722222222223 0.03633854166666666 0.19451851851851854
2 0.9371562499999999 0.482712962962963 0.07846354166666666 0.16549074074074074
2 0.4739583333333333 0.6027777777777777 0.06458333333333334 0.2537037037037037
0 0.44479166666666664 0.43148148148148147 0.0125 0.02962962962962963
2 0.7246979166666667 0.4817685185185185 0.045218749999999995 0.19131481481481483