2 0.29171875 0.37950925925925927 0.039447916666666666 0.1225925925925926
2 0.6815520833333333 0.8059814814814815 0.09460937500000001 0.34508333333333335
3 0.18371354166666667 0.637074074074074 0.06367708333333334 0.28264814814814815
3 0.5118125 0.3059537037037037 0.024265625000000002 0.12912037037037036
5 0.7043541666666666 0.3344722222222222 0.134953125 0.18212037037037038
1 0.6476614583333333 0.3405 0.03696875 0.15733333333333333
2 0.4470208333333333 0.4278240740740741 0.043708333333333335 0.14501851851851852
2 0.5100416666666666 0.4235462962962963 0.036223958333333334 0.1681388888888889
2 0.3748020833333333 0.38369444444444445 0.040713541666666665 0.13475
2 0.34356770833333333 0.3536111111111111 0.041078125 0.11453703703703703
2 0.37351562499999996 0.4368611111111111 0.035250000000000004 0.15439814814814815
2 0.9130729166666666 0.46346296296296297 0.040192708333333334 0.1835277777777778
0 0.30552083333333335 0.3524351851851852 0.009989583333333333 0.017444444444444443
2 0.6935677083333334 0.4648981481481481 0.05578125 0.16489814814814815
2 0.17408333333333334 0.43087037037037035 0.049015625 0.17339814814814816
2 0.01 0.41009259259259256 0.02 0.1712962962962963