2 0.9561614583333333 0.679787037037037 0.08767708333333334 0.22994444444444445
2 0.5837447916666666 0.6209629629629629 0.05371354166666666 0.23148148148148148
5 0.287671875 0.37719444444444444 0.17023958333333333 0.23502777777777778
1 0.311046875 0.4025462962962963 0.045265625 0.16498148148148148
2 0.17866145833333333 0.5755833333333333 0.05705208333333334 0.11166666666666666
2 0.30757291666666664 0.7407314814814815 0.07369270833333334 0.24999074074074074
2 0.37980729166666666 0.6105185185185186 0.05648958333333333 0.23340740740740742
2 0.43491145833333333 0.5810185185185185 0.06602083333333333 0.24845370370370368
2 0.7083333333333334 0.4645 0.03472395833333333 0.1882777777777778
2 0.8563333333333334 0.4652685185185185 0.06509895833333333 0.1651203703703704
3 0.46874479166666666 0.34076851851851847 0.037989583333333334 0.15862962962962962
2 0.7266354166666668 0.4920740740740741 0.04369791666666667 0.19275925925925927
2 0.590703125 0.4976851851851852 0.04600520833333333 0.16821296296296295
0 0.4047916666666667 0.4460185185185185 0.009427083333333334 0.017333333333333333