5 0.2932135416666667 0.3780833333333333 0.159375 0.23639814814814816
2 0.17924479166666665 0.5824074074074074 0.06335416666666667 0.10555555555555556
2 0.29228125 0.7438518518518519 0.07532291666666667 0.25216666666666665
2 0.37511458333333336 0.6114814814814815 0.048749999999999995 0.22642592592592592
2 0.4338385416666667 0.5796203703703704 0.06716145833333333 0.2436851851851852
3 0.4638802083333333 0.34736111111111106 0.03644270833333333 0.1524537037037037
2 0.8489375 0.4626481481481482 0.06039583333333333 0.16732407407407407
1 0.3116145833333333 0.4058611111111111 0.04479166666666667 0.1574074074074074
2 0.5831406250000001 0.6246388888888889 0.05331770833333334 0.22005555555555556
2 0.58825 0.509925925925926 0.04261458333333333 0.1865462962962963
2 0.9486197916666667 0.651712962962963 0.10276041666666667 0.2422314814814815
2 0.7259218749999999 0.4915277777777778 0.04284895833333333 0.18455555555555556
2 0.7086458333333333 0.4630648148148148 0.031182291666666664 0.17675