5 0.5949687499999999 0.3324259259259259 0.15713541666666667 0.20467592592592593
2 0.164546875 0.47391666666666665 0.06503125 0.18387037037037038
2 0.3492239583333333 0.46848148148148144 0.08530729166666666 0.1649074074074074
2 0.21905729166666665 0.3477777777777778 0.05976041666666666 0.1315185185185185
2 0.28593229166666667 0.38000925925925927 0.044296875 0.14844444444444443
2 0.530859375 0.45087962962962963 0.03186979166666667 0.16271296296296295
2 0.5779166666666666 0.5445 0.05894791666666667 0.21431481481481482
2 0.8217395833333333 0.4556574074074074 0.05338020833333333 0.17407407407407408
3 0.430625 0.7109907407407408 0.06886458333333333 0.30996296296296294
3 0.4417552083333333 0.30390740740740746 0.032630208333333334 0.13937037037037037
1 0.6096927083333333 0.33544444444444443 0.05688020833333333 0.14682407407407408
2 0.5491822916666667 0.46308333333333335 0.03444791666666667 0.1702685185185185
2 0.5909166666666666 0.5450185185185186 0.033817708333333335 0.16446296296296298