5 0.166359375 0.36974999999999997 0.177 0.2515648148148148
2 0.519671875 0.6457499999999999 0.05778125 0.2655
2 0.10295833333333333 0.6152777777777778 0.07780729166666665 0.25216666666666665
2 0.477390625 0.6260833333333333 0.05068229166666667 0.24287962962962964
2 0.4439739583333333 0.5233703703703704 0.04461458333333333 0.20476851851851852
2 0.49264583333333334 0.4941851851851852 0.05559895833333333 0.1513611111111111
2 0.38322395833333334 0.5193055555555556 0.068875 0.22011111111111112
2 0.6810781250000001 0.44419444444444445 0.04045833333333334 0.17913888888888888
2 0.66615625 0.378037037037037 0.026234374999999997 0.1486759259259259
2 0.5928125000000001 0.37716666666666665 0.044468749999999994 0.14600925925925926
3 0.33701041666666665 0.33166666666666667 0.033656250000000006 0.15931481481481483
1 0.18430208333333334 0.3875185185185185 0.03594270833333334 0.19566666666666666
2 0.91771875 0.6762314814814815 0.06875 0.18021296296296296
0 0.5156822916666667 0.5224814814814814 0.011286458333333334 0.026444444444444444