2 0.6453489583333333 0.7972777777777778 0.06999479166666665 0.3403425925925926
3 0.1899010416666667 0.6025277777777778 0.060046875000000006 0.2651759259259259
3 0.5118125 0.3059537037037037 0.024265625000000002 0.12912037037037036
5 0.7043541666666666 0.3344722222222222 0.134953125 0.18212037037037038
1 0.6594791666666667 0.33746296296296296 0.03696875 0.15733333333333333
2 0.474640625 0.41298148148148145 0.027479166666666666 0.15778703703703703
2 0.5366093749999999 0.41594444444444445 0.03449479166666667 0.1741574074074074
2 0.3972447916666667 0.38428703703703704 0.04144270833333333 0.14479629629629628
2 0.3259270833333333 0.3429537037037037 0.044145833333333336 0.13242592592592595
2 0.3370416666666667 0.4364722222222222 0.03715104166666667 0.1612037037037037
2 0.91596875 0.46346296296296297 0.042859375000000005 0.1835277777777778
0 0.320453125 0.32199074074074074 0.01403125 0.02666666666666667
2 0.19553125000000002 0.37000925925925926 0.03789583333333334 0.13808333333333334
2 0.6915677083333333 0.46212962962962967 0.058895833333333335 0.16568518518518519
2 0.20991666666666667 0.42269444444444443 0.038473958333333336 0.17785185185185187