5 0.12056249999999999 0.34955555555555556 0.16822395833333334 0.24846296296296294
2 0.28765104166666666 0.652287037037037 0.09836979166666666 0.24437962962962964
2 0.6622812499999999 0.43098148148148147 0.040875 0.17703703703703702
2 0.35909895833333333 0.7733796296296296 0.07565625 0.32193518518518516
2 0.3216875 0.5178981481481482 0.039703125 0.20082407407407407
2 0.42586979166666666 0.4757592592592593 0.046614583333333334 0.20011111111111113
1 0.10663020833333332 0.3738888888888889 0.05018229166666666 0.19999074074074075
2 0.623703125 0.3221851851851852 0.027520833333333335 0.1305740740740741
2 0.5525625000000001 0.3447037037037037 0.029817708333333335 0.15119444444444444
2 0.4564739583333333 0.4876481481481481 0.03377083333333333 0.20585185185185184
3 0.28754687500000004 0.31048148148148147 0.031119791666666667 0.16666666666666666
0 0.39067708333333334 0.7192314814814814 0.016046875 0.03191666666666666