2 0.23309895833333333 0.574138888888889 0.061359375 0.17967592592592593
2 0.5308125 0.7809259259259259 0.062453125 0.314
3 0.6536822916666666 0.39925 0.04564583333333334 0.1746851851851852
2 0.7894687499999999 0.5456481481481481 0.041416666666666664 0.21095370370370373
1 0.488625 0.4370277777777778 0.03983333333333334 0.11505555555555556
5 0.30879687499999997 0.36891666666666667 0.155328125 0.22303703703703703
2 0.5759635416666666 0.6697500000000001 0.04899479166666666 0.271537037037037
0 0.4907447916666667 0.47858333333333336 0.009875 0.018546296296296297
2 0.8455416666666667 0.5497222222222222 0.06313541666666667 0.20816666666666667
2 0.6999114583333333 0.7995462962962963 0.08915625 0.3102777777777778
2 0.8275677083333334 0.509462962962963 0.0463125 0.20453703703703704