2 0.6438645833333333 0.5849907407407408 0.07932291666666667 0.23535185185185187
3 0.37741145833333334 0.7140833333333334 0.078328125 0.3045185185185185
3 0.3968333333333333 0.304 0.024614583333333332 0.12912037037037036
5 0.5545000000000001 0.32760185185185187 0.13 0.16885185185185186
1 0.5745572916666667 0.3383333333333333 0.04770833333333333 0.15171296296296297
2 0.6078489583333333 0.5221296296296296 0.07503125000000001 0.16582407407407407
2 0.5167499999999999 0.45685185185185184 0.03294791666666667 0.17215740740740743
2 0.49879687500000003 0.4657777777777778 0.032067708333333333 0.16249074074074074
2 0.30450520833333333 0.48431481481481475 0.071953125 0.17525925925925925
2 0.23238020833333334 0.3861851851851852 0.030432291666666667 0.15419444444444444
2 0.16784895833333333 0.3484074074074074 0.04722395833333334 0.13775925925925925
2 0.10842187499999999 0.32330555555555557 0.033828125 0.12976851851851853
2 0.09649479166666668 0.5184074074074074 0.04507291666666667 0.2166759259259259
2 0.7881458333333333 0.45010185185185186 0.03525520833333333 0.16774074074074075
0 0.6215937500000001 0.5954907407407407 0.016666666666666666 0.03233333333333333
2 0.97184375 0.47175 0.044171875 0.18159259259259258