5 0.682453125 0.3389074074074074 0.14047395833333332 0.18431481481481482
2 0.14445312500000002 0.37560185185185185 0.04415104166666666 0.14125925925925925
2 0.36928125 0.4606759259259259 0.052348958333333334 0.17173148148148148
2 0.30566666666666664 0.4367685185185185 0.04627604166666666 0.16253703703703704
2 0.32104166666666667 0.3405462962962963 0.03636458333333333 0.14401851851851852
2 0.583015625 0.5316851851851853 0.05399479166666667 0.1910925925925926
2 0.9021041666666666 0.4645 0.046947916666666666 0.18855555555555553
3 0.511421875 0.7166296296296296 0.07357812500000001 0.3141203703703704
3 0.5298697916666667 0.31182407407407403 0.03571354166666666 0.1570277777777778
1 0.6648958333333332 0.3465462962962963 0.05688020833333333 0.14682407407407408
2 0.6309114583333333 0.45625 0.027973958333333333 0.17730555555555558
2 0.5951093749999999 0.4388888888888889 0.028755208333333334 0.1712962962962963
2 0.45631770833333335 0.5249722222222223 0.068875 0.21012962962962964
2 0.40111458333333333 0.38496296296296295 0.04909895833333333 0.13937962962962963
0 0.322328125 0.4195 0.014812500000000001 0.025675925925925925