5 0.30659895833333334 0.37025925925925923 0.1634270833333333 0.22200925925925927
2 0.18128125 0.5827222222222223 0.05944270833333333 0.12220370370370369
2 0.4075729166666667 0.760962962962963 0.07868750000000001 0.2551574074074074
2 0.421421875 0.6239166666666667 0.05339583333333333 0.23425
3 0.4975104166666667 0.3530833333333333 0.04201041666666667 0.1526759259259259
2 0.7464062499999999 0.5035555555555555 0.04652604166666666 0.1895925925925926
1 0.348140625 0.3990648148148148 0.03958333333333333 0.1574074074074074
2 0.5818125 0.6448333333333333 0.06138020833333333 0.2374537037037037
2 0.61834375 0.5274629629629629 0.050109375 0.1993888888888889
2 0.918078125 0.4810648148148148 0.0670625 0.15592592592592594
0 0.43483333333333335 0.41314814814814815 0.013140625 0.02588888888888889
2 0.46786979166666665 0.5880833333333333 0.053572916666666665 0.24361111111111114
2 0.7217708333333334 0.47860185185185183 0.036598958333333334 0.20262962962962963