5 0.84834375 0.34742592592592597 0.15363020833333335 0.19688888888888886
2 0.31652083333333336 0.52825 0.05419270833333333 0.22225925925925924
2 0.9065208333333333 0.515324074074074 0.07872916666666667 0.18398148148148147
2 0.5192291666666666 0.46178703703703705 0.07700520833333332 0.18653703703703706
2 0.222484375 0.3775648148148148 0.050171875 0.15512037037037038
2 0.40815104166666666 0.35012037037037036 0.043369791666666664 0.13966666666666666
2 0.494203125 0.3872777777777778 0.029557291666666666 0.1578888888888889
2 0.7861927083333333 0.489 0.04340104166666667 0.17800925925925926
3 0.67825 0.31684259259259256 0.03076041666666667 0.13996296296296296
1 0.8309583333333334 0.3554259259259259 0.04692708333333333 0.15911111111111112
3 0.5400364583333332 0.7187685185185185 0.07676041666666666 0.3043148148148148
0 0.3313125 0.40025 0.019911458333333333 0.024453703703703703