5 0.10816145833333332 0.3911851851851852 0.21632291666666664 0.33144444444444443
2 0.40121875 0.6968333333333334 0.061385416666666665 0.3094537037037037
2 0.026406250000000003 0.7056666666666667 0.052807291666666666 0.3502314814814815
2 0.6262239583333333 0.6538333333333333 0.05921875 0.3114351851851852
2 0.855375 0.6509907407407408 0.07352083333333333 0.2640185185185185
2 0.9433333333333334 0.39816666666666667 0.04759895833333334 0.19590740740740742
2 0.8860572916666667 0.5004259259259259 0.062390625000000005 0.21289814814814814
2 0.66415625 0.44442592592592595 0.058703124999999995 0.22125925925925927
2 0.5560364583333333 0.5109537037037037 0.08552604166666668 0.32328703703703704
2 0.47903645833333336 0.6191203703703704 0.047385416666666666 0.31605555555555553
2 0.44258333333333333 0.5854444444444444 0.04739583333333333 0.3204722222222222
1 0.14944791666666665 0.4256666666666667 0.08376041666666666 0.21844444444444444
0 0.2690416666666666 0.3135740740740741 0.020874999999999998 0.02987037037037037