2 0.5947604166666667 0.6675648148148149 0.09721354166666667 0.2958703703703704
2 0.8120729166666667 0.6541296296296296 0.077234375 0.2548796296296296
2 0.8940312499999999 0.5327592592592593 0.12447395833333334 0.2330462962962963
2 0.36818229166666666 0.6957592592592592 0.05725 0.3069351851851852
2 0.5106197916666667 0.5014166666666666 0.06186979166666667 0.3421944444444444
2 0.44052604166666665 0.6210277777777778 0.05572916666666667 0.3062037037037037
1 0.100390625 0.4229907407407407 0.072546875 0.2501851851851852
5 0.08999479166666666 0.3687685185185185 0.179984375 0.29528703703703707
2 0.408125 0.5709907407407407 0.05707291666666667 0.3938611111111111
2 0.6224427083333333 0.4501203703703704 0.059875 0.2078148148148148
2 0.94328125 0.3871851851851852 0.07143229166666668 0.2275185185185185
0 0.4340677083333333 0.3834814814814815 0.021546875 0.03586111111111111