5 0.6663645833333334 0.33135185185185184 0.13377604166666668 0.18694444444444444
1 0.6517499999999999 0.34262037037037035 0.04356770833333334 0.15185185185185185
2 0.26835416666666667 0.44155555555555553 0.03858854166666667 0.19298148148148148
3 0.4844114583333334 0.7112407407407407 0.06661979166666666 0.31083333333333335
2 0.57628125 0.5493425925925925 0.04702604166666667 0.17897222222222223
3 0.5070364583333333 0.3067407407407407 0.02754166666666667 0.1303425925925926
2 0.37368229166666667 0.466712962962963 0.07790104166666666 0.16769444444444445
2 0.36184375 0.37750925925925927 0.03939583333333333 0.1391666666666667
2 0.512765625 0.5209814814814815 0.08224479166666666 0.1816296296296296
2 0.8828854166666668 0.45681481481481484 0.035390625 0.18049074074074076
0 0.2934010416666667 0.3615833333333333 0.018895833333333334 0.03576851851851852
2 0.5954895833333332 0.4403611111111111 0.04608854166666666 0.16988888888888887
2 0.10278125 0.3864722222222222 0.05359375 0.1428148148148148
2 0.2924375 0.34875 0.04810416666666666 0.1332962962962963