5 0.1783125 0.3937777777777777 0.20852083333333335 0.31383333333333335
2 0.791484375 0.525888888888889 0.061036458333333335 0.2457777777777778
2 0.8941250000000001 0.4016388888888889 0.05622916666666666 0.18887962962962965
2 0.6714218750000001 0.8071296296296296 0.10109895833333334 0.31156481481481485
2 0.7461145833333334 0.5907592592592592 0.056140625000000006 0.2767777777777778
2 0.6513125 0.6072129629629629 0.058755208333333336 0.307962962962963
1 0.34029166666666666 0.3878611111111111 0.052270833333333336 0.1787037037037037
2 0.31 0.7782777777777777 0.103203125 0.30822222222222223
2 0.78859375 0.7863611111111111 0.12458854166666668 0.3322962962962963
0 0.4693333333333333 0.3288611111111111 0.009994791666666667 0.018296296296296297
2 0.8233125 0.4609722222222222 0.05280208333333333 0.21680555555555556
2 0.8109583333333333 0.5263703703703704 0.042921875 0.23350925925925925