5 0.18839062499999998 0.3822314814814815 0.20852083333333335 0.31383333333333335
2 0.7934791666666666 0.5267499999999999 0.043911458333333334 0.2356574074074074
2 0.8864739583333333 0.3991388888888889 0.053677083333333334 0.19535185185185183
2 0.6124427083333334 0.7544537037037037 0.0703125 0.26103703703703707
2 0.6988958333333334 0.5843981481481482 0.07902604166666666 0.2657962962962963
2 0.6270260416666668 0.6184074074074074 0.04808333333333333 0.29300925925925925
1 0.31193229166666664 0.395712962962963 0.05595833333333333 0.19780555555555554
2 0.27593229166666666 0.7499814814814815 0.07894270833333333 0.3282407407407407
2 0.772296875 0.5280555555555555 0.061078125 0.23484259259259258
2 0.7094479166666667 0.7303703703703703 0.09750520833333334 0.31151851851851853
2 0.5597864583333333 0.9177314814814814 0.09515104166666667 0.16453703703703704
0 0.4395208333333333 0.37935185185185183 0.012338541666666668 0.0265
2 0.8010989583333333 0.4604537037037037 0.044697916666666664 0.22852777777777777