5 0.31264583333333335 0.3736203703703704 0.16169791666666666 0.2285648148148148
2 0.17833333333333332 0.5922777777777778 0.06916666666666667 0.12159259259259259
2 0.496203125 0.8067407407407408 0.06113020833333334 0.27152777777777776
2 0.42998958333333337 0.6585833333333333 0.061265625 0.24936111111111112
3 0.5238854166666667 0.3586944444444444 0.043333333333333335 0.14310185185185187
2 0.755984375 0.5087962962962963 0.03697916666666667 0.19043518518518518
1 0.36980729166666665 0.401037037037037 0.056984375 0.14147222222222222
2 0.6032916666666667 0.6803703703703703 0.054510416666666665 0.26263888888888887
2 0.6516145833333333 0.5320370370370371 0.05254166666666667 0.1914722222222222
2 0.9725572916666666 0.4842592592592593 0.05488020833333333 0.16335185185185183
2 0.48033333333333333 0.6035462962962963 0.052083333333333336 0.2490740740740741
0 0.4529583333333333 0.46129629629629626 0.012177083333333333 0.021
2 0.7292135416666666 0.48315740740740737 0.04869270833333333 0.19594444444444445