3 0.5426927083333334 0.7208518518518519 0.07459895833333333 0.30572222222222223
3 0.6763750000000001 0.31935185185185183 0.022416666666666665 0.13533333333333333
5 0.8522447916666667 0.35132407407407407 0.1460625 0.18789814814814815
1 0.8314479166666667 0.3603981481481482 0.04468229166666667 0.16003703703703703
2 0.9058489583333333 0.5171574074074073 0.07547395833333333 0.1776574074074074
2 0.7944739583333333 0.46574074074074073 0.032625 0.17350925925925925
2 0.7801041666666666 0.49031481481481476 0.02696875 0.17046296296296296
2 0.4993177083333334 0.38625 0.022307291666666666 0.15266666666666667
2 0.521578125 0.46550925925925923 0.07432812500000001 0.1832962962962963
2 0.4070520833333333 0.3521111111111111 0.038734375 0.13217592592592592
2 0.3179166666666667 0.34194444444444444 0.021223958333333334 0.12944444444444445
2 0.222671875 0.3783148148148148 0.04398958333333333 0.14573148148148146
2 0.3181145833333333 0.5286203703703704 0.05575 0.21037962962962964
0 0.3326822916666667 0.3995925925925926 0.019817708333333333 0.033518518518518524