2 0.883140625 0.40209259259259256 0.04460416666666667 0.18405555555555556
2 0.660640625 0.6899907407407407 0.09079166666666666 0.2578333333333333
2 0.7903958333333333 0.4592222222222222 0.04065625 0.21725925925925924
2 0.6907447916666667 0.5747962962962962 0.040427083333333336 0.2634814814814815
2 0.6019635416666667 0.6064166666666666 0.057833333333333334 0.2781018518518519
2 0.7990364583333334 0.5365185185185186 0.04558854166666667 0.24256481481481484
2 0.7600520833333333 0.5359166666666666 0.06417708333333333 0.2466851851851852
2 0.5473750000000001 0.7535277777777777 0.13027083333333334 0.2853425925925926
5 0.17880729166666667 0.39395370370370375 0.21428125 0.30112037037037037
1 0.29476562500000003 0.40656481481481477 0.054468749999999996 0.18525925925925926
2 0.22440625 0.7375462962962962 0.10865104166666667 0.3185925925925926
2 0.46040625 0.9041018518518518 0.07891145833333332 0.19179629629629627
0 0.40953124999999996 0.31242592592592594 0.012281249999999999 0.022657407407407407