2 0.033177083333333336 0.6136296296296296 0.05903645833333333 0.26049074074074074
2 0.3649270833333333 0.6396574074074074 0.095625 0.24333333333333335
2 0.4076927083333333 0.695037037037037 0.09618750000000001 0.28871296296296295
2 0.34807812499999996 0.5189351851851852 0.039531250000000004 0.21307407407407408
2 0.448203125 0.48017592592592595 0.055260416666666666 0.19895370370370372
2 0.6688802083333333 0.42824074074074076 0.04847395833333333 0.17984259259259258
2 0.4711979166666667 0.48965740740740743 0.05240625 0.19941666666666666
2 0.574609375 0.35003703703703704 0.022364583333333334 0.1561574074074074
2 0.6459791666666667 0.3415925925925926 0.030026041666666666 0.11722222222222221
3 0.31495833333333334 0.31431481481481477 0.028374999999999997 0.1530277777777778
1 0.13961979166666666 0.372962962962963 0.044369791666666665 0.1975
5 0.146640625 0.35580555555555554 0.169515625 0.23181481481481483