5 0.18839062499999998 0.3822314814814815 0.20852083333333335 0.31383333333333335
2 0.7454427083333334 0.5476203703703704 0.06482291666666666 0.2746388888888889
2 0.81078125 0.5237407407407407 0.071296875 0.25251851851851853
2 0.48265625 0.7236851851851852 0.09173958333333333 0.30648148148148147
2 0.6535 0.5730185185185185 0.07765104166666667 0.2822222222222222
2 0.5750989583333334 0.5836759259259259 0.06486979166666666 0.26962037037037034
1 0.2916875 0.40167592592592594 0.051953125 0.19678703703703704
2 0.19013541666666667 0.7195370370370371 0.060333333333333336 0.33843518518518517
2 0.31765625 0.8801296296296296 0.089546875 0.23974074074074075
2 0.5925208333333334 0.6375833333333334 0.07615104166666667 0.26714814814814813
2 0.9012604166666667 0.3867777777777778 0.04226041666666667 0.19192592592592592
2 0.7757916666666667 0.44335185185185183 0.056130208333333334 0.21855555555555556