2 0.7134114583333333 0.5688333333333334 0.06482291666666666 0.2746388888888889
5 0.16623437500000002 0.38153703703703706 0.21935416666666668 0.2990185185185185
2 0.9484166666666667 0.6587222222222222 0.09707291666666666 0.2492777777777778
2 0.8570208333333333 0.5398981481481482 0.09483333333333334 0.2507314814814815
2 0.4614895833333333 0.6969351851851853 0.07143229166666668 0.3105277777777778
2 0.530875 0.5899814814814814 0.051083333333333335 0.28774074074074074
2 0.6106927083333333 0.5728148148148148 0.05342708333333333 0.28912037037037036
2 0.5493541666666667 0.6278611111111111 0.057479166666666665 0.3116759259259259
1 0.25642187499999997 0.41475925925925927 0.051333333333333335 0.20677777777777778
2 0.133546875 0.7054722222222222 0.07479687500000001 0.3541944444444444
0 0.30000520833333333 0.4200833333333333 0.014442708333333333 0.026685185185185187
2 0.9442708333333333 0.39858333333333335 0.04579166666666667 0.19424074074074074
2 0.105984375 0.8720833333333333 0.07973958333333334 0.2558425925925926
2 0.7577864583333334 0.4423425925925926 0.061875 0.24937962962962962