2 0.37944791666666666 0.7410555555555556 0.08828125 0.2821388888888889
5 0.13811979166666666 0.355287037037037 0.17167708333333334 0.2449537037037037
2 0.30493750000000003 0.6504351851851852 0.10139583333333334 0.24302777777777781
2 0.6707916666666667 0.4286111111111111 0.03978125 0.17933333333333334
2 0.43727604166666667 0.47850925925925925 0.05044270833333333 0.20591666666666666
1 0.12576041666666668 0.3750462962962963 0.0515 0.1960925925925926
3 0.30121875000000004 0.3121203703703703 0.031302083333333335 0.16498148148148148
0 0.41826041666666663 0.76125 0.018708333333333334 0.033851851851851855
2 0.569171875 0.34882407407407406 0.03833333333333333 0.15197222222222223
2 0.637609375 0.3306574074074074 0.026609375 0.11351851851851852
2 0.023786458333333333 0.6094722222222222 0.04558333333333333 0.24540740740740744
2 0.33541666666666664 0.508638888888889 0.03333333333333333 0.18641666666666667
2 0.45625 0.487962962962963 0.0625 0.20555555555555555