2 0.5095833333333333 0.49879629629629635 0.04330729166666667 0.20199074074074075
5 0.229890625 0.3651203703703704 0.177 0.24230555555555555
2 0.23210937499999998 0.541537037037037 0.06426041666666667 0.19230555555555556
2 0.5695625 0.5777777777777777 0.045119791666666666 0.22770370370370369
2 0.40368750000000003 0.5399814814814814 0.03779166666666667 0.2318888888888889
2 0.28785937500000003 0.5896203703703703 0.04650520833333334 0.25660185185185186
2 0.688109375 0.46161111111111114 0.06702083333333334 0.19182407407407406
3 0.3930729166666667 0.3364351851851852 0.033765625 0.16025
1 0.2275572916666667 0.4142777777777778 0.06398958333333334 0.15998148148148147
2 0.7771145833333333 0.5289537037037036 0.047921875 0.18176851851851852
2 0.9070677083333333 0.46687962962962964 0.05369270833333333 0.18188888888888888
2 0.7425260416666667 0.5573518518518519 0.03906770833333333 0.21100925925925926
2 0.6557760416666666 0.42691666666666667 0.05427083333333334 0.18071296296296296
2 0.07414583333333334 0.7076851851851852 0.06565104166666666 0.29530555555555554
0 0.29520312499999996 0.4341111111111111 0.011713541666666666 0.016287037037037037