5 0.09755208333333334 0.3744722222222222 0.19453645833333333 0.28885185185185186
2 0.6162760416666667 0.6628425925925926 0.06476041666666667 0.29857407407407405
2 0.83475 0.6530092592592592 0.072609375 0.2579814814814815
2 0.8879374999999999 0.5322962962962963 0.058578125 0.23357407407407407
2 0.38352083333333337 0.6978333333333333 0.05559375 0.3073240740740741
2 0.4420364583333333 0.5869722222222222 0.07682291666666667 0.34902777777777777
2 0.5378854166666667 0.5212962962962963 0.07684375 0.3044351851851852
2 0.4625625 0.6182314814814815 0.05792708333333333 0.319212962962963
1 0.126953125 0.4300185185185185 0.07123958333333333 0.20149074074074075
2 0.9444739583333334 0.39144444444444443 0.06948958333333333 0.20305555555555557
2 0.6473802083333333 0.44610185185185186 0.057921875 0.22025925925925927
0 0.30315624999999996 0.31995370370370374 0.023375 0.03825