1 0.50559375 0.4196666666666667 0.05676041666666667 0.1585925925925926
2 0.8628281250000001 0.5328333333333334 0.04934895833333333 0.19333333333333336
5 0.30371354166666664 0.36418518518518517 0.1662604166666667 0.22935185185185183
2 0.370296875 0.6475092592592592 0.07515104166666667 0.2728796296296296
2 0.6508802083333334 0.7388796296296296 0.093953125 0.3184074074074074
2 0.6066197916666667 0.8557870370370371 0.09389583333333333 0.28841666666666665
3 0.7475572916666666 0.42992592592592593 0.047463541666666664 0.18828703703703703
2 0.9198333333333333 0.4992222222222222 0.03969270833333333 0.14830555555555555
2 0.7977916666666667 0.8606203703703704 0.07557291666666667 0.27875925925925926
0 0.48869270833333334 0.41125 0.008755208333333332 0.01649074074074074
2 0.9088385416666667 0.5882222222222222 0.05873958333333333 0.22131481481481483