2 0.7589375 0.5552037037037038 0.05716145833333333 0.21030555555555555
5 0.30099479166666665 0.36972222222222223 0.17235416666666667 0.22324074074074074
2 0.19984895833333333 0.5683981481481482 0.077625 0.1874537037037037
2 0.5657864583333333 0.6652222222222223 0.06402083333333333 0.2800092592592593
2 0.509765625 0.7557037037037037 0.07966145833333332 0.3049722222222222
2 0.8245677083333334 0.5478055555555555 0.043984375 0.20587962962962963
3 0.6341927083333334 0.39311111111111113 0.03791666666666667 0.16702777777777778
1 0.4763541666666667 0.4430185185185185 0.056838541666666666 0.10989814814814815
2 0.8170000000000001 0.5016759259259259 0.07528125 0.1944722222222222
2 0.674203125 0.7727037037037037 0.05855208333333333 0.29545370370370366
0 0.496875 0.48487037037037034 0.011859375 0.015305555555555557