5 0.5850885416666666 0.3293240740740741 0.1314375 0.1759814814814815
2 0.139671875 0.48522222222222217 0.050130208333333336 0.21037962962962964
3 0.41778645833333333 0.7121018518518519 0.0666875 0.30662962962962964
2 0.5994739583333334 0.5544166666666667 0.08023958333333334 0.21764814814814815
3 0.42614583333333333 0.3068888888888889 0.029166666666666667 0.12976851851851853
2 0.34052083333333333 0.47405555555555556 0.0755625 0.16780555555555554
2 0.20148958333333333 0.34902777777777777 0.05068229166666667 0.13403703703703704
2 0.26315625 0.38695370370370374 0.039864583333333335 0.14998148148148147
2 0.16974479166666667 0.30707407407407405 0.031697916666666666 0.13352777777777777
2 0.5245624999999999 0.45946296296296296 0.053411458333333335 0.18129629629629632
2 0.8045989583333333 0.4522777777777778 0.051859375 0.16847222222222222
1 0.5942500000000001 0.3371018518518518 0.051041666666666666 0.15185185185185185
2 0.9815520833333333 0.4769166666666667 0.036890624999999996 0.1910648148148148
0 0.5608333333333333 0.5118333333333334 0.014322916666666666 0.02726851851851852