5 0.18839062499999998 0.3822314814814815 0.20852083333333335 0.31383333333333335
2 0.7618125 0.5388611111111111 0.06482291666666666 0.2523148148148148
2 0.8854062500000001 0.39969444444444446 0.04932291666666667 0.19622222222222221
2 0.5592395833333333 0.7676388888888889 0.1203125 0.29680555555555554
2 0.6980260416666667 0.5910740740740741 0.052708333333333336 0.2961018518518519
2 0.6091041666666667 0.6057962962962963 0.067125 0.2801666666666667
1 0.29864583333333333 0.40197222222222223 0.05667708333333333 0.18993518518518518
2 0.24332291666666667 0.7419722222222223 0.1070625 0.3235
2 0.6705260416666667 0.7012407407407407 0.104578125 0.2523240740740741
2 0.7953541666666666 0.5361388888888888 0.044041666666666666 0.23787037037037034
2 0.49392708333333335 0.9053611111111111 0.07444270833333334 0.18927777777777777
2 0.777890625 0.4557592592592593 0.0663125 0.20702777777777778
0 0.42034374999999996 0.33346296296296296 0.010333333333333333 0.019166666666666665