3 0.37182291666666667 0.7135925925925926 0.08030208333333334 0.3018796296296296
3 0.394484375 0.3048796296296296 0.025848958333333335 0.12912037037037036
5 0.5545000000000001 0.32760185185185187 0.13 0.16885185185185186
1 0.5718697916666666 0.3400925925925926 0.04770833333333333 0.15171296296296297
2 0.6099322916666666 0.5221296296296296 0.07141666666666667 0.16582407407407407
2 0.5173385416666666 0.4559722222222222 0.03294791666666667 0.16951851851851854
2 0.4954635416666667 0.46775 0.032067708333333333 0.16249074074074074
2 0.2936197916666667 0.4870277777777778 0.08081770833333332 0.16785185185185186
2 0.228578125 0.3866759259259259 0.032656250000000005 0.15419444444444444
2 0.16643229166666668 0.3484074074074074 0.04722395833333334 0.13775925925925925
2 0.09954687499999999 0.3242962962962963 0.025708333333333333 0.12976851851851853
2 0.08982291666666667 0.5186759259259259 0.047046875 0.20657407407407408
2 0.7867552083333333 0.45010185185185186 0.03525520833333333 0.16774074074074075
0 0.6169270833333333 0.567925925925926 0.017 0.03529629629629629
2 0.9707343749999999 0.47026851851851853 0.04639583333333333 0.18949074074074074
2 0.6508541666666667 0.5938796296296296 0.08553125 0.25016666666666665