5 0.10816145833333332 0.3911851851851852 0.21632291666666664 0.33144444444444443
2 0.411140625 0.6958518518518518 0.06758854166666667 0.31762962962962965
2 0.035375000000000004 0.7063333333333334 0.07075000000000001 0.3488981481481481
2 0.637375 0.6385555555555555 0.06277604166666667 0.2947222222222222
2 0.8630364583333333 0.6451296296296296 0.07475520833333334 0.256
2 0.9448333333333333 0.4005092592592593 0.050609375 0.19023148148148147
2 0.893 0.5069074074074075 0.0485 0.19994444444444445
2 0.674046875 0.44442592592592595 0.061125 0.22125925925925927
2 0.5672864583333334 0.5213703703703704 0.09239062499999999 0.3079537037037037
2 0.49185416666666665 0.612675925925926 0.05090104166666667 0.33089814814814816
1 0.16215624999999997 0.4239907407407408 0.08785416666666666 0.2189537037037037
0 0.2543854166666667 0.3167962962962963 0.01942708333333333 0.03023148148148148
2 0.464625 0.5896203703703703 0.08080729166666667 0.3121203703703703