5 0.15331770833333333 0.362287037037037 0.20852083333333335 0.31383333333333335
2 0.6898385416666667 0.5881481481481482 0.06466145833333334 0.2952592592592593
2 0.912625 0.6523703703703703 0.075703125 0.24719444444444447
2 0.8904895833333334 0.54125 0.08244791666666668 0.24133333333333332
2 0.45003645833333333 0.6979907407407407 0.06974999999999999 0.31156481481481485
2 0.50165625 0.5899907407407408 0.05620833333333333 0.29844444444444446
2 0.6047083333333333 0.5707685185185185 0.08221354166666667 0.28503703703703703
2 0.5304947916666667 0.6257777777777778 0.05422916666666667 0.3128518518518518
1 0.23564583333333333 0.41644444444444445 0.06166666666666667 0.20340740740740743
2 0.0988125 0.6879814814814814 0.061453125 0.32053703703703706
2 0.7300572916666667 0.44925925925925925 0.05850520833333333 0.20762037037037037
2 0.9467864583333333 0.4043333333333333 0.06813541666666666 0.1809074074074074
2 0.032838541666666665 0.8610833333333333 0.064328125 0.2778333333333333