2 0.6695104166666667 0.5085462962962963 0.092515625 0.1775925925925926
2 0.7267552083333333 0.6421944444444445 0.07877604166666667 0.2747037037037037
2 0.329859375 0.48534259259259255 0.07465625000000001 0.2175925925925926
5 0.5967604166666667 0.32834259259259263 0.1385625 0.1816111111111111
2 0.8274635416666667 0.4510462962962963 0.029229166666666664 0.1737037037037037
2 0.11597916666666667 0.5328518518518519 0.039859375 0.23170370370370372
2 0.20344270833333333 0.34502777777777777 0.05445833333333334 0.13937037037037037
2 0.27211979166666667 0.380212962962963 0.036843749999999995 0.15223148148148147
2 0.5546822916666667 0.4668240740740741 0.04340104166666667 0.18673148148148147
1 0.612125 0.3448703703703703 0.05584895833333334 0.15912037037037036
3 0.391171875 0.717462962962963 0.045411458333333335 0.31815740740740744
0 0.6959166666666667 0.5500185185185185 0.010906250000000001 0.01887962962962963