5 0.17896354166666667 0.39842592592592596 0.215234375 0.2950833333333333
2 0.8172916666666666 0.6234074074074074 0.06482291666666666 0.2746388888888889
2 0.9526822916666667 0.42986111111111114 0.06808854166666665 0.17626851851851852
2 0.6973958333333333 0.6259907407407408 0.057255208333333335 0.30925925925925923
1 0.4095625 0.3614722222222222 0.038057291666666666 0.16
2 0.393828125 0.8288981481481482 0.08811458333333334 0.34221296296296294
2 0.842578125 0.8579074074074073 0.12446354166666666 0.2841851851851852
2 0.8567760416666667 0.5290833333333333 0.046901041666666664 0.23553703703703704
0 0.5231458333333333 0.3435740740740741 0.012364583333333333 0.021314814814814814
2 0.8200729166666666 0.5632037037037037 0.11418750000000001 0.19067592592592594
2 0.8648385416666666 0.46028703703703705 0.048015625 0.2162037037037037