5 0.17950520833333333 0.3734444444444444 0.22153124999999999 0.33299074074074075
2 0.47111458333333334 0.723712962962963 0.07575 0.33635185185185185
2 0.166484375 0.7158425925925926 0.060098958333333334 0.35209259259259257
2 0.9149114583333334 0.3930648148148148 0.059166666666666666 0.19568518518518518
2 0.8351979166666667 0.5328148148148149 0.059958333333333336 0.25546296296296295
2 0.7293333333333333 0.5619444444444445 0.07795833333333334 0.25272222222222224
2 0.6415833333333333 0.5649722222222222 0.07016666666666667 0.29480555555555554
2 0.573703125 0.6518240740740741 0.09344791666666666 0.3283611111111111
1 0.2873958333333333 0.40270370370370373 0.057479166666666665 0.21339814814814814
2 0.7788072916666666 0.4462777777777778 0.05607291666666667 0.23607407407407408
2 0.25136458333333334 0.8753611111111111 0.08196874999999999 0.24925925925925924
2 0.5581614583333334 0.5938333333333333 0.08680729166666666 0.3024907407407407
0 0.344296875 0.2944907407407408 0.011276041666666665 0.021546296296296296