2 0.6149218750000001 0.6803796296296296 0.060796875 0.23302777777777778
5 0.3028645833333333 0.37025 0.16763541666666668 0.23039814814814816
1 0.40502083333333333 0.4033148148148148 0.048359374999999996 0.14491666666666667
2 0.170515625 0.5895277777777779 0.0856875 0.1269722222222222
2 0.5784583333333334 0.8503055555555556 0.10830729166666667 0.2993796296296296
2 0.46053645833333334 0.6765648148148149 0.05648958333333333 0.26413888888888887
2 0.5103958333333334 0.6210277777777778 0.052057291666666665 0.25487037037037036
2 0.7483802083333334 0.4837962962962963 0.045375000000000006 0.18982407407407406
3 0.551453125 0.3661388888888889 0.038078125 0.1449074074074074
2 0.7663541666666667 0.5244814814814815 0.055427083333333335 0.19275925925925927
2 0.6788124999999999 0.5416574074074074 0.05555729166666667 0.2037037037037037
0 0.465953125 0.4509444444444444 0.007671875 0.012953703703703703