5 0.22945833333333335 0.36666666666666664 0.17786979166666667 0.24538888888888888
2 0.5141666666666667 0.49895370370370373 0.04309895833333333 0.19735185185185183
2 0.5582760416666667 0.5745648148148148 0.041651041666666666 0.21511111111111111
2 0.6842083333333334 0.4654722222222222 0.05052604166666667 0.18101851851851852
3 0.3949739583333333 0.3366018518518518 0.03255729166666667 0.15931481481481483
2 0.7911770833333333 0.5289537037037036 0.040630208333333334 0.18176851851851852
2 0.9048958333333333 0.47382407407407406 0.04935416666666667 0.1618240740740741
2 0.756953125 0.5690833333333334 0.0556875 0.22644444444444445
2 0.6540364583333333 0.42768518518518517 0.036911458333333334 0.17916666666666667
2 0.09753645833333334 0.7072222222222222 0.06294270833333333 0.29067592592592595
0 0.27735937499999996 0.46368518518518514 0.012052083333333333 0.021666666666666664
2 0.7235260416666667 0.42669444444444443 0.03558854166666667 0.15895370370370368
1 0.232765625 0.4201388888888889 0.06919791666666668 0.15444444444444447
2 0.23123958333333333 0.5515648148148149 0.07467708333333332 0.1691574074074074
2 0.28785937500000003 0.5888796296296296 0.04650520833333334 0.2488240740740741
2 0.385609375 0.5395 0.05743229166666666 0.22571296296296298