5 0.18805208333333334 0.3847407407407407 0.20852083333333335 0.29137962962962966
2 0.7283020833333332 0.5798148148148149 0.08344791666666666 0.26875
2 0.9677916666666667 0.6576296296296297 0.06353645833333334 0.22694444444444445
2 0.8482447916666668 0.5424166666666667 0.085859375 0.24739814814814814
2 0.46815625 0.702962962962963 0.068 0.31072222222222223
2 0.5404322916666667 0.5939814814814814 0.054411458333333336 0.2855
2 0.6287343750000001 0.5712777777777778 0.065171875 0.2830925925925926
2 0.5602135416666666 0.6267777777777778 0.06922395833333334 0.3082962962962963
1 0.27509895833333337 0.41626851851851854 0.04955208333333334 0.1973425925925926
2 0.14619791666666665 0.690787037037037 0.069234375 0.2999907407407407
2 0.17302083333333332 0.8707407407407407 0.09576562500000001 0.2565925925925926
2 0.9275572916666667 0.39713888888888893 0.06428645833333334 0.19043518518518518
2 0.772765625 0.44935185185185184 0.06114583333333334 0.2248703703703704
0 0.3213697916666666 0.35547222222222224 0.017213541666666665 0.03287037037037037