5 0.17467708333333334 0.36869444444444444 0.17068750000000002 0.23878703703703702
2 0.37763020833333333 0.5194351851851852 0.06774479166666666 0.2193425925925926
2 0.677296875 0.4427685185185185 0.03472916666666667 0.17799074074074073
2 0.44564583333333335 0.5263055555555555 0.039125 0.2139259259259259
1 0.17882291666666666 0.3871759259259259 0.039734375 0.2018425925925926
2 0.5086927083333334 0.6503148148148148 0.07738020833333333 0.26375925925925925
3 0.33445312499999996 0.3259814814814815 0.03590104166666667 0.15724074074074074
0 0.532625 0.5538981481481482 0.015401041666666667 0.025203703703703704
2 0.09749999999999999 0.6140462962962963 0.07377083333333333 0.2469814814814815
2 0.48987499999999995 0.4811759259259259 0.04967708333333333 0.13607407407407407
2 0.47095312500000003 0.6230925925925926 0.0545 0.2267962962962963
2 0.5931302083333333 0.37250925925925926 0.04833333333333333 0.13567592592592592
2 0.6629843750000001 0.36753703703703705 0.021895833333333333 0.12434259259259259
2 0.9438072916666667 0.6815555555555556 0.05352083333333334 0.17030555555555557