2 0.94503125 0.4027685185185185 0.051796875 0.1719074074074074
2 0.5394114583333334 0.6244259259259259 0.056734375000000004 0.3085833333333333
2 0.7440625 0.4512037037037037 0.055322916666666666 0.20602777777777778
2 0.6049687499999999 0.5764814814814815 0.06540625 0.27727777777777773
2 0.5229166666666667 0.5927129629629629 0.054463541666666664 0.3036851851851852
0 0.28680729166666663 0.3812037037037037 0.013583333333333333 0.02659259259259259
2 0.8803802083333333 0.5413518518518519 0.07164583333333334 0.24110185185185184
2 0.9280781250000001 0.6588888888888889 0.070515625 0.24412962962962964
2 0.7017083333333333 0.5764166666666667 0.05975 0.28815740740740736
2 0.46025 0.698962962962963 0.07690625 0.3096203703703704
5 0.15777083333333333 0.38457407407407407 0.218125 0.3044907407407408
1 0.24673958333333335 0.42183333333333334 0.060125 0.20021296296296295
2 0.10933854166666666 0.6974444444444444 0.058192708333333336 0.3426111111111111
2 0.05836458333333334 0.8661481481481482 0.10213020833333333 0.2677037037037037