2 0.5988645833333333 0.6734351851851851 0.058192708333333336 0.24691666666666667
5 0.3028645833333333 0.3725648148148148 0.16763541666666668 0.23502777777777778
1 0.3626979166666667 0.39714814814814814 0.05828645833333333 0.14491666666666667
2 0.18392187499999998 0.5895277777777779 0.06563020833333334 0.13006481481481483
2 0.46127083333333335 0.8001388888888888 0.08053125 0.2885740740740741
2 0.4284166666666666 0.6489166666666667 0.05648958333333333 0.2515462962962963
2 0.47874479166666667 0.591824074074074 0.05994270833333334 0.23919444444444443
2 0.7249427083333334 0.4729907407407407 0.045375000000000006 0.18982407407407406
2 0.9608802083333334 0.4829074074074074 0.07117708333333334 0.16203703703703703
3 0.51909375 0.3562037037037037 0.034515625 0.1555462962962963
2 0.748125 0.5044166666666666 0.048484375 0.19275925925925927
2 0.6393125000000001 0.5262314814814815 0.04774479166666667 0.19444444444444445
0 0.4471614583333333 0.45387962962962963 0.01059375 0.01935185185185185