5 0.16242187500000002 0.36898148148148147 0.18487499999999998 0.25001851851851853
2 0.07528645833333333 0.6097222222222223 0.055374999999999994 0.2614259259259259
2 0.43199479166666666 0.6355833333333333 0.07030208333333333 0.2596481481481482
2 0.49797395833333336 0.6538611111111111 0.07443749999999999 0.2693611111111111
2 0.4452916666666667 0.5103888888888889 0.04197395833333333 0.18187962962962964
2 0.49264583333333334 0.5002962962962964 0.051432291666666664 0.19096296296296297
2 0.3661770833333333 0.5202407407407408 0.05753645833333333 0.22816666666666666
2 0.6772604166666666 0.43928703703703703 0.043234375000000005 0.17241666666666666
2 0.6596458333333334 0.3623240740740741 0.023630208333333333 0.11415740740740742
2 0.5855885416666666 0.3687037037037037 0.034505208333333336 0.14447222222222222
3 0.3298125 0.327037037037037 0.0313125 0.15623148148148147
1 0.16678125000000002 0.3821759259259259 0.04764583333333334 0.1988148148148148
2 0.9669270833333333 0.6893333333333334 0.06614583333333333 0.16015740740740741
0 0.5300104166666667 0.6141388888888889 0.014348958333333333 0.028296296296296295