5 0.7012031249999999 0.3259444444444444 0.14047395833333332 0.18431481481481482
2 0.3398645833333333 0.4320185185185185 0.045932291666666666 0.1715462962962963
2 0.32859374999999996 0.3361018518518519 0.052510416666666664 0.13069444444444445
2 0.6607135416666666 0.8043333333333332 0.07982291666666666 0.35283333333333333
2 0.9146041666666667 0.46092592592592596 0.046947916666666666 0.19125925925925927
3 0.18682291666666667 0.6080462962962964 0.06316145833333334 0.27451851851851855
3 0.5079947916666667 0.3081296296296296 0.033213541666666666 0.14222222222222222
2 0.6924583333333333 0.4638981481481481 0.05936458333333334 0.16546296296296295
2 0.5363697916666667 0.4240833333333333 0.042499999999999996 0.1712962962962963
2 0.4751666666666667 0.41485185185185186 0.03409375 0.15646296296296294
2 0.3928854166666667 0.3877407407407407 0.04305208333333333 0.15603703703703706
2 0.204125 0.41550925925925924 0.050958333333333335 0.18101851851851852
1 0.6587760416666666 0.3366018518518518 0.04619270833333333 0.17227777777777778
0 0.2916458333333333 0.3028888888888889 0.01371875 0.022944444444444444