2 0.25446874999999997 0.8041574074074074 0.07965104166666667 0.3916759259259259
0 0.28992708333333334 0.6311574074074073 0.021833333333333333 0.04036111111111111
2 0.114046875 0.6630185185185185 0.06365625 0.2606851851851852
2 0.22121875 0.5479907407407408 0.06894270833333334 0.24170370370370373
2 0.31742708333333336 0.474962962962963 0.043890624999999996 0.21059259259259258
2 0.33981770833333336 0.4858333333333334 0.04884895833333334 0.20724074074074073
2 0.9050104166666666 0.4114074074074074 0.041588541666666666 0.14950925925925926
2 0.5486302083333333 0.42562037037037037 0.030875 0.17792592592592593
2 0.5285885416666667 0.32449074074074075 0.038984374999999995 0.1428425925925926
2 0.44734375 0.34850925925925924 0.042234375000000005 0.14699074074074073
3 0.1594375 0.3184166666666667 0.04357291666666666 0.1620462962962963
5 0.036203125 0.34076851851851847 0.07241145833333333 0.20049074074074075