2 0.886390625 0.39902777777777776 0.05069270833333333 0.1858611111111111
2 0.6952552083333334 0.7286111111111111 0.10114583333333332 0.29825
2 0.7999375000000001 0.45741666666666664 0.04065625 0.21725925925925924
2 0.695921875 0.5858055555555555 0.077984375 0.2660092592592593
2 0.6132291666666667 0.6100277777777778 0.07793229166666667 0.2781018518518519
2 0.8026927083333334 0.5305648148148148 0.039906250000000004 0.23065740740740742
2 0.7703072916666667 0.5312222222222223 0.06559895833333333 0.24018518518518517
2 0.5944531249999999 0.7823703703703704 0.08701041666666667 0.2853425925925926
5 0.17880729166666667 0.39395370370370375 0.21428125 0.30112037037037037
1 0.30907291666666664 0.3976851851851852 0.055010416666666666 0.18862037037037038
2 0.272265625 0.7439444444444445 0.08346354166666667 0.3185925925925926
2 0.5531302083333334 0.9182407407407408 0.07859375 0.1635185185185185
0 0.4357239583333333 0.3832685185185185 0.011291666666666667 0.021916666666666668