2 0.29546875 0.3805 0.051395833333333335 0.1225925925925926
2 0.6848854166666667 0.8059814814814815 0.08794270833333333 0.34508333333333335
3 0.1855625 0.6395370370370371 0.06367708333333334 0.28264814814814815
3 0.5118125 0.3059537037037037 0.024265625000000002 0.12912037037037036
5 0.7043541666666666 0.3344722222222222 0.134953125 0.18212037037037038
1 0.6459947916666666 0.34124074074074073 0.04030208333333333 0.15881481481481483
2 0.4470208333333333 0.4278240740740741 0.043708333333333335 0.14501851851851852
2 0.5100416666666666 0.4235462962962963 0.036223958333333334 0.1681388888888889
2 0.3748020833333333 0.38369444444444445 0.040713541666666665 0.13475
2 0.34690104166666663 0.35953703703703704 0.03274479166666667 0.13133333333333333
2 0.37990625 0.4297037037037037 0.031359375 0.14600000000000002
2 0.9130729166666666 0.46346296296296297 0.040192708333333334 0.1835277777777778
0 0.3192291666666666 0.3541296296296296 0.010906250000000001 0.02153703703703704
2 0.6935677083333334 0.4648981481481481 0.05578125 0.16489814814814815
2 0.17269791666666665 0.43004629629629626 0.049015625 0.17339814814814816
2 0.011916666666666666 0.4075462962962963 0.023828125 0.17098148148148148
2 0.9889843749999999 0.5953518518518519 0.022026041666666666 0.24375