3 0.5426927083333334 0.7208518518518519 0.07459895833333333 0.30572222222222223
3 0.6819322916666667 0.3198425925925926 0.022416666666666665 0.13533333333333333
5 0.8522447916666667 0.35132407407407407 0.1460625 0.18789814814814815
1 0.8314479166666667 0.3603981481481482 0.04468229166666667 0.16003703703703703
2 0.9080729166666667 0.5171574074074073 0.07102604166666666 0.1776574074074074
2 0.8003072916666666 0.46475 0.03707291666666667 0.17350925925925925
2 0.7842708333333334 0.4888333333333334 0.02696875 0.17046296296296296
2 0.5012604166666667 0.38575925925925925 0.022307291666666666 0.15266666666666667
2 0.520328125 0.46550925925925923 0.06516145833333334 0.1832962962962963
2 0.40288541666666666 0.3531018518518519 0.04206770833333333 0.13217592592592592
2 0.317640625 0.3429351851851852 0.021223958333333334 0.12944444444444445
2 0.22072916666666667 0.38102777777777774 0.04621354166666667 0.14721296296296296
2 0.3129739583333333 0.5286203703703704 0.067140625 0.2182777777777778
0 0.29735416666666664 0.4332407407407407 0.015421875 0.03712037037037037