5 0.15020833333333333 0.3818796296296296 0.20852083333333335 0.31383333333333335
2 0.66640625 0.6024814814814814 0.05638541666666667 0.2821018518518519
2 0.8922552083333334 0.6417129629629629 0.07220312499999999 0.24996296296296294
2 0.8887864583333334 0.5312314814814815 0.09715625 0.24157407407407405
2 0.432015625 0.6994537037037036 0.060796875 0.30560185185185185
2 0.4781458333333333 0.5887129629629629 0.08878125 0.30168518518518517
2 0.5934427083333333 0.5468796296296297 0.08161979166666668 0.3010277777777778
2 0.5165677083333333 0.623675925925926 0.055151041666666664 0.31975
1 0.19897916666666668 0.42112962962962963 0.07830729166666667 0.20793518518518517
2 0.9470729166666667 0.4034537037037037 0.056338541666666665 0.19239814814814815
2 0.06543229166666667 0.6971203703703703 0.08014583333333333 0.3436296296296296
2 0.7045781249999999 0.44184259259259256 0.057026041666666666 0.20482407407407408
0 0.24701041666666665 0.3271759259259259 0.022338541666666666 0.03439814814814815