1 0.49990104166666666 0.42175 0.055760416666666666 0.1465
2 0.8276770833333333 0.54425 0.04674479166666667 0.20568518518518517
5 0.3047708333333333 0.37025925925925923 0.16723958333333336 0.22955555555555554
2 0.2953072916666667 0.6040185185185185 0.06925 0.2346388888888889
2 0.6228958333333333 0.6968425925925926 0.055338541666666664 0.27537962962962964
2 0.5653958333333333 0.8324537037037036 0.06838020833333333 0.33508333333333334
3 0.7029635416666667 0.42165740740740737 0.05103645833333333 0.1870925925925926
2 0.871328125 0.5162314814814815 0.05965625 0.19460185185185183
2 0.7534375 0.8440555555555556 0.07177083333333334 0.3087962962962963
0 0.476875 0.41837037037037034 0.00828125 0.01637962962962963
2 0.8826302083333334 0.5640000000000001 0.04311458333333333 0.21050925925925926