5 0.16930729166666666 0.3711111111111111 0.17284375000000002 0.24266666666666664
2 0.10860416666666667 0.6206759259259259 0.08214583333333333 0.2567962962962963
2 0.48979687499999996 0.6212777777777778 0.0654375 0.24069444444444443
2 0.5381614583333333 0.6333518518518518 0.0471875 0.27646296296296297
2 0.4444270833333333 0.5379074074074075 0.04544791666666667 0.21908333333333335
2 0.49828645833333335 0.49943518518518515 0.06688541666666666 0.14087037037037037
2 0.3925572916666667 0.527962962962963 0.06039583333333333 0.23742592592592593
2 0.6842760416666667 0.44795370370370374 0.042109375 0.17219444444444446
2 0.6644166666666667 0.378037037037037 0.02796875 0.1270740740740741
2 0.5932447916666667 0.3779351851851852 0.047078125 0.15373148148148147
3 0.339359375 0.33629629629629626 0.03075 0.16857407407407407
1 0.18911458333333334 0.3899444444444444 0.03984895833333334 0.19745370370370371
2 0.9055677083333333 0.6642962962962964 0.07743229166666667 0.20572222222222222
0 0.49247916666666663 0.48870370370370364 0.016505208333333334 0.02760185185185185