5 0.5949687499999999 0.3324259259259259 0.15713541666666667 0.20467592592592593
2 0.19136979166666668 0.46843518518518523 0.04456770833333333 0.1859537037037037
2 0.3573541666666667 0.4700462962962963 0.08519791666666668 0.1617962962962963
2 0.23648958333333334 0.3466018518518518 0.05040625 0.1439814814814815
2 0.2958385416666667 0.38357407407407407 0.036109375 0.14428703703703705
2 0.5971354166666667 0.554324074074074 0.05282291666666667 0.18688888888888888
2 0.8348229166666666 0.4561018518518518 0.05194791666666666 0.17793518518518517
3 0.44257291666666665 0.7124537037037038 0.06721875000000001 0.30892592592592594
3 0.45405729166666664 0.3065 0.030291666666666665 0.13625925925925925
1 0.6178489583333333 0.33666666666666667 0.050979166666666666 0.14925925925925926
0 0.47284895833333335 0.40725 0.015494791666666667 0.02661111111111111