5 0.18076041666666667 0.3697962962962963 0.17389583333333333 0.23067592592592592
3 0.3465520833333333 0.3380092592592593 0.04022395833333334 0.16472222222222221
2 0.20208333333333334 0.6188240740740741 0.11458333333333333 0.22900925925925927
2 0.34657812499999996 0.565962962962963 0.080453125 0.23687037037037037
2 0.47981250000000003 0.507787037037037 0.05878125 0.20764814814814814
2 0.9117760416666666 0.4735 0.038135416666666665 0.17318518518518516
2 0.7552708333333332 0.5501203703703703 0.04697916666666667 0.1680462962962963
2 0.6322500000000001 0.5538981481481482 0.06466666666666666 0.20037962962962963
2 0.5426875 0.5756666666666667 0.05204166666666667 0.21059259259259258
2 0.027385416666666666 0.7313888888888889 0.054765625000000005 0.3059907407407408
2 0.40316145833333333 0.5579907407407407 0.09401041666666667 0.17612037037037037
2 0.6028072916666667 0.40267592592592594 0.06533333333333333 0.15355555555555556
2 0.6672604166666667 0.4520555555555556 0.037989583333333334 0.18065740740740743
0 0.352109375 0.5107685185185186 0.012010416666666666 0.020407407407407405
1 0.20833333333333334 0.38225 0.04375 0.1910462962962963