5 0.7015572916666667 0.3294074074074074 0.13671875 0.1701388888888889
2 0.6871041666666666 0.8094907407407408 0.093390625 0.3441666666666667
2 0.9175989583333333 0.4642685185185185 0.04778645833333333 0.18594444444444444
1 0.6455 0.3385740740740741 0.041484375000000004 0.15816666666666665
3 0.5095260416666666 0.3053240740740741 0.034234375000000004 0.12987037037037036
2 0.44134375 0.41040740740740744 0.029989583333333333 0.1347962962962963
2 0.47418229166666664 0.42053703703703704 0.049562499999999995 0.14862037037037037
2 0.14465104166666667 0.44549074074074074 0.039046875 0.18996296296296297
2 0.6743906249999999 0.45875925925925926 0.03988020833333333 0.15850925925925927
3 0.23663020833333331 0.6444537037037037 0.06409375 0.26990740740740743
2 0.07490625 0.4050092592592593 0.048052083333333336 0.16110185185185186
2 0.41206770833333334 0.4023148148148148 0.03251041666666667 0.1450648148148148
0 0.36955208333333334 0.31875 0.011567708333333334 0.01900925925925926