5 0.7776458333333333 0.3398333333333333 0.15630729166666668 0.20466666666666666
2 0.28041666666666665 0.5383888888888889 0.042874999999999996 0.2295
2 0.9421145833333333 0.6582037037037037 0.08828125 0.23734259259259258
2 0.477671875 0.4730185185185185 0.089703125 0.1978888888888889
2 0.177390625 0.37049074074074073 0.032890625 0.11707407407407407
2 0.36966666666666664 0.35234259259259254 0.047489583333333335 0.14633333333333332
2 0.4442083333333333 0.37432407407407403 0.029557291666666666 0.1578888888888889
2 0.7220677083333332 0.4779814814814815 0.02422916666666667 0.1559722222222222
3 0.6101666666666666 0.31507407407407406 0.028119791666666668 0.14016666666666666
1 0.776734375 0.34771296296296295 0.0560625 0.14819444444444446
3 0.5187708333333333 0.719462962962963 0.07938541666666667 0.2996388888888889
2 0.8545260416666667 0.5261759259259259 0.09264583333333333 0.18453703703703705
0 0.6504114583333334 0.39725925925925926 0.016057291666666664 0.02948148148148148
2 0.7427239583333333 0.48483333333333334 0.017984375 0.1564537037037037