5 0.7064374999999999 0.33742592592592596 0.13671875 0.1701388888888889
3 0.18976041666666665 0.5795277777777778 0.054322916666666665 0.2616203703703704
2 0.9157135416666667 0.4671666666666667 0.04594270833333333 0.18674074074074073
1 0.6618020833333333 0.33862037037037035 0.04036979166666667 0.1648148148148148
3 0.5120260416666667 0.30721296296296297 0.026020833333333333 0.12845370370370368
2 0.335796875 0.4329537037037037 0.03468229166666667 0.16837037037037036
2 0.6390364583333333 0.7989722222222222 0.06647395833333333 0.34625925925925927
2 0.3965052083333333 0.38237037037037036 0.04417708333333333 0.15319444444444444
2 0.187921875 0.3684907407407408 0.030010416666666664 0.14787962962962964
2 0.7019010416666667 0.4658611111111111 0.04523958333333333 0.16192592592592592
2 0.4730052083333333 0.4141388888888889 0.02805208333333333 0.15849074074074074
2 0.323828125 0.3156481481481481 0.04534375 0.0693425925925926
2 0.5412239583333334 0.4228425925925926 0.025322916666666664 0.16012962962962962
0 0.3616354166666667 0.3701111111111111 0.012114583333333335 0.02175
2 0.22308333333333333 0.42248148148148146 0.033666666666666664 0.1676574074074074