2 0.6864479166666667 0.8059814814814815 0.08571354166666666 0.34508333333333335
3 0.21360416666666668 0.640925925925926 0.06951041666666667 0.28264814814814815
3 0.5118125 0.3059537037037037 0.024265625000000002 0.12912037037037036
5 0.7043541666666666 0.3344722222222222 0.134953125 0.18212037037037038
1 0.6425208333333334 0.3405 0.03490625 0.15733333333333333
2 0.433625 0.4222222222222222 0.04196875 0.14355555555555555
2 0.4905208333333333 0.42066666666666663 0.028036458333333333 0.15603703703703706
2 0.37906249999999997 0.3792037037037037 0.032640625 0.1257777777777778
2 0.3583489583333333 0.36041666666666666 0.0235625 0.13837037037037037
2 0.4075520833333333 0.41916666666666663 0.036000000000000004 0.14081481481481484
2 0.9130729166666666 0.46346296296296297 0.040192708333333334 0.1835277777777778
2 0.6796875 0.46270370370370373 0.0411875 0.16489814814814815
2 0.14977083333333333 0.43949074074074074 0.030859375 0.18134259259259258
2 0.0364375 0.40991666666666665 0.051062500000000004 0.17098148148148148