2 0.17470312500000001 0.5911018518518518 0.06759375 0.1268425925925926
2 0.4726197916666666 0.6978703703703704 0.0533125 0.2741018518518518
3 0.5691614583333333 0.37349074074074073 0.03974479166666667 0.16203703703703703
2 0.781515625 0.5241111111111111 0.051921875 0.19780555555555554
1 0.4315 0.41305555555555556 0.048937499999999995 0.13336111111111112
5 0.30879687499999997 0.36891666666666667 0.155328125 0.22303703703703703
2 0.62671875 0.6976111111111111 0.059625000000000004 0.23650925925925925
2 0.7017760416666667 0.5472222222222223 0.069546875 0.21046296296296296
2 0.5169947916666666 0.629175925925926 0.04074479166666667 0.25737037037037036
0 0.47616145833333334 0.4754166666666667 0.009645833333333333 0.01813888888888889
2 0.760234375 0.4846851851851852 0.04320833333333333 0.17960185185185185
2 0.6578645833333333 0.8615555555555555 0.07416145833333333 0.27502777777777776