5 0.63671875 0.33778703703703705 0.13573437500000002 0.18668518518518518
2 0.15378645833333332 0.5334074074074074 0.035921875 0.22773148148148148
3 0.40988020833333333 0.7129814814814814 0.06432291666666666 0.29960185185185184
2 0.7162031249999999 0.5144722222222222 0.09008854166666666 0.17482407407407408
3 0.4759427083333333 0.3055555555555556 0.028203125 0.13474074074074074
2 0.3612083333333333 0.4850092592592592 0.08625520833333335 0.18524074074074073
2 0.23946354166666667 0.3457314814814815 0.05233854166666666 0.12746296296296297
2 0.6118854166666666 0.46212962962962967 0.03644270833333333 0.1803425925925926
2 0.02975 0.3885462962962963 0.035046875000000005 0.14051851851851851
2 0.3016666666666667 0.3807314814814815 0.04246354166666667 0.1489537037037037
2 0.15707291666666665 0.3288055555555556 0.022453125 0.13352777777777777
2 0.587828125 0.46524074074074073 0.03171875 0.19098148148148147
2 0.7875833333333334 0.6601111111111111 0.08149999999999999 0.27544444444444444
2 0.8691822916666666 0.4580925925925926 0.0393125 0.1739814814814815
1 0.653546875 0.34252777777777776 0.051041666666666666 0.15185185185185185
0 0.746140625 0.56025 0.014750000000000001 0.028120370370370372