5 0.3134270833333333 0.370462962962963 0.17152604166666666 0.22817592592592592
2 0.16909375000000001 0.5932037037037037 0.08171354166666665 0.12344444444444444
2 0.512671875 0.8122407407407408 0.07263541666666667 0.2743055555555556
3 0.527015625 0.36274999999999996 0.046171875 0.14444444444444443
2 0.7558854166666666 0.5090555555555555 0.03677604166666667 0.1883425925925926
1 0.378859375 0.4055833333333333 0.04570833333333334 0.13697222222222222
2 0.6061875000000001 0.6770277777777778 0.04872395833333333 0.2569814814814815
2 0.654171875 0.5408518518518518 0.057651041666666666 0.19628703703703704
2 0.48253125 0.6051203703703704 0.040067708333333334 0.2537037037037037
0 0.45651041666666664 0.45470370370370367 0.010203125 0.01911111111111111
2 0.731296875 0.47903703703703704 0.0529375 0.18185185185185185
2 0.44878124999999996 0.6596481481481481 0.07302604166666667 0.2580092592592592