2 0.48415625 0.5154537037037038 0.06424479166666666 0.18877777777777777
5 0.17496875 0.3706851851851852 0.17888020833333332 0.24382407407407405
2 0.15368229166666666 0.6201481481481481 0.054473958333333336 0.25846296296296295
2 0.5422760416666667 0.5866574074074075 0.07296875 0.2262222222222222
2 0.6075260416666667 0.5878888888888889 0.0646875 0.2385925925925926
2 0.41325520833333335 0.5654537037037037 0.06820833333333334 0.2296388888888889
2 0.41043749999999996 0.5263888888888889 0.07254166666666667 0.20910185185185187
2 0.67434375 0.45057407407407407 0.051291666666666666 0.1763888888888889
2 0.6574739583333333 0.33405555555555555 0.02796875 0.13478703703703704
2 0.616640625 0.3921296296296296 0.062140625 0.15116666666666667
3 0.344296875 0.3375185185185185 0.035609375000000006 0.16857407407407407
1 0.205328125 0.38864814814814813 0.03578125 0.20325925925925928
2 0.8254427083333333 0.5965 0.050421875 0.21323148148148147
2 0.981015625 0.47677777777777774 0.03702604166666667 0.1713611111111111
0 0.400734375 0.5324351851851852 0.011984375 0.022555555555555554