5 0.17690104166666665 0.3924259259259259 0.23021354166666666 0.3166388888888889
2 0.528140625 0.755175925925926 0.11966666666666666 0.303037037037037
2 0.21404687500000003 0.7349722222222222 0.11946875 0.3274074074074074
2 0.8899166666666667 0.402 0.058124999999999996 0.18889814814814815
2 0.7957083333333334 0.5485462962962963 0.055625 0.2610185185185185
2 0.7522447916666667 0.5693518518518518 0.06545833333333334 0.2971388888888889
2 0.6283020833333333 0.6837222222222222 0.10263020833333333 0.31516666666666665
2 0.594015625 0.6417962962962963 0.059416666666666666 0.3484259259259259
1 0.293296875 0.40300925925925923 0.058520833333333334 0.20044444444444443
2 0.784015625 0.4462777777777778 0.06648958333333334 0.23607407407407408
2 0.4075833333333333 0.9022129629629629 0.07988541666666667 0.19557407407407407
2 0.676609375 0.5719259259259258 0.05582291666666667 0.26793518518518517
0 0.39454687499999996 0.29816666666666664 0.014234374999999999 0.026601851851851852