2 0.9493645833333333 0.40302777777777776 0.043708333333333335 0.18886111111111112
2 0.5093593750000001 0.6229351851851852 0.06019791666666666 0.3076574074074074
2 0.6936354166666666 0.4435 0.05445833333333334 0.20191666666666666
2 0.58503125 0.5384722222222221 0.08390104166666666 0.29885185185185187
2 0.4755260416666667 0.5947685185185185 0.083359375 0.3036851851851852
0 0.2358125 0.3189722222222222 0.021109375 0.03564814814814815
2 0.8866822916666667 0.528462962962963 0.09118229166666666 0.23955555555555558
2 0.8830520833333334 0.6395740740740741 0.072140625 0.24864814814814817
2 0.6567760416666667 0.6154537037037038 0.05830729166666667 0.28815740740740736
2 0.42909895833333334 0.6966481481481481 0.07124479166666667 0.30397222222222225
5 0.12396354166666666 0.37995370370370374 0.218125 0.3044907407407408
1 0.18993229166666667 0.42306481481481484 0.09052604166666667 0.21624074074074073
2 0.05616145833333333 0.7011018518518519 0.07806770833333333 0.34125