5 0.7012031249999999 0.3262685185185185 0.14047395833333332 0.18431481481481482
2 0.681859375 0.8043333333333332 0.08544791666666667 0.35580555555555554
2 0.9146041666666667 0.46247222222222223 0.046947916666666666 0.1943611111111111
3 0.211625 0.6379814814814815 0.06318229166666667 0.2647777777777778
3 0.512375 0.3101759259259259 0.024453125000000003 0.13812962962962963
2 0.68175 0.4635462962962963 0.044203125 0.16543518518518519
2 0.49339583333333337 0.42285185185185187 0.030000000000000002 0.15649074074074074
2 0.4348125 0.4219351851851852 0.04363020833333333 0.1423611111111111
2 0.404078125 0.41399074074074077 0.03502083333333333 0.1433425925925926
2 0.157359375 0.43297222222222226 0.035541666666666666 0.19299074074074074
1 0.6382291666666667 0.33687962962962964 0.03697916666666667 0.16185185185185186
2 0.3515260416666666 0.3656481481481481 0.030510416666666665 0.13222222222222224
2 0.035041666666666665 0.4079351851851852 0.06279166666666666 0.16628703703703704
2 0.36425520833333336 0.37187037037037035 0.040515625000000006 0.15483333333333332
0 0.34812499999999996 0.33352777777777776 0.012401041666666666 0.023842592592592592