2 0.6586197916666666 0.7972777777777778 0.07467708333333332 0.3403425925925926
3 0.18689583333333332 0.6068055555555556 0.060046875000000006 0.2651759259259259
3 0.5118125 0.3059537037037037 0.024265625000000002 0.12912037037037036
5 0.7043541666666666 0.3344722222222222 0.134953125 0.18212037037037038
1 0.6580729166666667 0.33996296296296297 0.03696875 0.15733333333333333
2 0.474640625 0.41298148148148145 0.027479166666666666 0.15778703703703703
2 0.5336197916666666 0.41285185185185186 0.037661458333333335 0.18033333333333332
2 0.3937291666666667 0.38428703703703704 0.03581770833333333 0.14479629629629628
2 0.3277552083333333 0.3429537037037037 0.047802083333333335 0.13242592592592595
2 0.337921875 0.4311574074074074 0.043130208333333336 0.16682407407407407
2 0.9144062500000001 0.46346296296296297 0.042859375000000005 0.1835277777777778
0 0.2994427083333333 0.3025 0.012203125 0.025046296296296296
2 0.20244270833333333 0.37321296296296297 0.04811458333333333 0.13914814814814816
2 0.6915677083333333 0.46212962962962967 0.058895833333333335 0.16568518518518519
2 0.206609375 0.4221574074074074 0.038473958333333336 0.17785185185185187