5 0.590515625 0.32789814814814816 0.13295833333333335 0.1739074074074074
2 0.11321874999999999 0.531462962962963 0.042124999999999996 0.2309351851851852
3 0.3881822916666666 0.7186481481481481 0.047015625 0.31605555555555553
2 0.6654427083333334 0.5117962962962963 0.09116145833333333 0.17901851851851852
3 0.433203125 0.30849074074074073 0.029166666666666667 0.14074074074074075
2 0.328125 0.4860185185185185 0.06534374999999999 0.17909259259259258
2 0.19759895833333332 0.34550925925925924 0.04888541666666667 0.1400925925925926
2 0.5655729166666668 0.45089814814814816 0.03644270833333333 0.1803425925925926
2 0.1206875 0.3315648148148148 0.031697916666666666 0.13352777777777777
2 0.5383541666666667 0.4502685185185185 0.03171875 0.19098148148148147
2 0.7159322916666666 0.6431944444444444 0.08582291666666667 0.2814259259259259
2 0.8221041666666667 0.4540277777777778 0.034395833333333334 0.17194444444444443
1 0.608109375 0.34521296296296294 0.051041666666666666 0.15185185185185185
2 0.265234375 0.3816388888888889 0.03819270833333333 0.148
0 0.6885833333333333 0.5559814814814815 0.018093750000000002 0.03321296296296296