5 0.5762239583333333 0.3250185185185185 0.15713541666666667 0.20467592592592593
2 0.097234375 0.5319907407407407 0.05593229166666667 0.22750925925925927
2 0.3060677083333333 0.4873333333333334 0.08296875000000001 0.18357407407407406
2 0.18485416666666668 0.3475648148148148 0.0566875 0.15291666666666667
2 0.24604687500000003 0.3738611111111111 0.038447916666666665 0.15882407407407406
2 0.52115625 0.453 0.033979166666666664 0.17821296296296296
2 0.5513645833333333 0.4507407407407408 0.04102083333333333 0.1874074074074074
2 0.6385989583333332 0.5131018518518519 0.066796875 0.21196296296296296
2 0.7029375000000001 0.6216944444444444 0.06680729166666667 0.25637037037037036
2 0.8062864583333333 0.44980555555555557 0.046947916666666666 0.1764537037037037
3 0.387171875 0.7145185185185184 0.06808854166666665 0.3066111111111111
3 0.41530729166666663 0.30163888888888885 0.033213541666666666 0.13299999999999998
1 0.5940520833333333 0.34147222222222223 0.054765625000000005 0.15637962962962962
0 0.6595156249999999 0.6079259259259259 0.016322916666666666 0.031990740740740736