2 0.3641875 0.640462962962963 0.07340624999999999 0.25958333333333333
2 0.6028229166666667 0.8517222222222223 0.10061458333333334 0.29248148148148145
3 0.7434583333333333 0.4274351851851852 0.048630208333333334 0.18856481481481482
2 0.8531145833333333 0.5379999999999999 0.05427604166666666 0.19862962962962963
1 0.5079114583333334 0.42197222222222225 0.051958333333333336 0.15902777777777777
5 0.30879687499999997 0.36891666666666667 0.155328125 0.22303703703703703
2 0.6473125 0.7305648148148148 0.09102604166666667 0.29996296296296293
0 0.48798958333333337 0.4095 0.009255208333333332 0.016453703703703703
2 0.9037395833333334 0.5808055555555556 0.04845833333333334 0.22658333333333333
2 0.7931562499999999 0.8591666666666666 0.08894270833333334 0.2816666666666667
2 0.9155833333333334 0.5239444444444444 0.04207291666666667 0.19435185185185186