2 0.5177291666666667 0.4995648148148148 0.038760416666666665 0.19180555555555556
5 0.23032291666666668 0.36589814814814814 0.17613020833333334 0.2438425925925926
2 0.19936979166666668 0.5554629629629629 0.07966666666666668 0.15681481481481482
2 0.5587135416666666 0.5721944444444444 0.042515624999999994 0.21060185185185185
2 0.38083333333333336 0.5453796296296296 0.06297916666666667 0.2303425925925926
2 0.28543229166666667 0.5854444444444444 0.04359375 0.2521481481481481
2 0.6825208333333334 0.4644259259259259 0.046187500000000006 0.18719444444444444
3 0.3971875 0.3335185185185185 0.031901041666666664 0.15931481481481483
1 0.23713020833333334 0.4131851851851852 0.056177083333333336 0.15742592592592594
2 0.8104375 0.5357962962962962 0.040630208333333334 0.18176851851851852
2 0.9070677083333333 0.47382407407407406 0.05369270833333333 0.168
2 0.781875 0.5639166666666666 0.03143229166666667 0.22812037037037036
2 0.6575104166666667 0.43837037037037035 0.031703125 0.18866666666666665
2 0.11617708333333333 0.7091388888888889 0.068984375 0.2912592592592593
2 0.7314322916666666 0.43472222222222223 0.044640624999999996 0.1725833333333333