2 0.7452239583333333 0.5524629629629629 0.049479166666666664 0.21296296296296297
2 0.8038854166666667 0.5422314814814815 0.055828125 0.2159074074074074
2 0.8171354166666667 0.9022407407407407 0.080453125 0.19550925925925927
5 0.3028645833333333 0.37025 0.16763541666666668 0.23039814814814816
1 0.466859375 0.43633333333333335 0.054078125 0.11849074074074074
2 0.19738020833333333 0.5687037037037037 0.07517708333333334 0.16864814814814813
2 0.4993697916666667 0.7445925925925926 0.07965104166666667 0.30710185185185185
2 0.5508333333333333 0.6587314814814814 0.07570833333333334 0.2823981481481482
2 0.7925572916666667 0.5037407407407407 0.031546875 0.21224074074074073
3 0.609484375 0.3846574074074074 0.049046875000000004 0.1695925925925926
0 0.494109375 0.4801111111111111 0.011380208333333334 0.01962962962962963
2 0.6554062500000001 0.76525 0.07104166666666667 0.29475