2 0.6174739583333333 0.9345740740740741 0.089890625 0.13085185185185186
5 0.18839062499999998 0.3822314814814815 0.20852083333333335 0.31383333333333335
2 0.8922447916666666 0.40414814814814815 0.053677083333333334 0.2013888888888889
2 0.6427864583333334 0.7781481481481481 0.12329166666666666 0.268537037037037
2 0.7167916666666667 0.5902129629629629 0.07060416666666666 0.27661111111111114
2 0.6343958333333333 0.6118611111111111 0.04808333333333333 0.3135833333333333
1 0.32736979166666663 0.3889444444444444 0.04358854166666667 0.1812777777777778
2 0.2890989583333334 0.7684907407407408 0.09338020833333333 0.3178888888888889
2 0.7873177083333334 0.520074074074074 0.05965625 0.24181481481481484
2 0.7599739583333334 0.7490833333333333 0.09750520833333334 0.31151851851851853
0 0.4564166666666667 0.34669444444444447 0.010911458333333334 0.019851851851851853
2 0.810765625 0.46112037037037035 0.05296875 0.21819444444444444
2 0.8024895833333333 0.5302037037037037 0.04728645833333334 0.22997222222222222