2 0.909203125 0.3873888888888889 0.03780208333333333 0.18524074074074073
2 0.58609375 0.638824074074074 0.08315104166666668 0.26716666666666666
2 0.7749427083333333 0.4469074074074074 0.05610416666666666 0.22511111111111112
2 0.6449270833333334 0.5706851851851852 0.07044270833333334 0.2831018518518518
2 0.5672812500000001 0.601787037037037 0.07318229166666666 0.29941666666666666
2 0.8208489583333333 0.5253518518518518 0.06496354166666667 0.24569444444444447
2 0.7386302083333334 0.5509351851851851 0.06815625 0.2649814814814815
2 0.4776666666666667 0.7182222222222222 0.08219270833333334 0.30900925925925926
5 0.179296875 0.38599074074074075 0.21428125 0.30225
1 0.28969791666666667 0.4023703703703704 0.04933333333333333 0.2007962962962963
2 0.18253645833333335 0.7134722222222222 0.05263541666666667 0.3407962962962963
2 0.2934322916666667 0.8816666666666667 0.08935937499999999 0.2366574074074074