2 0.5208958333333333 0.4648703703703704 0.07165104166666666 0.18653703703703706
5 0.8528697916666667 0.34771296296296295 0.15052604166666667 0.19632407407407407
2 0.312984375 0.5262592592592593 0.06239583333333333 0.21775925925925926
2 0.9078177083333333 0.5160648148148148 0.07271354166666667 0.18094444444444444
2 0.22149999999999997 0.3823611111111111 0.051770833333333335 0.15912037037037036
2 0.4058072916666667 0.3535277777777778 0.048052083333333336 0.13285185185185183
2 0.498109375 0.3826481481481481 0.037369791666666666 0.16714814814814816
0 0.30012500000000003 0.43071296296296296 0.015875 0.02889814814814815
2 0.7891614583333334 0.49233333333333335 0.03746354166666667 0.1846759259259259
3 0.6821875 0.31612962962962965 0.027213541666666667 0.14474074074074073
1 0.832640625 0.3590925925925926 0.047635416666666666 0.16248148148148148
3 0.5429947916666666 0.7249907407407408 0.07985937500000001 0.3078796296296296