5 0.6649010416666666 0.33641666666666664 0.13484895833333335 0.18189814814814814
2 0.18153645833333334 0.5422407407407407 0.0435 0.24019444444444446
3 0.42971875 0.708212962962963 0.08274479166666666 0.29996296296296293
2 0.746328125 0.5057870370370371 0.08438541666666667 0.18699074074074074
3 0.5068854166666666 0.29912962962962963 0.029166666666666667 0.14074074074074075
2 0.3918125 0.48266666666666663 0.07859895833333333 0.16832407407407407
2 0.273375 0.3519907407407407 0.04030729166666667 0.14787037037037035
2 0.6345208333333333 0.46212962962962967 0.018557291666666666 0.1803425925925926
2 0.06326041666666667 0.3844537037037037 0.031234374999999998 0.13872222222222222
2 0.3383072916666666 0.37651851851851853 0.033453125 0.14322222222222222
2 0.184171875 0.33696296296296296 0.03644791666666667 0.13986111111111113
2 0.6267760416666667 0.4633703703703704 0.03171875 0.19098148148148147
2 0.8228072916666667 0.6634444444444444 0.091296875 0.28403703703703703
2 0.8973125 0.45908333333333334 0.039651041666666664 0.17108333333333334
1 0.6813385416666667 0.3500185185185185 0.051041666666666666 0.15185185185185185
0 0.7783020833333333 0.5645 0.015161458333333332 0.02700925925925926