2 0.48282291666666666 0.6509907407407408 0.063578125 0.28524074074074074
5 0.155078125 0.3618981481481482 0.18637499999999999 0.24510185185185182
2 0.06556770833333334 0.6084907407407407 0.058229166666666665 0.2632777777777778
2 0.41573437500000004 0.6505092592592592 0.07817708333333333 0.24880555555555553
2 0.443140625 0.508425925925926 0.04628125 0.1857962962962963
2 0.49264583333333334 0.49879629629629635 0.051432291666666664 0.1939537037037037
2 0.357109375 0.5219444444444444 0.05171354166666667 0.23279629629629628
2 0.6764270833333333 0.4375 0.05545833333333334 0.1798611111111111
2 0.6562239583333334 0.3555277777777778 0.03046875 0.12737962962962962
2 0.5819583333333332 0.3602962962962963 0.0331875 0.15264814814814817
3 0.32487499999999997 0.3208611111111111 0.0411875 0.16857407407407407
1 0.155953125 0.3747962962962963 0.056177083333333336 0.21625925925925926
0 0.5039583333333334 0.6399722222222222 0.012979166666666668 0.025851851851851855
2 0.9763697916666667 0.7339814814814816 0.047260416666666666 0.21166666666666667