5 0.590328125 0.3293240740740741 0.1365104166666667 0.1759814814814815
2 0.14772395833333332 0.4835833333333333 0.04828645833333333 0.19841666666666666
3 0.4226875 0.7093888888888888 0.06432291666666666 0.31083333333333335
2 0.5944635416666666 0.549787037037037 0.06954166666666667 0.22690740740740742
3 0.43140104166666665 0.30341666666666667 0.022744791666666667 0.1359351851851852
2 0.34271875 0.47275 0.07860416666666666 0.16520370370370369
2 0.213515625 0.34724999999999995 0.047203125 0.13473148148148148
2 0.274609375 0.38681481481481483 0.039864583333333335 0.14998148148148147
2 0.180859375 0.2986111111111111 0.031697916666666666 0.1479537037037037
2 0.5325052083333334 0.4573611111111111 0.049015625 0.1746851851851852
2 0.8128802083333333 0.4564814814814815 0.05422916666666667 0.16847222222222222
1 0.60253125 0.3392037037037037 0.04867708333333333 0.15004629629629632
2 0.9876406249999999 0.4763148148148148 0.02471875 0.17784259259259258
2 0.5384479166666666 0.46625925925925926 0.03621354166666667 0.17074999999999999