5 0.15445833333333334 0.3568703703703704 0.169515625 0.23181481481481483
2 0.051416666666666666 0.6111388888888889 0.05903645833333333 0.26049074074074074
2 0.41188541666666667 0.6531111111111111 0.07265625 0.2335
2 0.46006250000000004 0.6614629629629629 0.06293750000000001 0.28480555555555553
2 0.35589583333333336 0.5216018518518519 0.049151041666666666 0.22268518518518518
2 0.448203125 0.4954259259259259 0.04692708333333333 0.17817592592592593
2 0.6761041666666666 0.43494444444444447 0.05018229166666666 0.17187962962962963
2 0.48919270833333334 0.49239814814814814 0.05008854166666667 0.1868425925925926
2 0.5842291666666667 0.3548425925925926 0.02597395833333333 0.15722222222222224
2 0.656203125 0.35387962962962966 0.031229166666666665 0.10119444444444445
3 0.32397916666666665 0.31912037037037033 0.031984374999999995 0.1540925925925926
1 0.15585416666666668 0.38257407407407407 0.044369791666666665 0.1975