5 0.5762239583333333 0.3250185185185185 0.15713541666666667 0.20467592592592593
2 0.11623958333333334 0.49887037037037035 0.04958333333333333 0.20662962962962964
2 0.31898437500000004 0.47362037037037036 0.07770833333333332 0.17555555555555555
2 0.18065625000000002 0.3462777777777778 0.051661458333333334 0.14053703703703704
2 0.24401041666666667 0.38432407407407404 0.03384375 0.15999074074074074
2 0.51909375 0.4606018518518518 0.041817708333333335 0.18434259259259259
2 0.60021875 0.5458333333333333 0.06854166666666667 0.15921296296296295
2 0.6118281250000001 0.5589537037037037 0.04197395833333333 0.20028703703703704
2 0.7977500000000001 0.44751851851851854 0.050130208333333336 0.17787037037037037
3 0.4024739583333333 0.7126203703703704 0.077984375 0.31145370370370373
3 0.4085260416666667 0.3036574074074074 0.028635416666666667 0.13623148148148148
1 0.58453125 0.33837962962962964 0.05109375 0.15449074074074073
2 0.9783072916666666 0.4740462962962963 0.04338541666666666 0.19458333333333333
2 0.140375 0.31919444444444445 0.021463541666666665 0.1245462962962963