5 0.18839062499999998 0.3822314814814815 0.20852083333333335 0.31383333333333335
2 0.89078125 0.40314814814814814 0.05774479166666667 0.18897222222222224
2 0.6557604166666666 0.8061944444444445 0.09452604166666667 0.29846296296296293
2 0.74471875 0.5887685185185185 0.07636979166666666 0.2693240740740741
2 0.6492447916666666 0.6162129629629629 0.06120833333333333 0.2986759259259259
1 0.3348802083333334 0.3917037037037037 0.053661458333333335 0.18060185185185187
2 0.301015625 0.7801018518518519 0.10275520833333333 0.32387037037037036
2 0.7782083333333334 0.7725277777777778 0.12004687500000001 0.33564814814814814
0 0.46682291666666664 0.33012037037037034 0.011005208333333332 0.019666666666666666
2 0.8209583333333333 0.4594166666666667 0.04506770833333333 0.2182777777777778
2 0.8093177083333334 0.5248611111111111 0.044895833333333336 0.22566666666666665
2 0.7879739583333334 0.5233611111111112 0.06008854166666667 0.23737962962962963