2 0.8891041666666666 0.3966111111111111 0.05073958333333333 0.18875
2 0.6025260416666666 0.6516944444444445 0.09618750000000001 0.25600925925925927
2 0.7795416666666667 0.4512222222222222 0.05256770833333334 0.21725925925925924
2 0.6631458333333333 0.5787037037037037 0.058208333333333334 0.28105555555555556
2 0.5893645833333333 0.5927685185185185 0.047489583333333335 0.2720925925925926
2 0.8031354166666667 0.5343796296296296 0.06410416666666667 0.2472592592592593
2 0.7536875 0.5471388888888888 0.07279687500000001 0.26207407407407407
2 0.4955364583333333 0.7376203703703703 0.09141666666666667 0.2950833333333333
5 0.17880729166666667 0.38773148148148145 0.21428125 0.30225
1 0.29309375 0.40585185185185185 0.05073958333333333 0.2007962962962963
2 0.20818750000000003 0.7268333333333333 0.09179166666666667 0.32835185185185184
2 0.35456770833333334 0.8884722222222222 0.08094270833333334 0.22304629629629627
0 0.3766302083333333 0.2781018518518519 0.011307291666666667 0.02348148148148148