3 0.5388489583333332 0.7231296296296297 0.05558854166666667 0.30572222222222223
3 0.6543541666666666 0.31572222222222224 0.022416666666666665 0.13533333333333333
5 0.823671875 0.3518611111111111 0.14378125 0.18789814814814815
1 0.8132864583333334 0.3536388888888889 0.04468229166666667 0.16003703703703703
2 0.8854375 0.5261944444444444 0.08258333333333333 0.1776574074074074
2 0.78259375 0.4699074074074074 0.039093750000000003 0.17621296296296296
2 0.7611510416666667 0.49011111111111116 0.030390625 0.1684351851851852
2 0.4785625 0.38372222222222224 0.03338541666666666 0.15266666666666667
2 0.5131666666666667 0.4757222222222222 0.07854166666666668 0.17248148148148149
2 0.4070520833333333 0.3521111111111111 0.038734375 0.13217592592592592
2 0.3095364583333333 0.3424814814814815 0.03377083333333333 0.12944444444444445
2 0.2126458333333333 0.37899074074074074 0.03738020833333333 0.14573148148148146
2 0.3157916666666667 0.5332222222222223 0.036083333333333335 0.22578703703703704
0 0.463609375 0.3583425925925926 0.01768229166666667 0.027805555555555556