5 0.20356770833333335 0.3709351851851852 0.16224479166666667 0.23589814814814816
2 0.2515625 0.5998611111111112 0.07914062499999999 0.22283333333333333
2 0.5633333333333332 0.5817314814814815 0.06078645833333333 0.21529629629629632
2 0.4068802083333333 0.5448425925925926 0.07635937500000001 0.1799537037037037
2 0.3293958333333334 0.5578148148148149 0.07733333333333332 0.2327037037037037
2 0.63896875 0.4163703703703704 0.07138020833333333 0.1545462962962963
2 0.497453125 0.502361111111111 0.053000000000000005 0.19703703703703704
2 0.6900104166666666 0.44949999999999996 0.030838541666666667 0.13589814814814816
3 0.3773854166666667 0.33592592592592596 0.031984374999999995 0.1540925925925926
1 0.2255677083333333 0.39216666666666666 0.06295833333333332 0.1801388888888889
2 0.7586770833333334 0.5423981481481481 0.05794791666666667 0.1623425925925926
2 0.04369791666666667 0.7230555555555556 0.06822395833333333 0.31499074074074074
2 0.9099947916666667 0.47791666666666666 0.04680729166666667 0.15139814814814814
0 0.34994791666666664 0.48826851851851855 0.015161458333333332 0.02563888888888889
2 0.6680677083333334 0.5518703703703703 0.066421875 0.19915740740740742