5 0.18252083333333333 0.3730740740740741 0.16224479166666667 0.23589814814814816
2 0.179890625 0.6249629629629629 0.10656249999999999 0.22603703703703704
2 0.55034375 0.5831574074074074 0.06511458333333334 0.20389814814814816
2 0.6194114583333333 0.5661481481481482 0.054302083333333334 0.2287685185185185
2 0.41990625000000004 0.5390555555555555 0.05511458333333333 0.1616111111111111
2 0.3964270833333333 0.5595925925925926 0.07472395833333333 0.2175185185185185
2 0.6644427083333333 0.4459537037037037 0.04377604166666667 0.1723148148148148
2 0.4789479166666667 0.5092592592592593 0.05888020833333333 0.19112962962962962
2 0.6105833333333333 0.39766666666666667 0.04469270833333334 0.14022222222222222
2 0.6591458333333333 0.39578703703703705 0.03236979166666667 0.15792592592592594
3 0.343109375 0.33271296296296293 0.031984374999999995 0.1540925925925926
1 0.20722916666666666 0.3901574074074074 0.03829166666666666 0.1975
0 0.36354166666666665 0.5333148148148148 0.010677083333333334 0.01923148148148148
2 0.7830312500000001 0.5712407407407408 0.06215625 0.17729629629629629
2 0.0234375 0.7445277777777778 0.04497916666666667 0.3021851851851852
2 0.943890625 0.4776944444444444 0.05539583333333333 0.16582407407407407