5 0.18279166666666666 0.3791296296296296 0.202203125 0.29137962962962966
2 0.7301510416666667 0.5761574074074074 0.07344270833333333 0.26368518518518513
2 0.9825833333333333 0.670212962962963 0.034833333333333334 0.2693055555555556
2 0.8416927083333333 0.5368055555555555 0.06702604166666666 0.2492685185185185
2 0.4716302083333333 0.7048240740740741 0.06294791666666667 0.315537037037037
2 0.5467916666666667 0.5861111111111111 0.06134375 0.28997222222222224
2 0.638046875 0.5665462962962963 0.068859375 0.28787037037037033
2 0.5660833333333334 0.6292407407407408 0.074390625 0.30719444444444444
1 0.27788541666666666 0.4128888888888889 0.05049479166666667 0.20303703703703704
2 0.15527604166666667 0.707712962962963 0.075484375 0.3235
2 0.9231927083333333 0.4015833333333333 0.059583333333333335 0.20394444444444443
2 0.21052604166666666 0.8686944444444445 0.09971875000000001 0.25887037037037036
2 0.7668541666666666 0.4414537037037037 0.084296875 0.23080555555555557
0 0.3324635416666667 0.3209351851851852 0.012609375 0.023472222222222224