5 0.22391145833333334 0.3746759259259259 0.16224479166666667 0.23589814814814816
2 0.26585416666666667 0.5923796296296296 0.065984375 0.23778703703703705
2 0.56846875 0.5791481481481482 0.057526041666666666 0.2209351851851852
2 0.6863072916666667 0.5439999999999999 0.066421875 0.21227777777777776
2 0.41309375 0.5395648148148149 0.0485 0.18971296296296294
2 0.3207552083333333 0.5472222222222223 0.07489583333333334 0.2588796296296296
2 0.6402708333333333 0.4194537037037037 0.042734375 0.16072222222222224
2 0.502078125 0.5018981481481481 0.051973958333333334 0.19849074074074075
2 0.690203125 0.4284074074074074 0.031229166666666665 0.10119444444444445
3 0.38316666666666666 0.3321851851851852 0.03025 0.1540925925925926
1 0.2300208333333333 0.3927962962962963 0.06194270833333334 0.17832407407407408
2 0.7642864583333334 0.5411481481481482 0.05794791666666667 0.1623425925925926
2 0.055093750000000004 0.713111111111111 0.07411458333333334 0.3076851851851852
2 0.9058854166666667 0.48414814814814816 0.05622395833333334 0.15637962962962962
0 0.3421197916666667 0.43999074074074074 0.015541666666666667 0.030138888888888885