2 0.6343177083333333 0.9345740740740741 0.089890625 0.13085185185185186
5 0.18839062499999998 0.3822314814814815 0.20852083333333335 0.31383333333333335
2 0.8900520833333334 0.401037037037037 0.0580625 0.19515740740740742
2 0.6487552083333333 0.7800185185185184 0.12855208333333332 0.2585648148148148
2 0.726265625 0.5883425925925926 0.07060416666666666 0.27661111111111114
2 0.6343958333333333 0.6137314814814815 0.04808333333333333 0.3135833333333333
1 0.33253125 0.3911851851851852 0.040546874999999996 0.18481481481481482
2 0.2890989583333334 0.7684907407407408 0.09338020833333333 0.3178888888888889
2 0.7873177083333334 0.5228611111111111 0.05965625 0.23624074074074072
2 0.7599739583333334 0.7599907407407407 0.10978125 0.28971296296296295
0 0.45884375 0.3411018518518518 0.012093749999999999 0.02185185185185185
2 0.8106145833333334 0.4607407407407408 0.05256770833333334 0.22893518518518519
2 0.8039322916666667 0.5241388888888889 0.04941145833333334 0.22477777777777777