5 0.14556770833333335 0.3776111111111111 0.231078125 0.3191111111111111
2 0.444984375 0.6963611111111112 0.07141666666666667 0.3199074074074074
2 0.090953125 0.7001111111111111 0.06525 0.3502314814814815
2 0.9097031250000001 0.6501574074074074 0.07327083333333334 0.2401574074074074
2 0.9507656250000001 0.4050925925925926 0.06246354166666667 0.20741666666666667
2 0.8893020833333334 0.5418518518518519 0.09084895833333334 0.24749074074074076
2 0.6868072916666667 0.5952685185185185 0.06789583333333334 0.29714814814814816
2 0.6020052083333333 0.5658888888888889 0.09065104166666667 0.31146296296296294
2 0.5252760416666666 0.626074074074074 0.05281770833333333 0.3206759259259259
2 0.48899479166666665 0.5892407407407407 0.069140625 0.3128888888888889
1 0.223859375 0.41711111111111115 0.06824479166666667 0.20929629629629629
2 0.721796875 0.4531759259259259 0.059703124999999996 0.2333888888888889
0 0.2678645833333333 0.3514074074074074 0.018713541666666667 0.03725
2 0.037859375 0.8608240740740741 0.07571875 0.2768240740740741