2 0.34902083333333334 0.7919074074074074 0.07470833333333333 0.3423425925925926
2 0.6538906250000001 0.42869444444444443 0.04153645833333333 0.18628703703703703
2 0.6151458333333333 0.3289166666666667 0.034041666666666665 0.13116666666666665
2 0.5468177083333334 0.349462962962963 0.039052083333333334 0.1463425925925926
2 0.445265625 0.486462962962963 0.042192708333333336 0.20105555555555554
2 0.27381770833333335 0.6525092592592593 0.09680208333333334 0.25392592592592594
2 0.3122552083333333 0.5336574074074074 0.049921875 0.23991666666666667
2 0.42016145833333335 0.4720185185185185 0.05240625 0.20625925925925925
3 0.2778802083333333 0.31542592592592594 0.037015624999999996 0.16714814814814816
5 0.1019375 0.3526296296296296 0.17581770833333332 0.24814814814814815
1 0.094875 0.37892592592592594 0.058083333333333334 0.2148888888888889
0 0.3755 0.6608981481481482 0.018807291666666667 0.033944444444444444