2 0.3057447916666666 0.5211574074074075 0.07178645833333334 0.21630555555555556
2 0.9028020833333333 0.5106759259259259 0.066046875 0.17760185185185184
2 0.5142708333333333 0.46178703703703705 0.05191666666666667 0.18653703703703706
2 0.21454166666666669 0.3784259259259259 0.03897395833333333 0.1576851851851852
2 0.3910416666666666 0.34911111111111115 0.035916666666666666 0.13799074074074075
2 0.49293750000000003 0.38406481481481486 0.03208333333333333 0.15275
0 0.2852135416666667 0.4269722222222222 0.0146875 0.02397222222222222
2 0.7819739583333334 0.48415740740740737 0.05183333333333333 0.16832407407407407
3 0.6841927083333333 0.3168055555555555 0.028557291666666665 0.14105555555555555
1 0.8173541666666666 0.34771296296296295 0.0560625 0.14819444444444446
3 0.5307135416666667 0.7221018518518518 0.07914062499999999 0.3136574074074074
5 0.8557604166666667 0.3505462962962963 0.15630729166666668 0.19530555555555557