3 0.17916666666666667 0.603462962962963 0.05952604166666667 0.2822037037037037
2 0.6709635416666667 0.8080092592592593 0.08790625 0.350462962962963
2 0.913390625 0.46273148148148147 0.039364583333333335 0.1828611111111111
1 0.65228125 0.33649074074074076 0.041015625 0.1423611111111111
3 0.5126979166666666 0.29980555555555555 0.021484375 0.125
2 0.464703125 0.42177777777777775 0.045145833333333336 0.15425925925925926
5 0.7039427083333333 0.3301574074074074 0.13671875 0.1701388888888889
2 0.35655729166666666 0.43584259259259256 0.04377604166666667 0.15135185185185185
2 0.5210989583333333 0.42045370370370366 0.02597395833333333 0.18262037037037035
2 0.183109375 0.42291666666666666 0.03698958333333333 0.17687037037037037
2 0.6918802083333334 0.46562037037037035 0.05733333333333333 0.16308333333333333
2 0.39032291666666663 0.3858333333333333 0.029296875 0.145212962962963
0 0.251953125 0.31383333333333335 0.01171875 0.017361111111111112
2 0.24575 0.3729444444444444 0.05121354166666667 0.13112962962962962
2 0.339296875 0.3642592592592592 0.030651041666666667 0.13212962962962962