2 0.31248437500000004 0.3788796296296296 0.06806770833333334 0.12340740740740741
2 0.6864479166666667 0.8059814814814815 0.08571354166666666 0.34508333333333335
3 0.192640625 0.6395370370370371 0.049515624999999994 0.28264814814814815
3 0.5118125 0.3059537037037037 0.024265625000000002 0.12912037037037036
5 0.7043541666666666 0.3344722222222222 0.134953125 0.18212037037037038
1 0.6456041666666666 0.3405 0.041078125 0.15733333333333333
2 0.4414270833333333 0.4339166666666667 0.042567708333333336 0.14501851851851852
2 0.5069583333333333 0.4239537037037037 0.039651041666666664 0.16408333333333333
2 0.37754166666666666 0.38389814814814816 0.0356875 0.1351574074074074
2 0.3505572916666667 0.3635925925925926 0.039140625000000005 0.1329537037037037
2 0.3856145833333333 0.4264537037037037 0.03409895833333333 0.14194444444444446
2 0.9130729166666666 0.46346296296296297 0.040192708333333334 0.1835277777777778
0 0.33179166666666665 0.363462962962963 0.010906250000000001 0.02153703703703704
2 0.688671875 0.4648981481481481 0.045994791666666666 0.16489814814814815
2 0.17178645833333334 0.4328888888888889 0.049015625 0.17339814814814816
2 0.011916666666666666 0.4075462962962963 0.023828125 0.17098148148148148
2 0.9889843749999999 0.5953518518518519 0.022026041666666666 0.24375