2 0.3072604166666667 0.5244537037037037 0.074171875 0.2184722222222222
3 0.542703125 0.7187777777777777 0.07989583333333333 0.3012314814814815
0 0.2854010416666667 0.4169074074074074 0.014822916666666667 0.027194444444444445
1 0.8234375 0.34814814814814815 0.051041666666666666 0.15185185185185185
3 0.6849531249999999 0.31985185185185183 0.029166666666666667 0.14074074074074075
5 0.8619791666666666 0.35 0.146875 0.22592592592592592
2 0.5158697916666667 0.475462962962963 0.049442708333333335 0.16887962962962963
2 0.3971145833333333 0.3526666666666667 0.04506770833333333 0.14766666666666667
2 0.790125 0.49020370370370364 0.0546875 0.17535185185185184
2 0.212625 0.38151851851851853 0.035046875000000005 0.15130555555555555
2 0.49833854166666663 0.3821759259259259 0.0275 0.14998148148148147
2 0.3081510416666667 0.3434259259259259 0.040552083333333336 0.1266574074074074
2 0.9032812499999999 0.5120555555555555 0.06795833333333333 0.17687037037037037