2 0.29544270833333336 0.5171574074074073 0.048713541666666665 0.22118518518518518
2 0.895734375 0.5052962962962964 0.07308854166666667 0.1771388888888889
2 0.5062708333333333 0.4678611111111111 0.051078124999999995 0.1743888888888889
2 0.21296874999999998 0.3836203703703704 0.036270833333333335 0.16275
2 0.3899270833333333 0.3529537037037037 0.031828125 0.1401388888888889
2 0.494203125 0.3872777777777778 0.029557291666666666 0.1578888888888889
0 0.29434375 0.47075925925925927 0.015239583333333334 0.02736111111111111
2 0.780265625 0.4834537037037037 0.06156770833333333 0.16691666666666669
3 0.6827552083333334 0.3204814814814815 0.03144270833333333 0.13789814814814816
1 0.8173541666666666 0.34771296296296295 0.0560625 0.14819444444444446
3 0.5375624999999999 0.7183611111111111 0.08125520833333333 0.3080462962962963
5 0.8557604166666667 0.34353703703703703 0.15630729166666668 0.20466666666666666