5 0.7012031249999999 0.3259444444444444 0.14047395833333332 0.18431481481481482
2 0.683109375 0.805074074074074 0.082953125 0.35432407407407407
2 0.9146041666666667 0.46247222222222223 0.046947916666666666 0.1943611111111111
3 0.20703125 0.6384074074074074 0.058994791666666664 0.2863611111111111
3 0.5096614583333333 0.30887037037037035 0.02988020833333333 0.14074074074074075
2 0.683671875 0.46414814814814814 0.043244791666666664 0.16662962962962963
2 0.5000260416666666 0.42334259259259255 0.0375 0.15797222222222224
2 0.437734375 0.4264074074074074 0.041109375000000004 0.15200925925925926
2 0.40336458333333336 0.4147222222222222 0.041093750000000005 0.15076851851851852
2 0.15610937500000002 0.4260555555555555 0.033041666666666664 0.19397222222222224
1 0.6400885416666667 0.3375648148148148 0.03629166666666667 0.16326851851851854
2 0.33813020833333335 0.37365740740740744 0.030848958333333332 0.13612037037037036
2 0.02815625 0.4121944444444445 0.050953125 0.16652777777777777
2 0.36839062499999997 0.3646203703703704 0.03104166666666667 0.16933333333333334
0 0.35711979166666663 0.30627777777777776 0.008755208333333332 0.015472222222222222