5 0.698078125 0.33335185185185184 0.14047395833333332 0.18431481481481482
2 0.3436822916666667 0.430287037037037 0.038989583333333334 0.17549074074074075
2 0.18580729166666668 0.3633888888888889 0.031447916666666666 0.1575462962962963
2 0.3153125 0.33128703703703705 0.058234375 0.14401851851851852
2 0.6333541666666667 0.7951296296296296 0.062328125 0.3528425925925926
2 0.9146041666666667 0.4564814814814815 0.046947916666666666 0.18237962962962964
3 0.186015625 0.5808055555555556 0.06895312499999999 0.25819444444444445
3 0.5079947916666667 0.30960185185185185 0.033213541666666666 0.13925925925925928
1 0.6648958333333332 0.3391388888888889 0.05688020833333333 0.14682407407407408
2 0.7030833333333334 0.4677222222222222 0.04943229166666666 0.16694444444444445
2 0.541265625 0.4185277777777778 0.03354166666666667 0.1712962962962963
2 0.4767291666666667 0.4141111111111111 0.03055208333333333 0.15498148148148147
2 0.3995520833333333 0.3831111111111111 0.05638541666666667 0.14677777777777778
2 0.2350625 0.4227314814814815 0.04053645833333333 0.17399074074074075