2 0.497328125 0.49879629629629635 0.04830729166666667 0.18655555555555556
5 0.21244791666666665 0.37443518518518515 0.16990104166666667 0.2393888888888889
2 0.5682604166666666 0.5827407407407408 0.06682291666666668 0.2191111111111111
2 0.40858333333333335 0.5429074074074074 0.0681875 0.19208333333333333
2 0.3239635416666667 0.5512314814814815 0.07844270833333335 0.23958333333333334
2 0.6925364583333333 0.43587037037037035 0.03490104166666667 0.13472222222222222
3 0.37685937500000005 0.3376851851851852 0.03025 0.1608611111111111
1 0.22651041666666666 0.3916388888888889 0.06598958333333334 0.17997222222222223
2 0.7619270833333334 0.5411388888888888 0.05711979166666667 0.16480555555555557
2 0.909671875 0.4818425925925926 0.048484375 0.1618240740740741
2 0.6764791666666666 0.5465555555555556 0.06597916666666667 0.20483333333333334
2 0.6424114583333334 0.41257407407407404 0.062953125 0.1637314814814815
2 0.04654166666666667 0.7137037037037036 0.06911979166666667 0.29684259259259255
0 0.3463229166666667 0.47670370370370374 0.012817708333333334 0.025824074074074076
2 0.25953125 0.595675925925926 0.07919270833333333 0.22840740740740742