2 0.5391822916666666 0.5361574074074074 0.038593749999999996 0.21035185185185185
3 0.46103124999999995 0.712675925925926 0.069203125 0.3045185185185185
3 0.4778854166666667 0.30775925925925923 0.022041666666666668 0.12912037037037036
5 0.6359114583333334 0.3282777777777778 0.13371875 0.17846296296296296
1 0.6353802083333334 0.34650000000000003 0.042874999999999996 0.15746296296296297
2 0.5846979166666666 0.551787037037037 0.05204166666666667 0.17812037037037037
2 0.5723020833333333 0.4523518518518519 0.035640625 0.16972222222222225
2 0.360203125 0.4691388888888889 0.09528645833333332 0.1595925925925926
2 0.33244270833333334 0.38187037037037036 0.032088541666666665 0.1356388888888889
2 0.2643229166666667 0.3436666666666667 0.047635416666666666 0.1315925925925926
2 0.22277604166666667 0.457537037037037 0.044848958333333334 0.18106481481481482
2 0.8539947916666667 0.45981481481481484 0.038375000000000006 0.16774074074074075
0 0.3717447916666667 0.36108333333333337 0.015083333333333334 0.02748148148148148
2 0.06079166666666667 0.38249074074074074 0.043604166666666666 0.13546296296296298