5 0.22864583333333333 0.3671574074074074 0.17023958333333333 0.23348148148148148
1 0.24290625 0.40872222222222226 0.04613020833333333 0.16498148148148148
2 0.17480729166666667 0.5759629629629629 0.10295833333333333 0.11708333333333333
2 0.1341302083333333 0.7146851851851852 0.09791666666666667 0.2750648148148148
2 0.2894947916666667 0.5863611111111111 0.049479166666666664 0.246787037037037
2 0.37890104166666666 0.5447222222222222 0.05816145833333333 0.24067592592592593
2 0.5199791666666667 0.503824074074074 0.03815625 0.20210185185185187
2 0.5513958333333334 0.5816111111111111 0.03508854166666667 0.22260185185185186
2 0.65625 0.44051851851851853 0.036458333333333336 0.18376851851851853
2 0.746875 0.43903703703703706 0.04756770833333333 0.1651203703703704
2 0.7981770833333334 0.5949074074074074 0.0546875 0.22685185185185186
2 0.9162291666666668 0.47993518518518524 0.06510416666666667 0.16358333333333333
3 0.3984166666666667 0.3346018518518519 0.031078125 0.15862962962962962
2 0.6781302083333334 0.46370370370370373 0.035234375000000005 0.1823425925925926
2 0.8210572916666667 0.5385833333333333 0.03621354166666667 0.1574074074074074
0 0.27116666666666667 0.31797222222222227 0.012135416666666668 0.02312962962962963