5 0.18594791666666666 0.381 0.20852083333333335 0.31383333333333335
2 0.7291041666666668 0.579962962962963 0.06991666666666667 0.2691111111111111
2 0.9790052083333334 0.6766018518518518 0.04198958333333334 0.25684259259259257
2 0.8443437500000001 0.5390092592592592 0.07783854166666666 0.24180555555555552
2 0.4696770833333333 0.7039166666666666 0.06685416666666667 0.3145
2 0.5550364583333334 0.5903518518518519 0.08060937500000001 0.2824074074074074
2 0.6371927083333334 0.5714444444444444 0.06113020833333334 0.28725925925925927
2 0.56315625 0.6250648148148149 0.06694791666666666 0.30014814814814816
1 0.28334375 0.41297222222222224 0.047390625 0.2008888888888889
2 0.14969791666666668 0.696138888888889 0.071921875 0.3003148148148148
2 0.19710416666666666 0.8648518518518519 0.08872395833333332 0.2702962962962963
2 0.9226822916666666 0.3966018518518518 0.064703125 0.18897222222222224
2 0.7756927083333333 0.44757407407407407 0.05558854166666667 0.22341666666666665
0 0.33068229166666663 0.32963888888888887 0.015598958333333333 0.026250000000000002