2 0.6665625 0.8703703703703703 0.11438020833333334 0.25925000000000004
5 0.3028645833333333 0.37025 0.16763541666666668 0.23039814814814816
1 0.43974479166666663 0.4179814814814815 0.04315104166666666 0.13412037037037036
2 0.18044791666666665 0.5887592592592593 0.065625 0.12851851851851853
2 0.4805 0.7006111111111111 0.054885416666666666 0.27469444444444446
2 0.52171875 0.6288611111111111 0.050390625 0.2607962962962963
2 0.762703125 0.48842592592592593 0.046239583333333334 0.18982407407407406
3 0.5761875 0.37772222222222224 0.042416666666666665 0.1587962962962963
2 0.789359375 0.5244814814814815 0.047614583333333335 0.1958425925925926
2 0.7061614583333333 0.5509166666666667 0.0703125 0.2037037037037037
0 0.47891666666666666 0.4693055555555556 0.009947916666666667 0.01661111111111111
2 0.6318541666666667 0.7197314814814815 0.06340104166666667 0.27469444444444446