2 0.6357812500000001 0.5230925925925927 0.04934895833333333 0.19000925925925927
5 0.3015833333333333 0.3782962962962963 0.177 0.22052777777777777
2 0.177546875 0.5884537037037036 0.06630208333333333 0.13624074074074072
2 0.6012760416666667 0.6680555555555555 0.06224479166666667 0.25831481481481483
2 0.477609375 0.589037037037037 0.05603645833333334 0.22880555555555557
2 0.4258385416666667 0.6212222222222222 0.055880208333333334 0.20257407407407407
2 0.7514010416666667 0.5024537037037037 0.029927083333333333 0.17810185185185184
3 0.5149114583333333 0.35400925925925925 0.03310416666666667 0.15638888888888888
2 0.948734375 0.4830185185185185 0.07479166666666666 0.15712962962962962
2 0.7251718749999999 0.4819907407407407 0.04403125 0.2038611111111111
2 0.454296875 0.798537037037037 0.088359375 0.2842222222222222
0 0.4464635416666667 0.44643518518518516 0.008609375 0.014342592592592593
1 0.36281250000000004 0.40123148148148147 0.06311979166666666 0.14858333333333335