5 0.18839062499999998 0.3822314814814815 0.20852083333333335 0.31383333333333335
2 0.7878281250000001 0.5334166666666667 0.06389583333333333 0.25078703703703703
2 0.8999583333333334 0.4041296296296296 0.057359375 0.18887037037037036
2 0.696265625 0.8245833333333333 0.08507291666666666 0.31156481481481485
2 0.7543229166666666 0.5966018518518519 0.07984375 0.27894444444444444
2 0.6526875000000001 0.616388888888889 0.065328125 0.30276851851851855
1 0.3448072916666666 0.3832962962962963 0.05385416666666667 0.1882037037037037
2 0.32030729166666666 0.7809351851851851 0.08285416666666667 0.3066574074074074
2 0.8273385416666666 0.7985092592592592 0.12336979166666667 0.3413055555555556
0 0.47764062500000004 0.3266851851851852 0.009822916666666666 0.01875925925925926
2 0.8132447916666667 0.5269166666666667 0.058041666666666665 0.23903703703703705
2 0.8276458333333333 0.4592685185185185 0.05353125 0.21478703703703703