2 0.507828125 0.5022222222222222 0.041890625 0.20080555555555557
5 0.229890625 0.36666666666666664 0.177 0.24538888888888888
2 0.230859375 0.5527777777777778 0.061760416666666665 0.1733333333333333
2 0.5611458333333333 0.5762037037037037 0.047901041666666665 0.2245462962962963
2 0.3890677083333333 0.540074074074074 0.05310416666666666 0.23207407407407407
2 0.28785937500000003 0.5863518518518518 0.04650520833333334 0.2542685185185185
2 0.68590625 0.4627777777777778 0.04816666666666667 0.18231481481481482
3 0.3955885416666666 0.3339814814814815 0.031614583333333335 0.16264814814814815
1 0.23103125 0.4193518518518518 0.06572395833333333 0.16835185185185184
2 0.7911770833333333 0.5289537037037036 0.040630208333333334 0.18176851851851852
2 0.9070677083333333 0.4734629629629629 0.05369270833333333 0.1743148148148148
2 0.7491197916666666 0.5536481481481482 0.04879166666666667 0.21100925925925926
2 0.6523020833333334 0.425962962962963 0.04731770833333333 0.1880462962962963
2 0.09208333333333334 0.7054907407407407 0.06864583333333334 0.2941388888888889
0 0.27547916666666666 0.4777777777777778 0.013588541666666667 0.026805555555555555
2 0.7213854166666667 0.42962962962962964 0.036520833333333336 0.16962037037037037