2 0.6205677083333333 0.6865555555555556 0.06340104166666667 0.22068518518518518
5 0.3028645833333333 0.37025 0.16763541666666668 0.23039814814814816
1 0.4267239583333333 0.41180555555555554 0.055302083333333335 0.1402962962962963
2 0.17350520833333333 0.5903055555555555 0.07257291666666667 0.12543518518518518
2 0.633578125 0.8603425925925926 0.10396354166666667 0.27931481481481485
2 0.4718177083333333 0.6951759259259259 0.054885416666666666 0.27629629629629626
2 0.5147760416666667 0.6280925925925926 0.04691666666666667 0.2530833333333333
2 0.7596666666666666 0.48687962962962966 0.041901041666666666 0.18982407407407406
3 0.5640364583333334 0.37154629629629626 0.042416666666666665 0.1587962962962963
2 0.77590625 0.5213888888888889 0.055427083333333335 0.19275925925925927
2 0.6961770833333334 0.5447407407407407 0.0625 0.2037037037037037
0 0.47340104166666663 0.48000925925925925 0.010458333333333332 0.01810185185185185