2 0.66459375 0.542712962962963 0.06670833333333334 0.2025925925925926
5 0.3033177083333333 0.36680555555555555 0.178734375 0.23767592592592593
2 0.165390625 0.5901388888888889 0.08366145833333333 0.12419444444444444
2 0.6140833333333333 0.6871759259259259 0.05155208333333334 0.2645
2 0.49713541666666666 0.6089259259259259 0.04475 0.2426851851851852
2 0.451875 0.6661111111111111 0.055880208333333334 0.2565925925925926
2 0.7632083333333333 0.5171111111111111 0.0500625 0.20124999999999998
3 0.5397552083333333 0.3696759259259259 0.043125 0.14542592592592593
1 0.39858333333333335 0.40135185185185185 0.036744791666666665 0.1382962962962963
2 0.7368020833333334 0.48029629629629633 0.056187499999999994 0.18687962962962965
2 0.5456875 0.8423981481481481 0.11283333333333333 0.31210185185185185
0 0.461734375 0.4466574074074074 0.010958333333333332 0.020287037037037037