2 0.343890625 0.7977129629629629 0.07374479166666667 0.3423333333333334
5 0.09684374999999999 0.35880555555555554 0.16822395833333334 0.24846296296296294
0 0.369 0.6496944444444444 0.017958333333333333 0.03174074074074074
2 0.2668177083333333 0.6467314814814815 0.09110416666666667 0.2527037037037037
2 0.6483958333333334 0.4308425925925926 0.03852604166666666 0.18242592592592594
2 0.306421875 0.5322870370370371 0.049005208333333335 0.22206481481481483
2 0.413984375 0.4761944444444444 0.03260416666666667 0.20375925925925925
1 0.08660416666666666 0.3790185185185185 0.049416666666666664 0.20067592592592592
2 0.6082708333333334 0.32503703703703707 0.030989583333333334 0.12525
2 0.5375208333333333 0.34550925925925924 0.03044791666666667 0.1555648148148148
2 0.44022916666666667 0.48519444444444443 0.03440104166666667 0.2035648148148148
3 0.27065104166666665 0.3142407407407407 0.03538541666666666 0.16418518518518518