2 0.672140625 0.8059814814814815 0.09460937500000001 0.34508333333333335
3 0.18016145833333336 0.6181481481481482 0.06671875 0.2724351851851852
3 0.5118125 0.3059537037037037 0.024265625000000002 0.12912037037037036
5 0.7043541666666666 0.3344722222222222 0.134953125 0.18212037037037038
1 0.6476614583333333 0.3405 0.03696875 0.15733333333333333
2 0.46273958333333337 0.4203148148148148 0.04066666666666666 0.15042592592592594
2 0.5179843749999999 0.4145277777777778 0.026421874999999997 0.1801574074074074
2 0.38308333333333333 0.38369444444444445 0.030911458333333332 0.13475
2 0.335625 0.3533148148148148 0.052911458333333335 0.11393518518518518
2 0.3630364583333333 0.4368611111111111 0.035250000000000004 0.15439814814814815
2 0.9130729166666666 0.46346296296296297 0.040192708333333334 0.1835277777777778
0 0.26387499999999997 0.32689814814814816 0.01340625 0.02350925925925926
2 0.259265625 0.382212962962963 0.05296875 0.12319444444444445
2 0.6935677083333334 0.4648981481481481 0.05578125 0.16489814814814815
2 0.17678645833333334 0.43087037037037035 0.049015625 0.17339814814814816