2 0.7246875 0.8875740740740741 0.08479687500000001 0.22483333333333333
5 0.3028645833333333 0.37025 0.16763541666666668 0.23039814814814816
1 0.45740625 0.4243148148148148 0.04481770833333333 0.12146296296296297
2 0.1869583333333333 0.5818148148148148 0.06475520833333333 0.14240740740740743
2 0.48894791666666665 0.704462962962963 0.06055208333333333 0.27314814814814814
2 0.5386822916666667 0.6355740740740741 0.06181770833333333 0.2607962962962963
2 0.7713854166666666 0.4992222222222222 0.04797916666666667 0.20525925925925925
3 0.5912604166666667 0.38080555555555556 0.036890624999999996 0.1587962962962963
2 0.7239583333333334 0.5516851851851853 0.05555208333333333 0.20833333333333334
0 0.4850625 0.46978703703703706 0.009697916666666667 0.018222222222222223
2 0.6428229166666667 0.7305277777777778 0.05107291666666667 0.2777777777777778
2 0.7978072916666666 0.5352777777777779 0.04367708333333333 0.20819444444444443