2 0.22217708333333333 0.5654444444444444 0.065328125 0.19088888888888889
2 0.5250208333333333 0.7660648148148148 0.061369791666666666 0.2984074074074074
3 0.647 0.3963148148148148 0.04478125 0.1731388888888889
2 0.7841822916666668 0.5471388888888888 0.049890625 0.20777777777777778
1 0.48351041666666666 0.4399537037037037 0.04743229166666666 0.11388888888888889
5 0.30879687499999997 0.36891666666666667 0.155328125 0.22303703703703703
2 0.5731875 0.6633425925925925 0.04344270833333333 0.27612037037037035
0 0.49353645833333337 0.48270370370370375 0.010421875 0.019842592592592592
2 0.8358854166666667 0.5476203703703704 0.043828125 0.20396296296296296
2 0.6920677083333333 0.7888888888888889 0.07338020833333332 0.3051851851851852
2 0.8211979166666666 0.5100925925925925 0.0483125 0.20839814814814814