5 0.06702604166666666 0.3499259259259259 0.13088020833333333 0.27285185185185185
2 0.3728489583333333 0.5796296296296296 0.054718750000000003 0.39235185185185184
2 0.5697760416666667 0.6504537037037037 0.14092708333333331 0.3356851851851852
0 0.49602083333333336 0.3837407407407407 0.02991145833333333 0.043398148148148144
2 0.7895989583333333 0.6487870370370371 0.08303124999999999 0.27229629629629626
2 0.9012395833333334 0.5260462962962963 0.11509895833333333 0.23585185185185184
2 0.3330885416666666 0.6994722222222222 0.067859375 0.2975462962962963
2 0.47578125 0.5511296296296296 0.05464583333333333 0.2639351851851852
2 0.4053541666666666 0.6214814814814815 0.05064583333333333 0.29587962962962966
1 0.046109375 0.42283333333333334 0.073421875 0.23305555555555554
2 0.5821979166666666 0.4581574074074074 0.05838541666666666 0.21898148148148147
2 0.9403020833333334 0.3931481481481482 0.03311458333333333 0.2270925925925926