5 0.7001562499999999 0.32691666666666663 0.13671875 0.1701388888888889
2 0.6911145833333333 0.8081018518518519 0.09622395833333333 0.35225925925925927
2 0.9181718750000001 0.464537037037037 0.043578125 0.17830555555555555
1 0.645390625 0.33649074074074076 0.03871875 0.16005555555555556
3 0.5099739583333334 0.3090740740740741 0.03286979166666667 0.1295925925925926
2 0.43866666666666665 0.39748148148148144 0.029989583333333333 0.1347962962962963
2 0.47419791666666666 0.4156111111111111 0.050458333333333334 0.15711111111111112
2 0.1442864583333333 0.44044444444444447 0.04298958333333334 0.18512037037037038
2 0.6746197916666666 0.46069444444444446 0.04060416666666666 0.16069444444444445
3 0.24123958333333334 0.6438703703703703 0.05878125 0.26875
2 0.37432291666666667 0.3644722222222222 0.031953125 0.1471759259259259
2 0.078328125 0.4078981481481481 0.05751041666666667 0.16174074074074074
2 0.41042708333333333 0.4053981481481481 0.03808854166666666 0.14132407407407407
0 0.37302083333333336 0.32605555555555554 0.010817708333333334 0.017944444444444443