2 0.7813125 0.8447222222222222 0.09090625 0.31055555555555553
5 0.17988541666666666 0.39490740740740743 0.22077083333333333 0.3166203703703704
2 0.35977604166666666 0.8082407407407407 0.10297395833333334 0.3702962962962963
2 0.9222083333333334 0.4198888888888889 0.075484375 0.18889814814814815
2 0.9736927083333333 0.8427777777777778 0.05261458333333333 0.3116388888888889
1 0.38044791666666666 0.3705 0.044619791666666665 0.18324074074074076
2 0.8216822916666667 0.5469166666666666 0.04946875 0.22872222222222224
2 0.6729635416666666 0.6270277777777779 0.07805208333333334 0.30844444444444447
2 0.7795677083333333 0.604462962962963 0.06656770833333334 0.26846296296296296
2 0.8492916666666667 0.4742592592592593 0.04321354166666667 0.24763888888888888
0 0.5053177083333333 0.36487037037037034 0.011567708333333334 0.021175925925925928