2 0.62553125 0.5783148148148148 0.06369791666666666 0.2326851851851852
3 0.3966458333333333 0.7119444444444444 0.078328125 0.3045185185185185
3 0.40404687499999997 0.303462962962963 0.023411458333333336 0.12912037037037036
5 0.5662187500000001 0.3302685185185185 0.13 0.16885185185185186
1 0.5745572916666667 0.3383333333333333 0.04770833333333333 0.15171296296296297
2 0.5998854166666666 0.5341481481481481 0.07413020833333334 0.15460185185185185
2 0.5178020833333333 0.45685185185185184 0.03084375 0.17215740740740743
2 0.5096145833333333 0.46471296296296294 0.032067708333333333 0.16249074074074074
2 0.3145729166666667 0.4741666666666667 0.07285416666666666 0.17419444444444443
2 0.24019270833333334 0.38564814814814813 0.030432291666666667 0.15419444444444444
2 0.17686458333333333 0.35000925925925924 0.05203125 0.13775925925925925
2 0.12465104166666667 0.3222407407407407 0.033828125 0.12976851851851853
2 0.110921875 0.5109259259259259 0.049281250000000006 0.2166759259259259
2 0.796859375 0.45116666666666666 0.0400625 0.16774074074074075
2 0.9780052083333334 0.472287037037037 0.03726041666666667 0.18159259259259258