3 0.491625 0.7176203703703703 0.08480208333333333 0.2945833333333333
3 0.5756458333333333 0.3105185185185185 0.03715104166666667 0.12683333333333333
5 0.7391822916666667 0.3405185185185185 0.13308333333333333 0.1779814814814815
1 0.7460104166666667 0.34906481481481483 0.04468229166666667 0.16003703703703703
2 0.8205260416666668 0.5215462962962962 0.08694791666666667 0.18197222222222223
2 0.7038177083333333 0.4715462962962963 0.027791666666666666 0.16783333333333333
2 0.6898958333333333 0.48048148148148145 0.02852604166666667 0.1720925925925926
2 0.41123437500000004 0.38131481481481483 0.032526041666666665 0.14408333333333334
2 0.45136458333333335 0.4815277777777777 0.077453125 0.18188888888888888
2 0.34312499999999996 0.35253703703703704 0.03594270833333334 0.1358425925925926
2 0.24873958333333332 0.33146296296296296 0.028276041666666665 0.12383333333333334
2 0.14336979166666666 0.38342592592592595 0.034145833333333334 0.13652777777777778
2 0.25340625 0.5366388888888889 0.0365 0.2238888888888889
0 0.7272812500000001 0.4585092592592593 0.014598958333333334 0.02736111111111111
2 0.904078125 0.650537037037037 0.09299479166666667 0.2533796296296296
2 0.9799114583333334 0.4683148148148148 0.040177083333333335 0.1740833333333333