2 0.9402395833333334 0.3929722222222222 0.03452604166666667 0.22358333333333333
2 0.41389062499999996 0.6185925925925926 0.05691145833333333 0.30574074074074076
2 0.5904010416666666 0.45975925925925926 0.06453125 0.20226851851851851
2 0.48856249999999996 0.5489074074074074 0.06001041666666666 0.27396296296296296
2 0.383546875 0.5755462962962963 0.05705729166666666 0.38578703703703704
0 0.46169270833333337 0.3706388888888889 0.030692708333333332 0.044055555555555556
2 0.899015625 0.5206944444444445 0.12727604166666667 0.24110185185185184
2 0.7956822916666667 0.6493240740740741 0.08093750000000001 0.264
2 0.575515625 0.6442962962962964 0.12865625 0.32251851851851854
2 0.34503125 0.6982037037037037 0.06313541666666667 0.3010462962962963
5 0.067703125 0.3600925925925926 0.13540625 0.26475925925925925
1 0.06441145833333334 0.42024074074074075 0.06888020833333333 0.2292037037037037