5 0.185890625 0.3866759259259259 0.20352083333333332 0.3049444444444444
2 0.8070625 0.6044259259259259 0.06482291666666666 0.2746388888888889
2 0.9601979166666667 0.4239351851851852 0.07565104166666667 0.17864814814814814
2 0.6967083333333334 0.6292314814814816 0.058916666666666666 0.2960925925925926
1 0.41434374999999996 0.3605185185185185 0.04629166666666666 0.18183333333333332
2 0.3970572916666667 0.8288888888888889 0.08811458333333334 0.34221296296296294
2 0.84971875 0.8579074074074073 0.11018229166666667 0.2841851851851852
2 0.8672239583333333 0.5304074074074074 0.046901041666666664 0.2373148148148148
0 0.526734375 0.34377777777777774 0.018375 0.032518518518518516
2 0.8329687499999999 0.5610277777777778 0.10227083333333334 0.1887037037037037
2 0.8678177083333334 0.44149074074074074 0.036947916666666664 0.18664814814814815