2 0.2650677083333333 0.5936851851851851 0.061468749999999996 0.22473148148148148
2 0.5458541666666666 0.8130277777777778 0.06771354166666667 0.31935185185185183
3 0.6845885416666667 0.4081666666666667 0.04015104166666667 0.17589814814814814
2 0.803171875 0.548212962962963 0.05241666666666667 0.20766666666666667
1 0.49501562499999996 0.42586111111111113 0.03918229166666667 0.13452777777777777
5 0.30879687499999997 0.36891666666666667 0.155328125 0.22303703703703703
2 0.6058229166666667 0.6933148148148148 0.05202083333333333 0.28850925925925924
0 0.47595312500000003 0.4440740740740741 0.008890625000000001 0.017953703703703704
2 0.8589947916666667 0.559962962962963 0.059953125 0.21218518518518517
2 0.72646875 0.8288888888888889 0.08957812500000001 0.3151388888888889
2 0.8579270833333333 0.5140833333333333 0.03208333333333333 0.2096574074074074