2 0.7750364583333333 0.8914351851851852 0.07438020833333334 0.21712037037037038
5 0.3028645833333333 0.37025 0.16763541666666668 0.23039814814814816
1 0.46304687499999997 0.4250833333333333 0.04394791666666666 0.11991666666666666
2 0.19520833333333334 0.571787037037037 0.07430729166666666 0.1624722222222222
2 0.4958958333333333 0.7307037037037036 0.07965104166666667 0.3040185185185185
2 0.543890625 0.6456111111111111 0.072234375 0.2746851851851852
2 0.7835364583333334 0.50925 0.039296875 0.2315
3 0.5973333333333334 0.3792592592592593 0.05078125 0.16187962962962965
2 0.8038854166666667 0.5368240740740741 0.055828125 0.20511111111111113
2 0.7395833333333334 0.5486018518518518 0.04340104166666667 0.20833333333333334
0 0.48981250000000004 0.4811944444444445 0.010416666666666666 0.01887037037037037
2 0.653671875 0.7482777777777778 0.06756770833333332 0.2855