5 0.698078125 0.33335185185185184 0.14047395833333332 0.18431481481481482
2 0.3339375 0.43419444444444444 0.05232291666666666 0.17549074074074075
2 0.18580729166666668 0.3656111111111111 0.031447916666666666 0.15902777777777777
2 0.3153125 0.33573148148148146 0.058234375 0.1351388888888889
2 0.6368229166666667 0.793787037037037 0.062328125 0.34987962962962965
2 0.9146041666666667 0.4564814814814815 0.046947916666666666 0.18237962962962964
3 0.18994791666666666 0.5826851851851852 0.07774479166666667 0.26525925925925925
3 0.5079947916666667 0.3007222222222222 0.033213541666666666 0.1570277777777778
2 0.7026666666666667 0.4677222222222222 0.04859895833333334 0.16694444444444445
2 0.541265625 0.4185277777777778 0.03354166666666667 0.1712962962962963
2 0.47589583333333335 0.41485185185185186 0.03388541666666667 0.15646296296296294
2 0.39705208333333336 0.3831111111111111 0.05138541666666666 0.14677777777777778
2 0.23047916666666665 0.418287037037037 0.04636979166666667 0.18287037037037038
0 0.3628489583333333 0.3835 0.009796875 0.016574074074074074
1 0.6571197916666667 0.33178703703703705 0.05034895833333333 0.16975