2 0.5867135416666667 0.6479722222222222 0.07208333333333333 0.23302777777777778
5 0.3028645833333333 0.3725648148148148 0.16763541666666668 0.23502777777777778
1 0.3488072916666667 0.3940648148148148 0.04092708333333333 0.1572685185185185
2 0.18088541666666666 0.5818148148148148 0.057817708333333336 0.11462962962962962
2 0.4165677083333333 0.7623333333333334 0.07619270833333333 0.24999074074074074
2 0.4232083333333333 0.6165092592592593 0.05648958333333333 0.2237685185185185
2 0.46876562499999996 0.5871944444444444 0.057338541666666666 0.24845370370370368
2 0.7213541666666666 0.4729907407407407 0.03819791666666667 0.18982407407407406
2 0.9210052083333333 0.4807037037037037 0.07117708333333334 0.1527777777777778
3 0.49912500000000004 0.35465740740740737 0.037989583333333334 0.14937037037037038
2 0.745734375 0.5044166666666666 0.04369791666666667 0.19275925925925927
2 0.6210833333333333 0.5246944444444444 0.0546875 0.1913611111111111
0 0.436953125 0.4169351851851852 0.010619791666666666 0.018407407407407407