5 0.18839062499999998 0.3822314814814815 0.20852083333333335 0.31383333333333335
2 0.7640520833333333 0.5366666666666667 0.06927083333333334 0.24302777777777781
2 0.8869791666666667 0.39666666666666667 0.04525520833333333 0.19015740740740741
2 0.5754479166666666 0.7730092592592592 0.09241666666666666 0.30315740740740743
2 0.7026927083333334 0.5740092592592592 0.05319270833333333 0.25932407407407404
2 0.61484375 0.6034444444444444 0.051765625 0.2929907407407408
1 0.30120312499999996 0.4010462962962963 0.047338541666666664 0.1992962962962963
2 0.24616145833333333 0.7337222222222222 0.09784895833333333 0.3275462962962963
2 0.6736927083333334 0.7111296296296297 0.102234375 0.2820833333333333
2 0.5032291666666667 0.9099907407407407 0.067734375 0.1800185185185185
0 0.4236614583333333 0.3454351851851852 0.014567708333333334 0.028944444444444446
2 0.7918125 0.5248611111111111 0.05541666666666667 0.23801851851851852
2 0.7827447916666667 0.49034259259259266 0.06451562500000001 0.28631481481481486