2 0.5200364583333333 0.5049722222222223 0.044140625 0.20260185185185187
5 0.23119270833333333 0.36589814814814814 0.17960416666666665 0.2438425925925926
2 0.186 0.5677314814814814 0.09390104166666666 0.1305648148148148
2 0.5490416666666668 0.5740740740740741 0.044015625 0.22030555555555556
2 0.3815989583333333 0.5445185185185185 0.06450520833333333 0.23207407407407407
2 0.28785937500000003 0.5789444444444445 0.04650520833333334 0.2483425925925926
2 0.6820520833333333 0.46199074074074076 0.03483854166666667 0.18231481481481482
3 0.39720833333333333 0.33492592592592596 0.03447395833333333 0.16264814814814815
1 0.238796875 0.4088611111111111 0.05951041666666667 0.16958333333333334
2 0.8177291666666666 0.5395 0.040630208333333334 0.18176851851851852
2 0.9121875 0.4828333333333334 0.05803125 0.17234259259259258
2 0.7952916666666667 0.5846296296296296 0.03966145833333334 0.23991666666666667
2 0.6583802083333333 0.42818518518518517 0.028234375 0.1658425925925926
2 0.130484375 0.7132592592592593 0.09419270833333333 0.2867314814814815
2 0.7452864583333334 0.43064814814814817 0.043807291666666665 0.17985185185185187