2 0.4780625 0.5089814814814815 0.07226041666666667 0.19149074074074074
5 0.1724375 0.36898148148148147 0.18915104166666669 0.25001851851851853
2 0.18624479166666666 0.6238425925925926 0.1191875 0.23475000000000001
2 0.550125 0.5761944444444445 0.057276041666666666 0.19640740740740742
2 0.6194635416666666 0.5664074074074075 0.05399479166666667 0.2363425925925926
2 0.4243802083333333 0.5395185185185185 0.05499479166666667 0.16507407407407407
2 0.38690104166666667 0.5600648148148148 0.073375 0.23279629629629628
2 0.6689270833333333 0.4519074074074074 0.04045833333333334 0.17296296296296299
2 0.607890625 0.39741666666666664 0.04797395833333333 0.1494814814814815
3 0.3441666666666666 0.3336574074074074 0.038427083333333334 0.1608611111111111
1 0.20805729166666667 0.38556481481481486 0.042354166666666665 0.19708333333333333
2 0.7777395833333334 0.5661111111111111 0.05208854166666667 0.17464814814814816
2 0.9419583333333333 0.4796759259259259 0.050567708333333336 0.1710925925925926
0 0.36399479166666665 0.542712962962963 0.013223958333333334 0.023925925925925927
2 0.024739583333333332 0.7415092592592593 0.049479166666666664 0.30400925925925926