5 0.17950520833333333 0.3975185185185185 0.22673958333333333 0.3249722222222223
2 0.28288541666666667 0.7592592592592593 0.075875 0.3278425925925926
2 0.887984375 0.401712962962963 0.05283854166666667 0.19226851851851853
2 0.5863802083333333 0.93125 0.091 0.1375
2 0.6356458333333334 0.7749537037037038 0.11683854166666667 0.2611111111111111
1 0.317078125 0.3909259259259259 0.054468749999999996 0.18875925925925927
2 0.7764166666666666 0.5314814814814814 0.060859375 0.2527592592592593
2 0.6229479166666666 0.6104814814814815 0.08163020833333333 0.28509259259259256
2 0.7064322916666667 0.5813888888888888 0.07953125 0.27019444444444446
0 0.44735937499999995 0.3609814814814815 0.011364583333333334 0.021324074074074075
2 0.73875 0.7454907407407407 0.071796875 0.27799074074074076