2 0.4000208333333333 0.5578981481481481 0.08191145833333334 0.22398148148148148
5 0.18252083333333333 0.3730740740740741 0.16224479166666667 0.23589814814814816
2 0.17159375 0.6249629629629629 0.08996354166666666 0.22603703703703704
2 0.5465729166666667 0.5893888888888889 0.06844791666666666 0.20389814814814816
2 0.421609375 0.5203888888888889 0.058515624999999995 0.19407407407407407
2 0.6691302083333334 0.45483333333333337 0.042734375 0.1545462962962963
2 0.48363020833333337 0.5106296296296297 0.05280208333333333 0.18341666666666667
2 0.6098802083333333 0.39766666666666667 0.04469270833333334 0.14022222222222222
2 0.6661510416666666 0.36271296296296296 0.031229166666666665 0.10119444444444445
3 0.343109375 0.33271296296296293 0.031984374999999995 0.1540925925925926
0 0.3758385416666667 0.5273055555555556 0.014385416666666668 0.023712962962962963
2 0.793203125 0.5762222222222223 0.06426041666666667 0.19225
2 0.9570729166666666 0.47262037037037036 0.04755729166666667 0.17199074074074075
2 0.6128333333333333 0.5698240740740741 0.05877604166666666 0.22378703703703703
2 0.023005208333333336 0.7415092592592593 0.04600520833333333 0.3132685185185185
1 0.20722916666666666 0.38784259259259257 0.03829166666666666 0.1928703703703704