2 0.9389583333333333 0.40144444444444444 0.051369791666666664 0.1851574074074074
2 0.5497135416666666 0.6253333333333333 0.05876041666666666 0.30857407407407406
2 0.7621302083333333 0.4554537037037037 0.06748958333333334 0.2148888888888889
2 0.6117916666666667 0.5741851851851852 0.0574375 0.28002777777777776
2 0.5332083333333333 0.5899814814814814 0.05240625 0.28724074074074074
0 0.30555208333333334 0.40630555555555553 0.013921875 0.02634259259259259
2 0.8551875 0.541962962962963 0.091390625 0.24569444444444447
2 0.9500416666666667 0.6614537037037037 0.092296875 0.23683333333333334
2 0.7116562500000001 0.5806111111111111 0.07204687500000001 0.27025925925925925
2 0.4639947916666667 0.7010185185185185 0.06945833333333334 0.3055
5 0.17192708333333334 0.3834351851851852 0.21195833333333333 0.30037037037037034
1 0.2624375 0.42480555555555555 0.058578125 0.1933425925925926
2 0.14216666666666666 0.7075092592592592 0.07493229166666666 0.3426111111111111
2 0.12150520833333332 0.8719444444444445 0.08480208333333333 0.24453703703703705