2 0.55653125 0.4652685185185185 0.06083854166666667 0.21483333333333335
2 0.5551666666666667 0.6471111111111111 0.15491666666666667 0.3563703703703704
2 0.7753854166666667 0.6559814814814815 0.07363541666666666 0.27871296296296294
2 0.9078072916666666 0.5332685185185184 0.07677604166666667 0.2501759259259259
2 0.316171875 0.7010000000000001 0.07353645833333333 0.30371296296296296
2 0.38388541666666665 0.6234444444444445 0.05535416666666667 0.304
2 0.3447604166666667 0.6014166666666666 0.05572916666666667 0.3455
2 0.45666666666666667 0.5620648148148147 0.05599479166666667 0.2582592592592593
5 0.05646875 0.3567222222222222 0.11293229166666667 0.2679166666666667
1 0.027536458333333333 0.4224907407407408 0.05230729166666667 0.2374166666666667
2 0.94325 0.3778518518518518 0.05433333333333333 0.2101111111111111