5 0.7012031249999999 0.3259444444444444 0.14047395833333332 0.18431481481481482
2 0.35249479166666664 0.36424999999999996 0.031989583333333335 0.1441574074074074
2 0.684359375 0.8095092592592592 0.080453125 0.3632037037037037
2 0.9146041666666667 0.46247222222222223 0.046947916666666666 0.1943611111111111
3 0.19744791666666667 0.6432129629629629 0.05649479166666667 0.2863611111111111
3 0.5104947916666667 0.30664814814814817 0.028213541666666668 0.1451851851851852
2 0.6871666666666666 0.4694814814814815 0.038786458333333336 0.17730555555555558
2 0.5060677083333334 0.43592592592592594 0.043333333333333335 0.14760185185185185
2 0.43981770833333333 0.43233333333333335 0.04527604166666667 0.15200925925925926
2 0.3893020833333333 0.4213796296296296 0.035890624999999995 0.16112962962962965
2 0.16194270833333332 0.43049074074074073 0.04054166666666667 0.17324074074074072
1 0.6433697916666666 0.33137037037037037 0.04619270833333333 0.15838888888888888
2 0.3159427083333333 0.3691388888888889 0.05521875 0.12189814814814816
2 0.018791666666666665 0.4075092592592593 0.03758333333333333 0.1870185185185185