5 0.22239583333333332 0.3768518518518518 0.15729166666666666 0.22037037037037038
2 0.055989583333333336 0.7089444444444444 0.06822916666666666 0.30064814814814816
1 0.22989583333333333 0.3972222222222222 0.06978645833333334 0.18482407407407409
2 0.4132604166666667 0.5407037037037037 0.04724479166666666 0.20267592592592593
2 0.3268229166666667 0.5384166666666667 0.07030729166666667 0.25247222222222226
0 0.3359375 0.42777777777777776 0.021875 0.037037037037037035
2 0.5705572916666667 0.5817685185185185 0.058734375 0.22378703703703703
2 0.501703125 0.5024259259259259 0.048640625 0.19971296296296295
2 0.7672135416666667 0.5370833333333332 0.050994791666666664 0.17278703703703704
2 0.6933854166666666 0.5453703703703704 0.060468749999999995 0.21282407407407408
2 0.6521197916666667 0.41514814814814816 0.05577083333333333 0.16839814814814816
3 0.3880208333333333 0.33240740740740743 0.034375 0.1574074074074074
2 0.26698958333333334 0.5872407407407407 0.0646875 0.2379259259259259
2 0.7010052083333334 0.40488888888888885 0.04317708333333334 0.14477777777777778
2 0.90625 0.4777777777777778 0.07083333333333333 0.16666666666666666