2 0.8077239583333333 0.5478425925925926 0.052953125000000004 0.21296296296296297
2 0.8607395833333332 0.56075 0.06190625 0.21899074074074074
5 0.3028645833333333 0.37025 0.16763541666666668 0.23039814814814816
1 0.493234375 0.4259444444444444 0.045223958333333335 0.13812962962962963
2 0.27159895833333336 0.5926203703703703 0.05868229166666667 0.21958333333333332
2 0.5518854166666666 0.8163425925925926 0.06836458333333333 0.32407407407407407
2 0.6042239583333333 0.6996203703703704 0.05400520833333333 0.29628703703703707
2 0.860171875 0.5110277777777777 0.06367708333333334 0.19978703703703704
3 0.6852291666666667 0.40703703703703703 0.04165625 0.18039814814814817
0 0.47626562499999997 0.4400833333333333 0.008765624999999999 0.015564814814814814
2 0.7291927083333333 0.8285185185185184 0.08319791666666668 0.3132685185185185