5 0.7064374999999999 0.33742592592592596 0.13671875 0.1701388888888889
3 0.18882291666666667 0.5853518518518518 0.056192708333333334 0.24997222222222223
2 0.9157135416666667 0.4619814814814815 0.04594270833333333 0.17637962962962964
1 0.6601822916666666 0.33747222222222223 0.042958333333333334 0.1579074074074074
3 0.50684375 0.2997314814814815 0.021484375 0.125
2 0.33432291666666664 0.43141666666666667 0.03576041666666666 0.1652962962962963
2 0.6454270833333333 0.7992777777777778 0.06843229166666666 0.34046296296296297
2 0.39810416666666665 0.37907407407407406 0.041838541666666666 0.15121296296296297
2 0.19327604166666665 0.37024074074074076 0.030104166666666664 0.14662962962962964
2 0.7019010416666667 0.4624074074074074 0.04523958333333333 0.16537962962962965
2 0.4759010416666667 0.4142314814814815 0.026651041666666667 0.15881481481481483
2 0.32983854166666665 0.31701851851851853 0.05483854166666667 0.07658333333333332
2 0.538796875 0.419962962962963 0.032125 0.17509259259259258
2 0.21571354166666667 0.42392592592592593 0.03290625 0.16622222222222224