2 0.4916302083333333 0.5196851851851851 0.07429166666666666 0.17862037037037037
5 0.1736197916666667 0.37107407407407406 0.17416666666666666 0.23615740740740743
2 0.14784895833333334 0.6186666666666666 0.052807291666666666 0.2614259259259259
2 0.5414427083333333 0.5849722222222222 0.07463541666666668 0.21987962962962962
2 0.5989635416666667 0.5955092592592592 0.061375 0.2453611111111111
2 0.422015625 0.5569351851851851 0.050270833333333334 0.23249074074074075
2 0.4079166666666667 0.5282870370370369 0.05425 0.22010185185185185
2 0.6730937499999999 0.4498333333333333 0.04879166666666667 0.17787037037037037
2 0.661046875 0.3938148148148148 0.020828125 0.157
2 0.604140625 0.38843518518518516 0.04047395833333333 0.15264814814814817
3 0.34371875 0.33390740740740743 0.03241145833333333 0.16136111111111112
1 0.20317187499999997 0.3886388888888889 0.032901041666666665 0.19692592592592592
2 0.8366927083333333 0.6076018518518519 0.052921875 0.19842592592592595
0 0.4223385416666667 0.5170833333333333 0.016458333333333335 0.022046296296296296
2 0.017333333333333333 0.7394537037037037 0.034666666666666665 0.317