2 0.48848437499999997 0.5294537037037037 0.053843749999999996 0.17525000000000002
2 0.5244895833333333 0.6031111111111112 0.06515104166666667 0.22893518518518519
5 0.17467708333333334 0.36869444444444444 0.17068750000000002 0.23878703703703702
2 0.40934895833333335 0.5214814814814815 0.03789583333333334 0.2121111111111111
2 0.6787447916666667 0.44735185185185183 0.045796875 0.1697685185185185
2 0.4405364583333334 0.5410370370370371 0.042317708333333336 0.22908333333333333
1 0.19779166666666667 0.3895925925925926 0.04326041666666667 0.19769444444444442
2 0.5780677083333334 0.6061296296296297 0.044375000000000005 0.23966666666666664
3 0.34166145833333333 0.33425 0.029859375 0.16110185185185186
0 0.44980729166666666 0.4636111111111111 0.013927083333333333 0.02449074074074074
2 0.12783854166666667 0.6142962962962963 0.05669791666666667 0.2550277777777778
2 0.609 0.38225925925925924 0.059609375 0.1484351851851852
2 0.6681458333333333 0.3786388888888889 0.031572916666666666 0.1320462962962963
2 0.866 0.6451481481481481 0.05279166666666667 0.22728703703703704