5 0.5949687499999999 0.3324259259259259 0.15713541666666667 0.20467592592592593
2 0.19694791666666667 0.4685092592592593 0.044984375 0.19160185185185186
2 0.35876562500000003 0.4723333333333333 0.08588541666666667 0.16913888888888887
2 0.24796875000000002 0.34571296296296294 0.049609375 0.14476851851851852
2 0.30541666666666667 0.3794166666666666 0.03636458333333333 0.14994444444444444
2 0.5434375 0.5316851851851853 0.05399479166666667 0.21700000000000003
2 0.8421145833333333 0.4549074074074074 0.04986458333333333 0.17553703703703705
3 0.44948958333333333 0.7181666666666666 0.076078125 0.30524074074074076
3 0.462171875 0.30516666666666664 0.033213541666666666 0.14074074074074075
1 0.620109375 0.33544444444444443 0.05688020833333333 0.14682407407407408
0 0.436125 0.38635185185185184 0.013421875 0.023935185185185188
2 0.030520833333333334 0.3875925925925926 0.05288020833333333 0.1423888888888889