5 0.8619791666666666 0.35 0.146875 0.22592592592592592
2 0.31434375 0.5291666666666667 0.06722916666666667 0.22773148148148148
3 0.5428229166666667 0.7221203703703704 0.07669270833333333 0.3058611111111111
0 0.29027083333333337 0.4131388888888889 0.013020833333333334 0.022444444444444444
2 0.9063177083333334 0.5161296296296296 0.07174479166666667 0.18812037037037035
1 0.8248177083333333 0.3518240740740741 0.053802083333333334 0.1592037037037037
3 0.6825520833333333 0.31916666666666665 0.027786458333333333 0.13191666666666665
2 0.5247499999999999 0.4636111111111111 0.04679166666666667 0.19111111111111112
2 0.39997916666666666 0.3478148148148148 0.047135416666666666 0.13680555555555557
2 0.7870885416666666 0.4870185185185185 0.03592708333333334 0.16898148148148148
2 0.212625 0.38151851851851853 0.035046875000000005 0.15130555555555555
2 0.49833854166666663 0.3821759259259259 0.0275 0.14998148148148147
2 0.30904166666666666 0.3452222222222222 0.038786458333333336 0.13242592592592595