5 0.7064374999999999 0.33742592592592596 0.13671875 0.1701388888888889
3 0.18584375 0.6082777777777778 0.060244791666666665 0.2687685185185185
2 0.9144635416666667 0.4671666666666667 0.04677604166666667 0.18674074074074073
1 0.6559114583333333 0.3354259259259259 0.040364583333333336 0.16203703703703703
3 0.5103333333333333 0.3067037037037037 0.028463541666666665 0.12814814814814815
2 0.342328125 0.4383518518518519 0.05026041666666667 0.15880555555555556
2 0.6612135416666667 0.8071203703703704 0.07895833333333332 0.33744444444444444
2 0.39355208333333336 0.3843333333333333 0.03724479166666667 0.1502777777777778
2 0.199421875 0.4221759259259259 0.04103645833333334 0.16930555555555554
2 0.6930260416666666 0.4605648148148148 0.05846354166666667 0.16439814814814815
2 0.47047916666666667 0.41364814814814815 0.033749999999999995 0.1583240740740741
2 0.32638541666666665 0.33924074074074073 0.050093750000000006 0.1104537037037037
2 0.531875 0.42521296296296296 0.030984375 0.15968518518518518
2 0.23140625 0.3715277777777778 0.03181770833333333 0.13194444444444445
0 0.27645312499999997 0.3026944444444445 0.012515625 0.02199074074074074