2 0.5872395833333334 0.5504629629629629 0.019270833333333334 0.15648148148148147
2 0.409375 0.5194444444444445 0.019791666666666666 0.07962962962962963
2 0.6979166666666666 0.49398148148148147 0.025 0.10092592592592593
2 0.67578125 0.5199074074074074 0.0359375 0.08055555555555556
2 0.37578125 0.5078703703703704 0.0203125 0.0787037037037037
2 0.45078125 0.5356481481481481 0.028645833333333332 0.10648148148148148
2 0.5205729166666667 0.5101851851851852 0.028645833333333332 0.08518518518518518
2 0.6286458333333333 0.5430555555555555 0.029166666666666667 0.14537037037037037
2 0.24869791666666666 0.5611111111111111 0.03177083333333333 0.1
2 0.39140625 0.5768518518518518 0.03802083333333333 0.13703703703703704
2 0.31484375 0.5995370370370371 0.04739583333333333 0.14722222222222223
0 0.30026041666666664 0.5787037037037037 0.0171875 0.025925925925925925