2 0.90390625 0.5449074074074074 0.028645833333333332 0.15462962962962962
2 0.80859375 0.5185185185185185 0.021354166666666667 0.12777777777777777
2 0.8838541666666667 0.5731481481481482 0.046875 0.23333333333333334
2 0.8354166666666667 0.5365740740740741 0.046875 0.1824074074074074
2 0.6408854166666667 0.5606481481481481 0.05260416666666667 0.16944444444444445
2 0.6221354166666667 0.524074074074074 0.024479166666666666 0.12222222222222222
2 0.5372395833333333 0.5597222222222222 0.03802083333333333 0.1361111111111111
2 0.6955729166666667 0.5138888888888888 0.025520833333333333 0.11296296296296296
2 0.78125 0.524074074074074 0.026041666666666668 0.13703703703703704
2 0.2869791666666667 0.5893518518518519 0.04583333333333333 0.18055555555555555
0 0.9453125 0.5541666666666667 0.04375 0.058333333333333334