2 0.7716145833333333 0.6152777777777778 0.015104166666666667 0.06759259259259259
2 0.9877604166666667 0.6819444444444445 0.0234375 0.09907407407407408
2 0.9622395833333334 0.6407407407407407 0.025520833333333333 0.07037037037037037
2 0.9276041666666667 0.611574074074074 0.025 0.06388888888888888
2 0.9755208333333333 0.6370370370370371 0.022916666666666665 0.07777777777777778
2 0.7611979166666667 0.6078703703703704 0.0171875 0.06944444444444445
2 0.8140625 0.6189814814814815 0.020833333333333332 0.06388888888888888
2 0.79375 0.6203703703703703 0.01875 0.07962962962962963
2 0.6513020833333333 0.5953703703703703 0.016145833333333335 0.06111111111111111
2 0.81640625 0.6861111111111111 0.0421875 0.10925925925925926
2 0.8403645833333333 0.6467592592592593 0.0234375 0.08796296296296297
2 0.6934895833333333 0.6152777777777778 0.019270833333333334 0.0712962962962963
2 0.5341145833333333 0.9125 0.0546875 0.175
0 0.9078125 0.4875 0.010416666666666666 0.01574074074074074