2 0.2234375 0.5421296296296296 0.025 0.05277777777777778
2 0.23541666666666666 0.5342592592592592 0.019791666666666666 0.05925925925925926
2 0.34036458333333336 0.5074074074074074 0.015104166666666667 0.06481481481481481
2 0.3234375 0.5199074074074074 0.015625 0.075
2 0.26328125 0.5273148148148148 0.022395833333333334 0.0824074074074074
2 0.40963541666666664 0.5157407407407407 0.018229166666666668 0.07962962962962963
2 0.19557291666666668 0.5356481481481481 0.0390625 0.06018518518518518
2 0.2989583333333333 0.5143518518518518 0.01875 0.06018518518518518
2 0.38125 0.5287037037037037 0.03125 0.08703703703703704
2 0.15807291666666667 0.5513888888888889 0.025520833333333333 0.09907407407407408
0 0.21458333333333332 0.5481481481481482 0.007291666666666667 0.014814814814814815