2 0.20182291666666666 0.6129629629629629 0.0203125 0.07962962962962963
2 0.4002604166666667 0.6907407407407408 0.04010416666666667 0.10185185185185185
2 0.05390625 0.6625 0.0421875 0.09166666666666666
2 0.56640625 0.6106481481481482 0.021354166666666667 0.06944444444444445
2 0.16770833333333332 0.6574074074074074 0.028125 0.09814814814814815
2 0.5466145833333333 0.6231481481481481 0.0203125 0.07777777777777778
2 0.7729166666666667 0.6388888888888888 0.026041666666666668 0.0962962962962963
2 0.428125 0.6444444444444445 0.030208333333333334 0.08703703703703704
2 0.23177083333333334 0.6694444444444444 0.036458333333333336 0.09074074074074075
2 0.5091145833333334 0.6671296296296296 0.0328125 0.09907407407407408
2 0.3450520833333333 0.774537037037037 0.0359375 0.14351851851851852
2 0.41380208333333335 0.8467592592592592 0.07239583333333334 0.16018518518518518
0 0.14348958333333334 0.6273148148148148 0.013020833333333334 0.019444444444444445