2 0.85078125 0.43194444444444446 0.028645833333333332 0.09722222222222222
2 0.7364583333333333 0.4300925925925926 0.01875 0.11574074074074074
2 0.5359375 0.43148148148148147 0.020833333333333332 0.0962962962962963
2 0.7080729166666667 0.43287037037037035 0.024479166666666666 0.11203703703703703
2 0.7552083333333334 0.4666666666666667 0.052083333333333336 0.1925925925925926
2 0.68203125 0.43333333333333335 0.024479166666666666 0.10925925925925926
2 0.4354166666666667 0.4486111111111111 0.035416666666666666 0.12129629629629629
2 0.6192708333333333 0.43703703703703706 0.026041666666666668 0.12222222222222222
2 0.81171875 0.44907407407407407 0.049479166666666664 0.14629629629629629
2 0.5643229166666667 0.4875 0.05572916666666667 0.2064814814814815
0 0.5328125 0.4046296296296296 0.010416666666666666 0.016666666666666666