2 0.515625 0.43333333333333335 0.017708333333333333 0.10925925925925926
2 0.47682291666666665 0.42268518518518516 0.015104166666666667 0.08611111111111111
2 0.7453125 0.43657407407407406 0.027083333333333334 0.06574074074074074
2 0.32890625 0.425 0.018229166666666668 0.07407407407407407
2 0.1890625 0.4583333333333333 0.030208333333333334 0.11296296296296296
2 0.10026041666666667 0.45925925925925926 0.033854166666666664 0.17592592592592593
2 0.3111979166666667 0.43425925925925923 0.024479166666666666 0.10925925925925926
2 0.37395833333333334 0.4412037037037037 0.027083333333333334 0.12685185185185185
2 0.21458333333333332 0.4305555555555556 0.029166666666666667 0.10925925925925926
2 0.075 0.49398148148148147 0.075 0.16574074074074074
2 0.49973958333333335 0.46805555555555556 0.0296875 0.18425925925925926
0 0.4296875 0.3939814814814815 0.010416666666666666 0.017592592592592594