2 0.3346354166666667 0.7175925925925926 0.034895833333333334 0.12222222222222222
2 0.3924479166666667 0.6888888888888889 0.025520833333333333 0.11481481481481481
2 0.32838541666666665 0.7125 0.0265625 0.12685185185185185
2 0.340625 0.7208333333333333 0.035416666666666666 0.11944444444444445
2 0.39557291666666666 0.6972222222222222 0.0296875 0.10925925925925926
2 0.72578125 0.6532407407407408 0.0203125 0.08611111111111111
2 0.5010416666666667 0.6819444444444445 0.03229166666666667 0.0824074074074074
2 0.42942708333333335 0.6986111111111111 0.028645833333333332 0.10462962962962963
2 0.4739583333333333 0.7143518518518519 0.03333333333333333 0.13240740740740742
2 0.13385416666666666 0.736574074074074 0.042708333333333334 0.1675925925925926
2 0.30104166666666665 0.7490740740740741 0.042708333333333334 0.15555555555555556
0 0.45260416666666664 0.6851851851851852 0.013541666666666667 0.022222222222222223