2 0.490625 0.5337962962962963 0.015625 0.07314814814814814
2 0.4244791666666667 0.5254629629629629 0.014583333333333334 0.06018518518518518
2 0.5135416666666667 0.5319444444444444 0.014583333333333334 0.06759259259259259
2 0.5317708333333333 0.5333333333333333 0.017708333333333333 0.06666666666666667
2 0.70390625 0.5453703703703704 0.028645833333333332 0.10925925925925926
2 0.478125 0.5722222222222222 0.03125 0.14814814814814814
2 0.5830729166666667 0.5328703703703703 0.022395833333333334 0.07314814814814814
2 0.6182291666666667 0.5564814814814815 0.042708333333333334 0.11666666666666667
2 0.37005208333333334 0.5481481481481482 0.024479166666666666 0.11481481481481481
2 0.84765625 0.6018518518518519 0.0484375 0.17037037037037037
0 0.5083333333333333 0.5305555555555556 0.00625 0.011111111111111112