2 0.7557291666666667 0.6375 0.017708333333333333 0.058333333333333334
2 0.46822916666666664 0.674537037037037 0.020833333333333332 0.08611111111111111
2 0.5 0.6819444444444445 0.029166666666666667 0.09907407407407408
2 0.796875 0.6453703703703704 0.025 0.07407407407407407
2 0.18697916666666667 0.7166666666666667 0.03333333333333333 0.14444444444444443
2 0.5580729166666667 0.675 0.0453125 0.1037037037037037
2 0.296875 0.6805555555555556 0.03229166666666667 0.10740740740740741
2 0.8565104166666667 0.6537037037037037 0.024479166666666666 0.07407407407407407
2 0.6294270833333333 0.774537037037037 0.059895833333333336 0.20462962962962963
2 0.6901041666666666 0.749537037037037 0.04895833333333333 0.1824074074074074
2 0.4388020833333333 0.7212962962962963 0.03697916666666667 0.14074074074074075
0 0.8567708333333334 0.6370370370370371 0.011458333333333333 0.018518518518518517