2 0.2760416666666667 0.5435185185185185 0.01875 0.1
2 0.46822916666666664 0.48518518518518516 0.0125 0.06296296296296296
2 0.33984375 0.5115740740740741 0.019270833333333334 0.0712962962962963
2 0.5140625 0.49027777777777776 0.025 0.062037037037037036
2 0.48776041666666664 0.5356481481481481 0.025520833333333333 0.11574074074074074
2 0.45260416666666664 0.5523148148148148 0.026041666666666668 0.12314814814814815
2 0.2921875 0.5458333333333333 0.023958333333333335 0.09351851851851851
2 0.70703125 0.5953703703703703 0.0546875 0.22037037037037038
2 0.6395833333333333 0.5101851851851852 0.030208333333333334 0.10740740740740741
2 0.38125 0.5217592592592593 0.023958333333333335 0.0787037037037037
0 0.36302083333333335 0.49722222222222223 0.009375 0.018518518518518517