2 0.6502604166666667 0.4388888888888889 0.025520833333333333 0.12777777777777777
2 0.7442708333333333 0.49907407407407406 0.08854166666666667 0.2796296296296296
2 0.7864583333333334 0.4462962962962963 0.022916666666666665 0.16296296296296298
2 0.8453125 0.43842592592592594 0.030208333333333334 0.1287037037037037
2 0.6453125 0.4412037037037037 0.034375 0.13796296296296295
2 0.7015625 0.4356481481481482 0.020833333333333332 0.13055555555555556
2 0.6403645833333333 0.4486111111111111 0.03697916666666667 0.16018518518518518
2 0.8658854166666666 0.4412037037037037 0.024479166666666666 0.1287037037037037
2 0.6130208333333333 0.4388888888888889 0.021875 0.1259259259259259
2 0.9151041666666667 0.4615740740740741 0.034375 0.14722222222222223
2 0.51328125 0.44675925925925924 0.03697916666666667 0.13055555555555556
0 0.8424479166666666 0.41388888888888886 0.0140625 0.020370370370370372