2 0.8713541666666667 0.6402777777777777 0.027083333333333334 0.07314814814814814
2 0.7859375 0.637962962962963 0.016666666666666666 0.05740740740740741
2 0.865625 0.6361111111111111 0.025 0.07037037037037037
2 0.8854166666666666 0.6578703703703703 0.026041666666666668 0.06759259259259259
2 0.7658854166666667 0.6722222222222223 0.022395833333333334 0.1
2 0.84140625 0.6393518518518518 0.018229166666666668 0.07685185185185185
2 0.8015625 0.6513888888888889 0.020833333333333332 0.08055555555555556
2 0.6736979166666667 0.6481481481481481 0.022395833333333334 0.07407407407407407
2 0.9075520833333334 0.6375 0.027604166666666666 0.06574074074074074
2 0.9838541666666667 0.6523148148148148 0.028125 0.10092592592592593
0 0.9325520833333333 0.6240740740740741 0.016145833333333335 0.022222222222222223