2 0.784375 0.6064814814814815 0.0125 0.06481481481481481
2 0.8528645833333334 0.6175925925925926 0.019270833333333334 0.06666666666666667
2 0.8182291666666667 0.5995370370370371 0.01875 0.062037037037037036
2 0.7825520833333334 0.6 0.013020833333333334 0.06481481481481481
2 0.8643229166666667 0.6157407407407407 0.016145833333333335 0.06851851851851852
2 0.7921875 0.6175925925925926 0.016666666666666666 0.06481481481481481
2 0.8111979166666666 0.6078703703703704 0.015104166666666667 0.06574074074074074
2 0.8497395833333333 0.6171296296296296 0.019270833333333334 0.06574074074074074
2 0.7528645833333333 0.6226851851851852 0.015104166666666667 0.06944444444444445
2 0.72265625 0.5995370370370371 0.019270833333333334 0.062037037037037036
2 0.7018229166666666 0.6087962962962963 0.022395833333333334 0.06018518518518518
2 0.9479166666666666 0.6129629629629629 0.01875 0.07222222222222222
0 0.9276041666666667 0.6268518518518519 0.011458333333333333 0.018518518518518517