2 0.8171875 0.6236111111111111 0.014583333333333334 0.0824074074074074
2 0.9893229166666667 0.6324074074074074 0.021354166666666667 0.08333333333333333
2 0.7981770833333334 0.625462962962963 0.021354166666666667 0.0712962962962963
2 0.7783854166666667 0.6171296296296296 0.022395833333333334 0.0712962962962963
2 0.8325520833333333 0.6268518518518519 0.0171875 0.07962962962962963
2 0.8578125 0.6226851851851852 0.023958333333333335 0.06759259259259259
2 0.55 0.5986111111111111 0.022916666666666665 0.07314814814814814
2 0.6760416666666667 0.6314814814814815 0.020833333333333332 0.08333333333333333
2 0.9526041666666667 0.700925925925926 0.051041666666666666 0.1037037037037037
2 0.8903645833333333 0.6763888888888889 0.028645833333333332 0.10462962962962963
0 0.84921875 0.6092592592592593 0.011979166666666667 0.018518518518518517