2 0.5130208333333334 0.6217592592592592 0.022916666666666665 0.08425925925925926
2 0.484375 0.6398148148148148 0.017708333333333333 0.08333333333333333
2 0.6776041666666667 0.6842592592592592 0.029166666666666667 0.09444444444444444
2 0.7119791666666667 0.649537037037037 0.030208333333333334 0.09166666666666666
2 0.6255208333333333 0.7828703703703703 0.03958333333333333 0.15462962962962962
2 0.5494791666666666 0.6828703703703703 0.027083333333333334 0.10833333333333334
2 0.771875 0.7296296296296296 0.040625 0.1425925925925926
2 0.21770833333333334 0.6148148148148148 0.020833333333333332 0.07222222222222222
2 0.6549479166666666 0.6782407407407407 0.022395833333333334 0.11018518518518519
2 0.9489583333333333 0.7245370370370371 0.052083333333333336 0.13796296296296295
2 0.41692708333333334 0.7314814814814815 0.050520833333333334 0.12962962962962962
2 0.4674479166666667 0.9037037037037037 0.05364583333333333 0.1925925925925926
2 0.859375 0.7240740740740741 0.04583333333333333 0.14629629629629629
0 0.9666666666666667 0.6953703703703704 0.016666666666666666 0.025925925925925925