2 0.5526041666666667 0.5300925925925926 0.022916666666666665 0.09907407407407408
2 0.3658854166666667 0.5115740740740741 0.016145833333333335 0.07685185185185185
2 0.5328125 0.5115740740740741 0.020833333333333332 0.08055555555555556
2 0.4752604166666667 0.5101851851851852 0.019270833333333334 0.07777777777777778
2 0.35104166666666664 0.5342592592592592 0.027083333333333334 0.09444444444444444
2 0.7411458333333333 0.5277777777777778 0.034375 0.14814814814814814
2 0.6065104166666667 0.5115740740740741 0.025520833333333333 0.07685185185185185
2 0.8205729166666667 0.5222222222222223 0.04114583333333333 0.12037037037037036
2 0.24947916666666667 0.5745370370370371 0.0375 0.14166666666666666
2 0.5721354166666667 0.5837962962962963 0.0515625 0.16018518518518518
2 0.7875 0.5740740740740741 0.07083333333333333 0.16666666666666666
0 0.7393229166666667 0.6037037037037037 0.022395833333333334 0.03333333333333333