2 0.5130208333333334 0.5078703703703704 0.025 0.07685185185185185
2 0.5661458333333333 0.487962962962963 0.013541666666666667 0.07222222222222222
2 0.58125 0.5046296296296297 0.017708333333333333 0.09444444444444444
2 0.7466145833333333 0.4925925925925926 0.030729166666666665 0.10185185185185185
2 0.46510416666666665 0.5615740740740741 0.040625 0.12314814814814815
2 0.40989583333333335 0.6226851851851852 0.042708333333333334 0.22314814814814815
2 0.6205729166666667 0.5314814814814814 0.03802083333333333 0.11851851851851852
2 0.7809895833333333 0.5731481481481482 0.0328125 0.18518518518518517
2 0.6606770833333333 0.5138888888888888 0.033854166666666664 0.10740740740740741
2 0.5166666666666667 0.600925925925926 0.03333333333333333 0.18518518518518517
2 0.3421875 0.5615740740740741 0.035416666666666666 0.1175925925925926
0 0.4161458333333333 0.48518518518518516 0.022916666666666665 0.03888888888888889