2 0.12734375 0.7356481481481482 0.033854166666666664 0.1361111111111111
2 0.47578125 0.6231481481481481 0.016145833333333335 0.07592592592592592
2 0.4609375 0.6365740740740741 0.017708333333333333 0.08055555555555556
2 0.24661458333333333 0.6875 0.021354166666666667 0.11018518518518519
2 0.22682291666666668 0.6662037037037037 0.0234375 0.10833333333333334
2 0.27734375 0.6444444444444445 0.0265625 0.08518518518518518
2 0.15 0.787962962962963 0.06666666666666667 0.1574074074074074
2 0.3729166666666667 0.6865740740740741 0.027083333333333334 0.11018518518518519
2 0.3455729166666667 0.7458333333333333 0.0328125 0.1398148148148148
2 0.5364583333333334 0.7162037037037037 0.035416666666666666 0.13796296296296295
2 0.16223958333333333 0.6930555555555555 0.03177083333333333 0.12685185185185185
2 0.37213541666666666 0.9027777777777778 0.07552083333333333 0.19444444444444445
0 0.22682291666666668 0.6106481481481482 0.011979166666666667 0.019444444444444445