2 0.7072916666666667 0.5407407407407407 0.017708333333333333 0.09444444444444444
2 0.57265625 0.5259259259259259 0.0140625 0.053703703703703705
2 0.6684895833333333 0.5226851851851851 0.0109375 0.05092592592592592
2 0.5119791666666667 0.5333333333333333 0.01875 0.06666666666666667
2 0.64296875 0.5305555555555556 0.018229166666666668 0.06666666666666667
2 0.48359375 0.5291666666666667 0.0140625 0.05648148148148148
2 0.5893229166666667 0.5402777777777777 0.019270833333333334 0.075
2 0.7471354166666667 0.5291666666666667 0.016145833333333335 0.06759259259259259
2 0.6924479166666667 0.5513888888888889 0.028645833333333332 0.10462962962962963
2 0.42161458333333335 0.5444444444444444 0.0203125 0.07222222222222222
0 0.46484375 0.5087962962962963 0.0078125 0.013888888888888888