2 0.80625 0.6222222222222222 0.022916666666666665 0.08333333333333333
2 0.80234375 0.6101851851851852 0.018229166666666668 0.07037037037037037
2 0.8119791666666667 0.6439814814814815 0.022916666666666665 0.08796296296296297
2 0.8283854166666667 0.6231481481481481 0.0203125 0.07037037037037037
2 0.6895833333333333 0.5856481481481481 0.017708333333333333 0.05648148148148148
2 0.7809895833333333 0.6152777777777778 0.018229166666666668 0.08055555555555556
2 0.9731770833333333 0.6212962962962963 0.024479166666666666 0.09074074074074075
2 0.5653645833333333 0.5953703703703703 0.018229166666666668 0.06666666666666667
2 0.74609375 0.6134259259259259 0.016145833333333335 0.07314814814814814
2 0.7171875 0.5861111111111111 0.023958333333333335 0.05740740740740741
2 0.8611979166666667 0.6273148148148148 0.0328125 0.08796296296296297
2 0.6197916666666666 0.6097222222222223 0.01875 0.07314814814814814
0 0.8291666666666667 0.49444444444444446 0.010416666666666666 0.016666666666666666