2 0.5791666666666667 0.5078703703703704 0.015625 0.05277777777777778
2 0.6752604166666667 0.5111111111111111 0.0140625 0.06481481481481481
2 0.7416666666666667 0.5171296296296296 0.015625 0.062037037037037036
2 0.7265625 0.5236111111111111 0.01875 0.07685185185185185
2 0.659375 0.5171296296296296 0.014583333333333334 0.0712962962962963
2 0.8109375 0.5337962962962963 0.023958333333333335 0.10092592592592593
2 0.45338541666666665 0.5259259259259259 0.030729166666666665 0.12037037037037036
2 0.4010416666666667 0.5199074074074074 0.0375 0.11203703703703703
2 0.7002604166666667 0.5458333333333333 0.04010416666666667 0.1175925925925926
2 0.5557291666666667 0.5907407407407408 0.052083333333333336 0.19444444444444445
0 0.47317708333333336 0.5069444444444444 0.0109375 0.021296296296296296