2 0.57578125 0.513425925925926 0.018229166666666668 0.08981481481481482
2 0.0125 0.524074074074074 0.023958333333333335 0.14444444444444443
2 0.7950520833333333 0.525 0.018229166666666668 0.08148148148148149
2 0.56953125 0.5203703703703704 0.021354166666666667 0.10740740740740741
2 0.6427083333333333 0.5175925925925926 0.020833333333333332 0.07777777777777778
2 0.48984375 0.5138888888888888 0.024479166666666666 0.08703703703703704
2 0.6940104166666666 0.5319444444444444 0.022395833333333334 0.10277777777777777
2 0.7552083333333334 0.5708333333333333 0.03854166666666667 0.14537037037037037
2 0.07890625 0.5120370370370371 0.034895833333333334 0.12037037037037036
2 0.34036458333333336 0.5601851851851852 0.0421875 0.19074074074074074
0 0.05078125 0.4625 0.019270833333333334 0.028703703703703703