2 0.7315104166666667 0.5208333333333334 0.0140625 0.0712962962962963
2 0.7622395833333333 0.5199074074074074 0.016145833333333335 0.06388888888888888
2 0.7377604166666667 0.5254629629629629 0.015104166666666667 0.07314814814814814
2 0.7341145833333333 0.524074074074074 0.016145833333333335 0.07222222222222222
2 0.7549479166666667 0.5208333333333334 0.0171875 0.06388888888888888
2 0.8216145833333334 0.5324074074074074 0.0171875 0.08148148148148149
2 0.71484375 0.5189814814814815 0.016145833333333335 0.05648148148148148
2 0.6096354166666667 0.5078703703703704 0.016145833333333335 0.06574074074074074
2 0.8346354166666666 0.5509259259259259 0.025520833333333333 0.1111111111111111
2 0.6703125 0.5143518518518518 0.01875 0.06574074074074074
2 0.6421875 0.5236111111111111 0.019791666666666666 0.09166666666666666
0 0.75 0.425462962962963 0.007291666666666667 0.013888888888888888