2 0.5752604166666667 0.624537037037037 0.024479166666666666 0.08425925925925926
2 0.24869791666666666 0.6240740740740741 0.0328125 0.07592592592592592
2 0.559375 0.6930555555555555 0.035416666666666666 0.10277777777777777
2 0.20208333333333334 0.674074074074074 0.028125 0.09074074074074075
2 0.7880208333333333 0.6259259259259259 0.022916666666666665 0.08888888888888889
2 0.14713541666666666 0.6560185185185186 0.0359375 0.09351851851851851
2 0.6408854166666667 0.6574074074074074 0.025520833333333333 0.0962962962962963
2 0.3458333333333333 0.6546296296296297 0.027083333333333334 0.10185185185185185
2 0.6083333333333333 0.6092592592592593 0.025 0.07037037037037037
2 0.7046875 0.8087962962962963 0.06145833333333333 0.1787037037037037
2 0.43802083333333336 0.7912037037037037 0.03854166666666667 0.16018518518518518
0 0.20677083333333332 0.6606481481481481 0.015625 0.023148148148148147