2 0.5424479166666667 0.5518518518518518 0.034895833333333334 0.15185185185185185
2 0.22109375 0.5847222222222223 0.04114583333333333 0.11388888888888889
2 0.5216145833333333 0.49398148148148147 0.015104166666666667 0.07685185185185185
2 0.5559895833333334 0.5324074074074074 0.021354166666666667 0.12407407407407407
2 0.5369791666666667 0.5555555555555556 0.026041666666666668 0.1425925925925926
2 0.65 0.4981481481481482 0.022916666666666665 0.0962962962962963
2 0.4703125 0.5194444444444445 0.020833333333333332 0.08703703703703704
2 0.6739583333333333 0.5217592592592593 0.041666666666666664 0.08425925925925926
2 0.428125 0.5277777777777778 0.022916666666666665 0.09444444444444444
2 0.39114583333333336 0.5203703703703704 0.021875 0.08333333333333333
2 0.35520833333333335 0.5560185185185185 0.03229166666666667 0.10277777777777777
2 0.33645833333333336 0.6194444444444445 0.05625 0.1648148148148148
2 0.5190104166666667 0.6569444444444444 0.06302083333333333 0.2490740740740741
0 0.3536458333333333 0.538425925925926 0.020833333333333332 0.032407407407407406