2 0.9861979166666667 0.7231481481481481 0.027604166666666666 0.16296296296296298
2 0.77265625 0.6953703703703704 0.027604166666666666 0.12037037037037036
2 0.7276041666666667 0.7018518518518518 0.023958333333333335 0.1259259259259259
2 0.6934895833333333 0.6689814814814815 0.022395833333333334 0.08055555555555556
2 0.4361979166666667 0.649074074074074 0.022395833333333334 0.06666666666666667
2 0.6580729166666667 0.6777777777777778 0.024479166666666666 0.1
2 0.4739583333333333 0.6856481481481481 0.035416666666666666 0.10277777777777777
2 0.63671875 0.7208333333333333 0.025520833333333333 0.11203703703703703
2 0.5359375 0.7074074074074074 0.030208333333333334 0.11666666666666667
2 0.7963541666666667 0.7226851851851852 0.03333333333333333 0.13425925925925927
0 0.5427083333333333 0.7273148148148149 0.0125 0.023148148148148147