2 0.009895833333333333 0.7208333333333333 0.01875 0.1287037037037037
2 0.32317708333333334 0.6365740740740741 0.022395833333333334 0.08796296296296297
2 0.41875 0.6087962962962963 0.01875 0.06759259259259259
2 0.15755208333333334 0.7027777777777777 0.0421875 0.12222222222222222
2 0.12994791666666666 0.7291666666666666 0.0515625 0.12685185185185185
2 0.43411458333333336 0.6703703703703704 0.025520833333333333 0.08518518518518518
2 0.3809895833333333 0.6680555555555555 0.028645833333333332 0.08611111111111111
2 0.10416666666666667 0.6212962962962963 0.028125 0.07962962962962963
2 0.30807291666666664 0.7652777777777777 0.04114583333333333 0.14907407407407408
2 0.21953125 0.7060185185185185 0.0359375 0.11203703703703703
2 0.4205729166666667 0.8032407407407407 0.044270833333333336 0.1638888888888889
0 0.44166666666666665 0.6800925925925926 0.010416666666666666 0.01574074074074074