2 0.803125 0.6166666666666667 0.016666666666666666 0.06111111111111111
2 0.81328125 0.7138888888888889 0.034895833333333334 0.1037037037037037
2 0.7958333333333333 0.6240740740740741 0.015625 0.06851851851851852
2 0.790625 0.7231481481481481 0.0375 0.10185185185185185
2 0.6669270833333333 0.6486111111111111 0.028645833333333332 0.0824074074074074
2 0.64140625 0.5925925925925926 0.016145833333333335 0.06296296296296296
2 0.6799479166666667 0.6861111111111111 0.027604166666666666 0.11481481481481481
2 0.7239583333333334 0.7212962962962963 0.04583333333333333 0.11296296296296296
2 0.7307291666666667 0.6037037037037037 0.019791666666666666 0.07222222222222222
2 0.7091145833333333 0.6240740740740741 0.025520833333333333 0.06851851851851852
2 0.8361979166666667 0.6078703703703704 0.024479166666666666 0.06759259259259259
0 0.7604166666666666 0.5842592592592593 0.016666666666666666 0.024074074074074074