2 0.33880208333333334 0.6916666666666667 0.0203125 0.10185185185185185
2 0.3419270833333333 0.6995370370370371 0.024479166666666666 0.10833333333333334
2 0.013541666666666667 0.6916666666666667 0.023958333333333335 0.11851851851851852
2 0.34661458333333334 0.7023148148148148 0.030729166666666665 0.10648148148148148
2 0.32005208333333335 0.674074074074074 0.0171875 0.08888888888888889
2 0.26484375 0.6800925925925926 0.024479166666666666 0.10462962962962963
2 0.29583333333333334 0.6925925925925925 0.025 0.11296296296296296
2 0.4484375 0.6560185185185186 0.015625 0.075
2 0.47760416666666666 0.7018518518518518 0.026041666666666668 0.10185185185185185
2 0.40963541666666664 0.7018518518518518 0.03177083333333333 0.10185185185185185
2 0.2328125 0.7194444444444444 0.051041666666666666 0.13703703703703704
2 0.3651041666666667 0.787962962962963 0.059375 0.18703703703703703
0 0.4861979166666667 0.7328703703703704 0.011979166666666667 0.021296296296296296