2 0.3807291666666667 0.5925925925925926 0.017708333333333333 0.05925925925925926
2 0.4901041666666667 0.5962962962962963 0.017708333333333333 0.06851851851851852
2 0.36875 0.611574074074074 0.021875 0.06759259259259259
2 0.41744791666666664 0.6263888888888889 0.0203125 0.09537037037037037
2 0.28177083333333336 0.6537037037037037 0.022916666666666665 0.1
2 0.0265625 0.625462962962963 0.025 0.08611111111111111
2 0.08776041666666666 0.6439814814814815 0.03177083333333333 0.09722222222222222
2 0.12682291666666667 0.6365740740740741 0.030729166666666665 0.09351851851851851
2 0.3184895833333333 0.649537037037037 0.0328125 0.09537037037037037
2 0.23072916666666668 0.6208333333333333 0.022916666666666665 0.08796296296296297
2 0.178125 0.7074074074074074 0.051041666666666666 0.12407407407407407
0 0.41302083333333334 0.5967592592592592 0.009375 0.01574074074074074