2 0.5619791666666667 0.6939814814814815 0.036458333333333336 0.11574074074074074
2 0.6921875 0.675 0.023958333333333335 0.10185185185185185
2 0.8830729166666667 0.6893518518518519 0.0390625 0.10277777777777777
2 0.821875 0.6185185185185185 0.025 0.07777777777777778
2 0.7893229166666667 0.6333333333333333 0.0296875 0.07777777777777778
2 0.5885416666666666 0.6421296296296296 0.035416666666666666 0.08425925925925926
2 0.52421875 0.7157407407407408 0.0390625 0.12777777777777777
2 0.5645833333333333 0.7916666666666666 0.08333333333333333 0.1648148148148148
2 0.4427083333333333 0.6592592592592592 0.030208333333333334 0.0962962962962963
2 0.38229166666666664 0.6263888888888889 0.027083333333333334 0.08425925925925926
2 0.259375 0.774537037037037 0.06979166666666667 0.1527777777777778
0 0.7903645833333334 0.6319444444444444 0.011979166666666667 0.019444444444444445