2 0.4513020833333333 0.6148148148148148 0.0171875 0.07592592592592592
2 0.48984375 0.9236111111111112 0.0546875 0.1527777777777778
2 0.596875 0.6203703703703703 0.022916666666666665 0.07592592592592592
2 0.41640625 0.6467592592592593 0.019270833333333334 0.08055555555555556
2 0.6473958333333333 0.6370370370370371 0.023958333333333335 0.07962962962962963
2 0.53203125 0.6625 0.0296875 0.10092592592592593
2 0.4591145833333333 0.7777777777777778 0.04010416666666667 0.1425925925925926
2 0.7041666666666667 0.6782407407407407 0.023958333333333335 0.11574074074074074
2 0.8098958333333334 0.6921296296296297 0.03333333333333333 0.12129629629629629
2 0.85390625 0.7379629629629629 0.034895833333333334 0.1388888888888889
2 0.39921875 0.7703703703703704 0.0515625 0.1537037037037037
0 0.41953125 0.6305555555555555 0.013020833333333334 0.020370370370370372