2 0.63671875 0.6486111111111111 0.0171875 0.0787037037037037
2 0.36640625 0.6587962962962963 0.015104166666666667 0.07314814814814814
2 0.415625 0.6888888888888889 0.025 0.10555555555555556
2 0.27708333333333335 0.6796296296296296 0.027083333333333334 0.10925925925925926
2 0.4361979166666667 0.7240740740740741 0.0296875 0.11851851851851852
2 0.3145833333333333 0.6856481481481481 0.022916666666666665 0.11018518518518519
2 0.7161458333333334 0.6847222222222222 0.026041666666666668 0.10833333333333334
2 0.12265625 0.7453703703703703 0.0390625 0.17962962962962964
2 0.46770833333333334 0.6810185185185185 0.035416666666666666 0.08981481481481482
2 0.15677083333333333 0.725925925925926 0.035416666666666666 0.15
0 0.71796875 0.6680555555555555 0.0140625 0.025