2 0.4708333333333333 0.5291666666666667 0.013541666666666667 0.06388888888888888
2 0.20989583333333334 0.5504629629629629 0.027083333333333334 0.15092592592592594
2 0.23802083333333332 0.538425925925926 0.019791666666666666 0.09351851851851851
2 0.48385416666666664 0.5597222222222222 0.027083333333333334 0.13055555555555556
2 0.5497395833333333 0.5416666666666666 0.022395833333333334 0.08148148148148149
2 0.18151041666666667 0.5574074074074075 0.030729166666666665 0.13333333333333333
2 0.34713541666666664 0.5402777777777777 0.021354166666666667 0.10092592592592593
2 0.2682291666666667 0.549537037037037 0.026041666666666668 0.11388888888888889
2 0.37109375 0.5708333333333333 0.03697916666666667 0.1638888888888889
2 0.30625 0.5574074074074075 0.03125 0.12777777777777777
0 0.20234375 0.47685185185185186 0.0171875 0.025925925925925925