2 0.46588541666666666 0.5509259259259259 0.027604166666666666 0.14629629629629629
2 0.47109375 0.5518518518518518 0.022395833333333334 0.1425925925925926
2 0.4752604166666667 0.549537037037037 0.019270833333333334 0.13055555555555556
2 0.32057291666666665 0.5097222222222222 0.03177083333333333 0.10277777777777777
2 0.4609375 0.549074074074074 0.03333333333333333 0.15
2 0.4979166666666667 0.6425925925925926 0.06875 0.22962962962962963
2 0.646875 0.549537037037037 0.029166666666666667 0.09907407407407408
2 0.5317708333333333 0.5180555555555556 0.021875 0.08796296296296297
2 0.5807291666666666 0.5143518518518518 0.017708333333333333 0.08055555555555556
2 0.6197916666666666 0.5282407407407408 0.028125 0.09907407407407408
2 0.6640625 0.6180555555555556 0.05625 0.1675925925925926
0 0.65 0.5439814814814815 0.020833333333333332 0.03796296296296296