2 0.35520833333333335 0.5254629629629629 0.019791666666666666 0.08796296296296297
2 0.340625 0.5226851851851851 0.014583333333333334 0.0712962962962963
2 0.2328125 0.5324074074074074 0.015625 0.06851851851851852
2 0.3390625 0.5185185185185185 0.013541666666666667 0.06666666666666667
2 0.31171875 0.5148148148148148 0.013020833333333334 0.06851851851851852
2 0.35182291666666665 0.5337962962962963 0.024479166666666666 0.08611111111111111
2 0.29635416666666664 0.5203703703703704 0.01875 0.07777777777777778
2 0.2747395833333333 0.5189814814814815 0.016145833333333335 0.08055555555555556
2 0.25416666666666665 0.5157407407407407 0.019791666666666666 0.08703703703703704
2 0.21875 0.5305555555555556 0.023958333333333335 0.07037037037037037
2 0.40859375 0.5138888888888888 0.0171875 0.07777777777777778
2 0.15833333333333333 0.549074074074074 0.028125 0.10185185185185185
0 0.2546875 0.47638888888888886 0.010416666666666666 0.017592592592592594