2 0.38307291666666665 0.5662037037037037 0.024479166666666666 0.12314814814814815
2 0.5658854166666667 0.4842592592592593 0.015104166666666667 0.07777777777777778
2 0.52578125 0.513425925925926 0.019270833333333334 0.08611111111111111
2 0.69765625 0.4912037037037037 0.0234375 0.09537037037037037
2 0.6536458333333334 0.5060185185185185 0.025 0.10833333333333334
2 0.41067708333333336 0.6212962962962963 0.04114583333333333 0.22407407407407406
2 0.6049479166666667 0.5263888888888889 0.0328125 0.125
2 0.4549479166666667 0.5513888888888889 0.030729166666666665 0.1361111111111111
2 0.5106770833333333 0.5791666666666667 0.04114583333333333 0.175
2 0.7807291666666667 0.5726851851851852 0.03229166666666667 0.18611111111111112
0 0.40963541666666664 0.4824074074074074 0.0234375 0.037037037037037035