2 0.3580729166666667 0.6333333333333333 0.0296875 0.07222222222222222
2 0.4630208333333333 0.6314814814814815 0.019791666666666666 0.0962962962962963
2 0.19713541666666667 0.6666666666666666 0.027604166666666666 0.10185185185185185
2 0.3294270833333333 0.6333333333333333 0.027604166666666666 0.06481481481481481
2 0.6921875 0.6087962962962963 0.027083333333333334 0.06944444444444445
2 0.46458333333333335 0.8310185185185185 0.04791666666666667 0.1824074074074074
2 0.6166666666666667 0.6759259259259259 0.023958333333333335 0.1111111111111111
2 0.11744791666666667 0.7 0.04114583333333333 0.11481481481481481
2 0.55703125 0.7143518518518519 0.05260416666666667 0.12685185185185185
2 0.64765625 0.6944444444444444 0.0328125 0.11296296296296296
2 0.2760416666666667 0.7449074074074075 0.05 0.14722222222222223
0 0.32109375 0.6513888888888889 0.011979166666666667 0.017592592592592594