2 0.76875 0.7435185185185185 0.08541666666666667 0.07407407407407407
2 0.8015625 0.6925925925925925 0.03125 0.07222222222222222
2 0.8205729166666667 0.6884259259259259 0.022395833333333334 0.08425925925925926
2 0.7526041666666666 0.7486111111111111 0.06770833333333333 0.09166666666666666
2 0.796875 0.6069444444444444 0.014583333333333334 0.06574074074074074
2 0.8106770833333333 0.7412037037037037 0.0359375 0.08611111111111111
2 0.73359375 0.5995370370370371 0.015104166666666667 0.0712962962962963
2 0.7815104166666667 0.6277777777777778 0.019270833333333334 0.07592592592592592
2 0.7028645833333333 0.624537037037037 0.019270833333333334 0.075
2 0.6416666666666667 0.5925925925925926 0.017708333333333333 0.06481481481481481
2 0.7278645833333334 0.7 0.033854166666666664 0.11666666666666667
2 0.6653645833333334 0.6444444444444445 0.025520833333333333 0.08518518518518518
2 0.8302083333333333 0.6027777777777777 0.020833333333333332 0.06296296296296296
0 0.7986979166666667 0.7675925925925926 0.016145833333333335 0.025925925925925925