2 0.34661458333333334 0.6847222222222222 0.025520833333333333 0.10833333333333334
2 0.24609375 0.7023148148148148 0.021354166666666667 0.11944444444444445
2 0.2265625 0.7162037037037037 0.023958333333333335 0.14166666666666666
2 0.4036458333333333 0.6912037037037037 0.026041666666666668 0.10462962962962963
2 0.34036458333333336 0.6930555555555555 0.0328125 0.09907407407407408
2 0.2015625 0.7226851851851852 0.027083333333333334 0.1398148148148148
2 0.26848958333333334 0.6833333333333333 0.022395833333333334 0.10185185185185185
2 0.4348958333333333 0.7083333333333334 0.04375 0.1111111111111111
2 0.3697916666666667 0.7208333333333333 0.028125 0.11574074074074074
2 0.0359375 0.7134259259259259 0.036458333333333336 0.1398148148148148
2 0.51875 0.6527777777777778 0.020833333333333332 0.07037037037037037
0 0.4200520833333333 0.6930555555555555 0.011979166666666667 0.025