2 0.63125 0.5287037037037037 0.011458333333333333 0.05555555555555555
2 0.7174479166666666 0.5537037037037037 0.018229166666666668 0.10740740740740741
2 0.7364583333333333 0.5625 0.025 0.11388888888888889
2 0.528125 0.5365740740740741 0.01875 0.07685185185185185
2 0.5479166666666667 0.5333333333333333 0.016666666666666666 0.07962962962962963
2 0.3502604166666667 0.5481481481481482 0.025520833333333333 0.10185185185185185
2 0.2986979166666667 0.5361111111111111 0.0265625 0.07962962962962963
2 0.6856770833333333 0.5652777777777778 0.0328125 0.1287037037037037
2 0.21484375 0.6106481481481482 0.04010416666666667 0.175
2 0.6106770833333334 0.575925925925926 0.0328125 0.1537037037037037
0 0.7489583333333333 0.5527777777777778 0.015625 0.022222222222222223