2 0.9901041666666667 0.6273148148148148 0.019791666666666666 0.21574074074074073
2 0.44921875 0.5138888888888888 0.0171875 0.07222222222222222
2 0.49270833333333336 0.5458333333333333 0.029166666666666667 0.18425925925925926
2 0.29635416666666664 0.5148148148148148 0.015625 0.06666666666666667
2 0.5080729166666667 0.549537037037037 0.059895833333333336 0.18981481481481483
2 0.3104166666666667 0.5268518518518519 0.021875 0.08333333333333333
2 0.9330729166666667 0.525 0.058854166666666666 0.14814814814814814
2 0.57578125 0.5111111111111111 0.0203125 0.07592592592592592
2 0.5348958333333333 0.512962962962963 0.03229166666666667 0.08703703703703704
2 0.42291666666666666 0.5263888888888889 0.027083333333333334 0.0824074074074074
2 0.7666666666666667 0.5208333333333334 0.03125 0.13240740740740742
0 0.90546875 0.4949074074074074 0.018229166666666668 0.030555555555555555