2 0.7408854166666666 0.5643518518518519 0.0203125 0.12129629629629629
2 0.6752604166666667 0.5296296296296297 0.0140625 0.07037037037037037
2 0.6591145833333333 0.5310185185185186 0.013020833333333334 0.06574074074074074
2 0.6450520833333333 0.5296296296296297 0.013020833333333334 0.05740740740740741
2 0.0953125 0.6356481481481482 0.06145833333333333 0.22685185185185186
2 0.565625 0.5439814814814815 0.023958333333333335 0.09907407407407408
2 0.4119791666666667 0.538425925925926 0.027083333333333334 0.08055555555555556
2 0.35989583333333336 0.5449074074074074 0.03125 0.10277777777777777
2 0.5333333333333333 0.5638888888888889 0.03958333333333333 0.12037037037037036
2 0.7109375 0.5972222222222222 0.03854166666666667 0.17962962962962964
0 0.08697916666666666 0.5638888888888889 0.034375 0.05