2 0.73828125 0.5504629629629629 0.025520833333333333 0.12314814814814815
2 0.7161458333333334 0.5555555555555556 0.01875 0.12962962962962962
2 0.67890625 0.5421296296296296 0.0234375 0.10092592592592593
2 0.7588541666666667 0.5555555555555556 0.023958333333333335 0.11296296296296296
2 0.5286458333333334 0.5319444444444444 0.014583333333333334 0.06944444444444445
2 0.7885416666666667 0.5435185185185185 0.020833333333333332 0.09814814814814815
2 0.6940104166666666 0.5671296296296297 0.0296875 0.1361111111111111
2 0.49453125 0.5421296296296296 0.0234375 0.08611111111111111
2 0.8247395833333333 0.5615740740740741 0.03697916666666667 0.13796296296296295
2 0.559375 0.5611111111111111 0.03333333333333333 0.12962962962962962
2 0.6161458333333333 0.5740740740740741 0.04479166666666667 0.15925925925925927
0 0.7802083333333333 0.39351851851851855 0.015625 0.024074074074074074