2 0.6057291666666667 0.5106481481481482 0.014583333333333334 0.06759259259259259
2 0.45546875 0.48055555555555557 0.016145833333333335 0.06481481481481481
2 0.34453125 0.4861111111111111 0.021354166666666667 0.08333333333333333
2 0.5875 0.5546296296296296 0.034375 0.1259259259259259
2 0.3854166666666667 0.5069444444444444 0.026041666666666668 0.09537037037037037
2 0.43697916666666664 0.49907407407407406 0.019791666666666666 0.07592592592592592
2 0.55390625 0.5023148148148148 0.0171875 0.06018518518518518
2 0.26901041666666664 0.48333333333333334 0.022395833333333334 0.09259259259259259
2 0.32083333333333336 0.4976851851851852 0.028125 0.08425925925925926
2 0.47604166666666664 0.5402777777777777 0.040625 0.11944444444444445
2 0.3494791666666667 0.575462962962963 0.0625 0.1638888888888889
0 0.36302083333333335 0.3902777777777778 0.007291666666666667 0.01574074074074074