2 0.82421875 0.5370370370370371 0.016145833333333335 0.07777777777777778
2 0.68515625 0.525 0.011979166666666667 0.053703703703703705
2 0.6716145833333333 0.5273148148148148 0.013020833333333334 0.058333333333333334
2 0.45286458333333335 0.5347222222222222 0.0140625 0.06574074074074074
2 0.7119791666666667 0.5282407407407408 0.017708333333333333 0.0712962962962963
2 0.6260416666666667 0.5291666666666667 0.015625 0.06574074074074074
2 0.571875 0.5462962962962963 0.020833333333333332 0.06851851851851852
2 0.76796875 0.5273148148148148 0.016145833333333335 0.06388888888888888
2 0.48203125 0.5319444444444444 0.019270833333333334 0.058333333333333334
2 0.8010416666666667 0.5277777777777778 0.019791666666666666 0.07037037037037037
2 0.7346354166666667 0.5333333333333333 0.016145833333333335 0.07407407407407407
0 0.5239583333333333 0.4875 0.007291666666666667 0.012037037037037037