2 0.60390625 0.6143518518518518 0.0203125 0.0712962962962963
2 0.7510416666666667 0.6550925925925926 0.027083333333333334 0.06944444444444445
2 0.61640625 0.6532407407407408 0.024479166666666666 0.06944444444444445
2 0.6770833333333334 0.6810185185185185 0.03125 0.09537037037037037
2 0.7799479166666666 0.649537037037037 0.024479166666666666 0.09166666666666666
2 0.8119791666666667 0.7375 0.023958333333333335 0.12314814814814815
2 0.85546875 0.7282407407407407 0.03802083333333333 0.125
2 0.43255208333333334 0.6472222222222223 0.0234375 0.09074074074074075
2 0.76015625 0.7379629629629629 0.027604166666666666 0.11851851851851852
2 0.978125 0.7208333333333333 0.0375 0.13796296296296295
2 0.5919270833333333 0.7175925925925926 0.0234375 0.11666666666666667
2 0.26171875 0.6217592592592592 0.025520833333333333 0.0787037037037037
2 0.62578125 0.9435185185185185 0.0578125 0.11296296296296296
0 0.6875 0.6953703703703704 0.0125 0.020370370370370372