2 0.5856770833333333 0.5060185185185185 0.016145833333333335 0.0787037037037037
2 0.6486979166666667 0.5231481481481481 0.0265625 0.12037037037037036
2 0.39921875 0.5217592592592593 0.022395833333333334 0.09907407407407408
2 0.6010416666666667 0.5337962962962963 0.030208333333333334 0.12314814814814815
2 0.23984375 0.5282407407407408 0.0265625 0.0787037037037037
2 0.6796875 0.6305555555555555 0.06770833333333333 0.2962962962962963
2 0.3221354166666667 0.5856481481481481 0.034895833333333334 0.14166666666666666
2 0.5580729166666667 0.538425925925926 0.0359375 0.14166666666666666
2 0.37994791666666666 0.5717592592592593 0.0515625 0.14166666666666666
2 0.18854166666666666 0.5634259259259259 0.036458333333333336 0.1175925925925926
2 0.71875 0.5453703703703704 0.051041666666666666 0.16296296296296298
0 0.31354166666666666 0.5935185185185186 0.020833333333333332 0.03148148148148148