2 0.3484375 0.5287037037037037 0.0125 0.053703703703703705
2 0.26484375 0.5370370370370371 0.018229166666666668 0.07407407407407407
2 0.3263020833333333 0.5273148148148148 0.013020833333333334 0.058333333333333334
2 0.42682291666666666 0.5282407407407408 0.0140625 0.058333333333333334
2 0.3653645833333333 0.5305555555555556 0.016145833333333335 0.06481481481481481
2 0.23541666666666666 0.5314814814814814 0.017708333333333333 0.07407407407407407
2 0.28072916666666664 0.5597222222222222 0.019791666666666666 0.11944444444444445
2 0.20572916666666666 0.5314814814814814 0.021875 0.07407407407407407
2 0.30494791666666665 0.5509259259259259 0.021354166666666667 0.08888888888888889
2 0.4005208333333333 0.6074074074074074 0.040625 0.1537037037037037
0 0.32135416666666666 0.5421296296296296 0.011458333333333333 0.019444444444444445