2 0.7890625 0.6078703703703704 0.014583333333333334 0.0712962962962963
2 0.6346354166666667 0.5981481481481481 0.011979166666666667 0.06296296296296296
2 0.8622395833333333 0.6027777777777777 0.0171875 0.06296296296296296
2 0.79140625 0.5976851851851852 0.011979166666666667 0.062037037037037036
2 0.6440104166666667 0.6324074074074074 0.018229166666666668 0.08148148148148149
2 0.6177083333333333 0.6023148148148149 0.01875 0.06388888888888888
2 0.6713541666666667 0.5981481481481481 0.016666666666666666 0.06296296296296296
2 0.7213541666666666 0.6203703703703703 0.021875 0.07407407407407407
2 0.7778645833333333 0.6106481481481482 0.024479166666666666 0.0712962962962963
2 0.8716145833333333 0.6268518518518519 0.022395833333333334 0.07777777777777778
2 0.83046875 0.6486111111111111 0.024479166666666666 0.09537037037037037
0 0.8171875 0.5944444444444444 0.010416666666666666 0.014814814814814815