2 0.503125 0.5166666666666667 0.022916666666666665 0.10740740740740741
2 0.5161458333333333 0.513425925925926 0.015625 0.09351851851851851
2 0.49947916666666664 0.5087962962962963 0.01875 0.10462962962962963
2 0.4546875 0.5319444444444444 0.020833333333333332 0.09722222222222222
2 0.4354166666666667 0.5453703703703704 0.021875 0.15
2 0.64453125 0.5569444444444445 0.025520833333333333 0.11574074074074074
2 0.6296875 0.524074074074074 0.023958333333333335 0.08333333333333333
2 0.7744791666666667 0.5805555555555556 0.035416666666666666 0.11851851851851852
2 0.32369791666666664 0.5226851851851851 0.0421875 0.0824074074074074
2 0.39453125 0.5041666666666667 0.034895833333333334 0.10092592592592593
2 0.66640625 0.6208333333333333 0.0578125 0.1638888888888889
2 0.4596354166666667 0.6583333333333333 0.06614583333333333 0.2537037037037037
0 0.6458333333333334 0.575462962962963 0.022916666666666665 0.032407407407407406