2 0.39869791666666665 0.6069444444444444 0.0171875 0.06759259259259259
2 0.38567708333333334 0.6523148148148148 0.022395833333333334 0.0712962962962963
2 0.15 0.6921296296296297 0.04583333333333333 0.13240740740740742
2 0.41015625 0.6555555555555556 0.0171875 0.08703703703703704
2 0.30234375 0.674537037037037 0.021354166666666667 0.09722222222222222
2 0.2752604166666667 0.6638888888888889 0.0296875 0.09259259259259259
2 0.5755208333333334 0.6462962962962963 0.023958333333333335 0.08888888888888889
2 0.21458333333333332 0.6518518518518519 0.03229166666666667 0.1
2 0.07916666666666666 0.7074074074074074 0.03333333333333333 0.13148148148148148
2 0.08776041666666666 0.9027777777777778 0.07864583333333333 0.18703703703703703
2 0.24036458333333333 0.7245370370370371 0.030729166666666665 0.13796296296296295
2 0.73828125 0.6222222222222222 0.0265625 0.07962962962962963
2 0.33489583333333334 0.7018518518518518 0.029166666666666667 0.11481481481481481
0 0.12708333333333333 0.6680555555555555 0.013541666666666667 0.025