2 0.51875 0.5324074074074074 0.010416666666666666 0.07037037037037037
2 0.39348958333333334 0.5291666666666667 0.019270833333333334 0.06574074074074074
2 0.425 0.5421296296296296 0.017708333333333333 0.08611111111111111
2 0.5307291666666667 0.537962962962963 0.015625 0.07037037037037037
2 0.44583333333333336 0.5273148148148148 0.0125 0.06759259259259259
2 0.45989583333333334 0.5314814814814814 0.015625 0.07222222222222222
2 0.5028645833333333 0.5361111111111111 0.0171875 0.06666666666666667
2 0.5591145833333333 0.5472222222222223 0.0234375 0.10185185185185185
2 0.28046875 0.5453703703703704 0.028645833333333332 0.08888888888888889
2 0.7106770833333333 0.6055555555555555 0.0546875 0.17037037037037037
2 0.4041666666666667 0.5615740740740741 0.03958333333333333 0.12314814814814815
0 0.50703125 0.4981481481481482 0.0078125 0.012962962962962963