2 0.68984375 0.5231481481481481 0.0109375 0.053703703703703705
2 0.7018229166666666 0.5282407407407408 0.011979166666666667 0.06018518518518518
2 0.7614583333333333 0.5282407407407408 0.0125 0.062037037037037036
2 0.6260416666666667 0.5291666666666667 0.01875 0.062037037037037036
2 0.71484375 0.5287037037037037 0.011979166666666667 0.06111111111111111
2 0.6661458333333333 0.5287037037037037 0.0125 0.05555555555555555
2 0.7455729166666667 0.5305555555555556 0.0140625 0.06851851851851852
2 0.72890625 0.5282407407407408 0.0109375 0.06018518518518518
2 0.6486979166666667 0.5347222222222222 0.015104166666666667 0.06944444444444445
2 0.7888020833333333 0.5583333333333333 0.022395833333333334 0.09259259259259259
0 0.7330729166666666 0.462037037037037 0.0067708333333333336 0.014814814814814815