2 0.68203125 0.5833333333333334 0.016145833333333335 0.05555555555555555
2 0.6690104166666667 0.5814814814814815 0.016145833333333335 0.05555555555555555
2 0.8088541666666667 0.6226851851851852 0.014583333333333334 0.07685185185185185
2 0.8247395833333333 0.6222222222222222 0.015104166666666667 0.08333333333333333
2 0.8653645833333333 0.6416666666666667 0.024479166666666666 0.10185185185185185
2 0.771875 0.6143518518518518 0.016666666666666666 0.075
2 0.8481770833333333 0.6236111111111111 0.019270833333333334 0.0824074074074074
2 0.7916666666666666 0.6134259259259259 0.01875 0.0712962962962963
2 0.9744791666666667 0.6231481481481481 0.026041666666666668 0.08703703703703704
2 0.5450520833333333 0.5944444444444444 0.022395833333333334 0.07222222222222222
2 0.6028645833333334 0.6157407407407407 0.021354166666666667 0.07777777777777778
0 0.8315104166666667 0.6018518518518519 0.009895833333333333 0.016666666666666666