2 0.9932291666666667 0.7097222222222223 0.013541666666666667 0.1175925925925926
2 0.6778645833333333 0.6763888888888889 0.018229166666666668 0.09907407407407408
2 0.69765625 0.6768518518518518 0.025520833333333333 0.1
2 0.43385416666666665 0.6550925925925926 0.015625 0.0787037037037037
2 0.7372395833333333 0.6888888888888889 0.027604166666666666 0.12222222222222222
2 0.5916666666666667 0.6953703703703704 0.030208333333333334 0.1037037037037037
2 0.5484375 0.725462962962963 0.030208333333333334 0.13425925925925927
2 0.8471354166666667 0.7263888888888889 0.04010416666666667 0.1398148148148148
2 0.3541666666666667 0.7064814814814815 0.029166666666666667 0.12037037037037036
2 0.9 0.7453703703703703 0.04375 0.16296296296296298
2 0.8122395833333333 0.725925925925926 0.0484375 0.14074074074074075
0 0.3502604166666667 0.7055555555555556 0.015104166666666667 0.025925925925925925