2 0.6822916666666666 0.5106481481481482 0.023958333333333335 0.09722222222222222
2 0.68203125 0.5013888888888889 0.019270833333333334 0.10648148148148148
2 0.396875 0.5069444444444444 0.015625 0.075
2 0.59453125 0.5125 0.0203125 0.11018518518518519
2 0.5411458333333333 0.5055555555555555 0.01875 0.08333333333333333
2 0.4276041666666667 0.5152777777777777 0.01875 0.07314814814814814
2 0.61953125 0.5458333333333333 0.027604166666666666 0.14166666666666666
2 0.47630208333333335 0.5314814814814814 0.028645833333333332 0.1037037037037037
2 0.2799479166666667 0.5509259259259259 0.0265625 0.08703703703703704
2 0.5723958333333333 0.5509259259259259 0.036458333333333336 0.1425925925925926
2 0.41875 0.5740740740740741 0.0375 0.13703703703703704
2 0.32526041666666666 0.5981481481481481 0.034895833333333334 0.1388888888888889
0 0.31588541666666664 0.5745370370370371 0.0109375 0.025