2 0.29270833333333335 0.5407407407407407 0.017708333333333333 0.09444444444444444
2 0.42734375 0.5259259259259259 0.0140625 0.053703703703703705
2 0.33151041666666664 0.5226851851851851 0.0109375 0.05092592592592592
2 0.48802083333333335 0.5333333333333333 0.01875 0.06666666666666667
2 0.35703125 0.5305555555555556 0.018229166666666668 0.06666666666666667
2 0.51640625 0.5291666666666667 0.0140625 0.05648148148148148
2 0.41067708333333336 0.5402777777777777 0.019270833333333334 0.075
2 0.25286458333333334 0.5291666666666667 0.016145833333333335 0.06759259259259259
2 0.30755208333333334 0.5513888888888889 0.028645833333333332 0.10462962962962963
2 0.5783854166666667 0.5444444444444444 0.0203125 0.07222222222222222
0 0.53515625 0.5087962962962963 0.0078125 0.013888888888888888