2 0.36744791666666665 0.6425925925925926 0.016145833333333335 0.06296296296296296
2 0.3765625 0.6481481481481481 0.015625 0.07037037037037037
2 0.50078125 0.7560185185185185 0.0734375 0.1675925925925926
2 0.54765625 0.6949074074074074 0.024479166666666666 0.11388888888888889
2 0.446875 0.6851851851851852 0.01875 0.1111111111111111
2 0.16953125 0.6351851851851852 0.019270833333333334 0.06296296296296296
2 0.19791666666666666 0.6430555555555556 0.019791666666666666 0.0712962962962963
2 0.22317708333333333 0.674074074074074 0.027604166666666666 0.1
2 0.31145833333333334 0.6893518518518519 0.03125 0.10833333333333334
2 0.415625 0.6560185185185186 0.01875 0.06944444444444445
2 0.2716145833333333 0.6601851851851852 0.024479166666666666 0.07407407407407407
2 0.36354166666666665 0.7162037037037037 0.04375 0.1175925925925926
0 0.42109375 0.6537037037037037 0.009895833333333333 0.016666666666666666