2 0.6528645833333333 0.9305555555555556 0.08072916666666667 0.1388888888888889
2 0.41640625 0.6208333333333333 0.016145833333333335 0.06944444444444445
2 0.6630208333333333 0.6555555555555556 0.023958333333333335 0.09074074074074075
2 0.6838541666666667 0.6287037037037037 0.025 0.07962962962962963
2 0.28932291666666665 0.6699074074074074 0.025520833333333333 0.11944444444444445
2 0.18776041666666668 0.6666666666666666 0.0265625 0.09814814814814815
2 0.2203125 0.6884259259259259 0.029166666666666667 0.11388888888888889
2 0.6302083333333334 0.6037037037037037 0.019791666666666666 0.06851851851851852
2 0.45026041666666666 0.6638888888888889 0.027604166666666666 0.1037037037037037
2 0.02734375 0.750462962962963 0.0515625 0.14907407407407408
2 0.5518229166666667 0.7856481481481481 0.04114583333333333 0.15833333333333333
2 0.35598958333333336 0.7597222222222222 0.059895833333333336 0.15462962962962962
0 0.6765625 0.6097222222222223 0.011458333333333333 0.019444444444444445