2 0.45078125 0.5226851851851851 0.0234375 0.09537037037037037
2 0.4239583333333333 0.5074074074074074 0.019791666666666666 0.06666666666666667
2 0.303125 0.525 0.019791666666666666 0.08888888888888889
2 0.3229166666666667 0.5162037037037037 0.016666666666666666 0.0712962962962963
2 0.6627604166666666 0.5212962962962963 0.0359375 0.11296296296296296
2 0.50546875 0.5115740740740741 0.022395833333333334 0.0787037037037037
2 0.7151041666666667 0.5097222222222222 0.04375 0.10833333333333334
2 0.5708333333333333 0.5625 0.06145833333333333 0.18055555555555555
2 0.22265625 0.5666666666666667 0.0359375 0.14074074074074075
2 0.3645833333333333 0.562037037037037 0.035416666666666666 0.15185185185185185
0 0.5322916666666667 0.5699074074074074 0.017708333333333333 0.030555555555555555