2 0.5651041666666666 0.5398148148148149 0.026041666666666668 0.13518518518518519
2 0.5697916666666667 0.5476851851851852 0.03333333333333333 0.14907407407407408
2 0.40572916666666664 0.5444444444444444 0.026041666666666668 0.09814814814814815
2 0.5752604166666667 0.5537037037037037 0.03697916666666667 0.14629629629629629
2 0.59609375 0.5152777777777777 0.021354166666666667 0.1175925925925926
2 0.21458333333333332 0.5814814814814815 0.030208333333333334 0.11296296296296296
2 0.6299479166666667 0.5027777777777778 0.0203125 0.1
2 0.6776041666666667 0.5199074074074074 0.040625 0.0824074074074074
2 0.46927083333333336 0.5185185185185185 0.023958333333333335 0.09074074074074075
2 0.41119791666666666 0.6365740740740741 0.049479166666666664 0.20833333333333334
2 0.3625 0.5296296296296297 0.03333333333333333 0.09814814814814815
2 0.30963541666666666 0.6032407407407407 0.05364583333333333 0.14351851851851852
0 0.29453125 0.5861111111111111 0.0203125 0.027777777777777776