2 0.26848958333333334 0.5208333333333334 0.0140625 0.0712962962962963
2 0.23776041666666667 0.5199074074074074 0.016145833333333335 0.06388888888888888
2 0.26223958333333336 0.5254629629629629 0.015104166666666667 0.07314814814814814
2 0.26588541666666665 0.524074074074074 0.016145833333333335 0.07222222222222222
2 0.24505208333333334 0.5208333333333334 0.0171875 0.06388888888888888
2 0.17838541666666666 0.5324074074074074 0.0171875 0.08148148148148149
2 0.28515625 0.5189814814814815 0.016145833333333335 0.05648148148148148
2 0.39036458333333335 0.5078703703703704 0.016145833333333335 0.06574074074074074
2 0.16536458333333334 0.5509259259259259 0.025520833333333333 0.1111111111111111
2 0.3296875 0.5143518518518518 0.01875 0.06574074074074074
2 0.3578125 0.5236111111111111 0.019791666666666666 0.09166666666666666
0 0.25 0.425462962962963 0.007291666666666667 0.013888888888888888