2 0.4752604166666667 0.6106481481481482 0.015104166666666667 0.06759259259259259
2 0.6606770833333333 0.8 0.06302083333333333 0.1648148148148148
2 0.5549479166666667 0.6574074074074074 0.016145833333333335 0.08333333333333333
2 0.6734375 0.6462962962962963 0.016666666666666666 0.08518518518518518
2 0.7815104166666667 0.6666666666666666 0.025520833333333333 0.11481481481481481
2 0.634375 0.6180555555555556 0.015625 0.0712962962962963
2 0.5424479166666667 0.6689814814814815 0.0265625 0.09722222222222222
2 0.48880208333333336 0.6398148148148148 0.0296875 0.08148148148148149
2 0.9723958333333333 0.7472222222222222 0.053125 0.15
2 0.7109375 0.6768518518518518 0.034375 0.11851851851851852
2 0.5817708333333333 0.9046296296296297 0.06041666666666667 0.19074074074074074
0 0.50078125 0.6611111111111111 0.008854166666666666 0.016666666666666666