2 0.2747395833333333 0.5277777777777778 0.0140625 0.06851851851851852
2 0.2591145833333333 0.5300925925925926 0.016145833333333335 0.06759259259259259
2 0.3138020833333333 0.5518518518518518 0.0203125 0.10925925925925926
2 0.33958333333333335 0.5282407407407408 0.017708333333333333 0.05648148148148148
2 0.4973958333333333 0.5310185185185186 0.023958333333333335 0.06944444444444445
2 0.29270833333333335 0.5416666666666666 0.01875 0.08703703703703704
2 0.16041666666666668 0.5407407407407407 0.022916666666666665 0.08333333333333333
2 0.19140625 0.5370370370370371 0.0234375 0.08518518518518518
2 0.8424479166666666 0.6194444444444445 0.06302083333333333 0.17407407407407408
2 0.45703125 0.5541666666666667 0.030729166666666665 0.10462962962962963
0 0.1671875 0.5393518518518519 0.013541666666666667 0.021296296296296296