2 0.40703125 0.6074074074074074 0.021354166666666667 0.05740740740740741
2 0.65 0.6824074074074075 0.03125 0.1037037037037037
2 0.7197916666666667 0.6824074074074075 0.025 0.12222222222222222
2 0.27421875 0.6587962962962963 0.027604166666666666 0.08425925925925926
2 0.5080729166666667 0.6328703703703704 0.0265625 0.09722222222222222
2 0.5440104166666667 0.7416666666666667 0.04010416666666667 0.1388888888888889
2 0.6942708333333333 0.6421296296296296 0.030208333333333334 0.08055555555555556
2 0.60546875 0.6509259259259259 0.0296875 0.08518518518518518
2 0.43125 0.6481481481481481 0.028125 0.08518518518518518
2 0.7861979166666667 0.8097222222222222 0.05677083333333333 0.17314814814814813
2 0.6270833333333333 0.9439814814814815 0.058333333333333334 0.11203703703703703
2 0.31223958333333335 0.725925925925926 0.0421875 0.12962962962962962
2 0.6411458333333333 0.7967592592592593 0.057291666666666664 0.1527777777777778
0 0.7276041666666667 0.6277777777777778 0.011458333333333333 0.022222222222222223