2 0.6265625 0.6162037037037037 0.015625 0.06944444444444445
2 0.47630208333333335 0.6152777777777778 0.015104166666666667 0.06018518518518518
2 0.6395833333333333 0.6023148148148149 0.015625 0.06574074074074074
2 0.6940104166666666 0.6046296296296296 0.019270833333333334 0.06851851851851852
2 0.44036458333333334 0.6587962962962963 0.024479166666666666 0.11203703703703703
2 0.8515625 0.6421296296296296 0.025 0.08981481481481482
2 0.6122395833333333 0.6467592592592593 0.0171875 0.09166666666666666
2 0.46171875 0.6773148148148148 0.0203125 0.09907407407407408
2 0.8768229166666667 0.6555555555555556 0.0265625 0.09074074074074075
2 0.33697916666666666 0.6842592592592592 0.036458333333333336 0.10925925925925926
2 0.4236979166666667 0.8231481481481482 0.06197916666666667 0.17592592592592593
2 0.5671875 0.8634259259259259 0.05 0.18055555555555555
2 0.7255208333333333 0.7384259259259259 0.04583333333333333 0.1361111111111111
0 0.8669270833333333 0.6439814814814815 0.013020833333333334 0.021296296296296296