2 0.9325520833333333 0.513425925925926 0.021354166666666667 0.11944444444444445
2 0.44088541666666664 0.5111111111111111 0.021354166666666667 0.07222222222222222
2 0.46119791666666665 0.5226851851851851 0.021354166666666667 0.11574074074074074
2 0.37526041666666665 0.5189814814814815 0.0203125 0.0824074074074074
2 0.9526041666666667 0.5222222222222223 0.03958333333333333 0.15
2 0.5369791666666667 0.5157407407407407 0.025 0.09259259259259259
2 0.33177083333333335 0.5370370370370371 0.023958333333333335 0.10555555555555556
2 0.9059895833333333 0.5097222222222222 0.03177083333333333 0.11574074074074074
2 0.22395833333333334 0.5685185185185185 0.0375 0.1537037037037037
2 0.7333333333333333 0.5532407407407407 0.05 0.18981481481481483
0 0.9291666666666667 0.5166666666666667 0.015625 0.024074074074074074