2 0.21979166666666666 0.7060185185185185 0.027083333333333334 0.14722222222222223
2 0.19973958333333333 0.6898148148148148 0.025520833333333333 0.12037037037037036
2 0.384375 0.6504629629629629 0.015625 0.08425925925925926
2 0.3458333333333333 0.6333333333333333 0.01875 0.07592592592592592
2 0.2265625 0.6481481481481481 0.023958333333333335 0.09074074074074075
2 0.58515625 0.6310185185185185 0.0265625 0.08425925925925926
2 0.4596354166666667 0.6472222222222223 0.022395833333333334 0.08888888888888889
2 0.3971354166666667 0.6833333333333333 0.0328125 0.1
2 0.4348958333333333 0.7861111111111111 0.03229166666666667 0.17222222222222222
2 0.2950520833333333 0.750462962962963 0.05572916666666667 0.1398148148148148
2 0.5119791666666667 0.9055555555555556 0.06354166666666666 0.18888888888888888
2 0.14973958333333334 0.6819444444444445 0.0359375 0.11574074074074074
2 0.6356770833333333 0.7055555555555556 0.03697916666666667 0.12222222222222222
0 0.16666666666666666 0.6597222222222222 0.013541666666666667 0.023148148148148147