2 0.7440104166666667 0.4324074074074074 0.019270833333333334 0.11851851851851852
2 0.7572916666666667 0.43472222222222223 0.028125 0.1175925925925926
2 0.5216145833333333 0.43657407407407406 0.019270833333333334 0.09722222222222222
2 0.8026041666666667 0.45740740740740743 0.027083333333333334 0.18518518518518517
2 0.6354166666666666 0.5037037037037037 0.06666666666666667 0.25
2 0.8278645833333333 0.4587962962962963 0.030729166666666665 0.18425925925925926
2 0.5783854166666667 0.44583333333333336 0.034895833333333334 0.11388888888888889
2 0.8828125 0.42962962962962964 0.030208333333333334 0.09814814814814815
2 0.54765625 0.4685185185185185 0.0390625 0.17962962962962964
2 0.6815104166666667 0.4361111111111111 0.024479166666666666 0.11481481481481481
0 0.5111979166666667 0.4166666666666667 0.0140625 0.022222222222222223