2 0.15703125 0.7074074074074074 0.04114583333333333 0.09444444444444444
2 0.20182291666666666 0.6421296296296296 0.018229166666666668 0.08055555555555556
2 0.06197916666666667 0.6282407407407408 0.025 0.0824074074074074
2 0.29609375 0.625462962962963 0.030729166666666665 0.08981481481481482
2 0.178125 0.8277777777777777 0.04791666666666667 0.17222222222222222
2 0.2669270833333333 0.6407407407407407 0.022395833333333334 0.08888888888888889
2 0.20520833333333333 0.7314814814814815 0.03229166666666667 0.13148148148148148
2 0.1265625 0.7050925925925926 0.03958333333333333 0.1175925925925926
2 0.24609375 0.7574074074074074 0.043229166666666666 0.1388888888888889
2 0.09114583333333333 0.7296296296296296 0.040625 0.1259259259259259
2 0.03203125 0.7796296296296297 0.059895833333333336 0.14444444444444443
0 0.21484375 0.7388888888888889 0.022395833333333334 0.02962962962962963