2 0.13671875 0.4537037037037037 0.019270833333333334 0.05555555555555555
2 0.2911458333333333 0.4375 0.016666666666666666 0.0787037037037037
2 0.2734375 0.4356481481481482 0.016666666666666666 0.0787037037037037
2 0.46536458333333336 0.42314814814814816 0.0171875 0.08148148148148149
2 0.18020833333333333 0.449537037037037 0.020833333333333332 0.08425925925925926
2 0.20546875 0.45092592592592595 0.024479166666666666 0.07777777777777778
2 0.37864583333333335 0.4337962962962963 0.028125 0.075
2 0.49583333333333335 0.43703703703703706 0.034375 0.1
2 0.54296875 0.43287037037037035 0.024479166666666666 0.10648148148148148
2 0.41015625 0.45231481481481484 0.0328125 0.1398148148148148
2 0.58515625 0.4486111111111111 0.04114583333333333 0.1361111111111111
0 0.17447916666666666 0.4125 0.0125 0.01574074074074074