2 0.38307291666666665 0.6518518518518519 0.0234375 0.06666666666666667
2 0.3963541666666667 0.6157407407407407 0.020833333333333332 0.07407407407407407
2 0.2203125 0.6504629629629629 0.022916666666666665 0.08796296296296297
2 0.5744791666666667 0.6467592592592593 0.021875 0.09351851851851851
2 0.24817708333333333 0.6546296296296297 0.028645833333333332 0.07037037037037037
2 0.1875 0.7388888888888889 0.026041666666666668 0.12037037037037036
2 0.40390625 0.725925925925926 0.0265625 0.12037037037037036
2 0.14505208333333333 0.7273148148148149 0.0390625 0.12314814814814815
2 0.3234375 0.6851851851851852 0.03229166666666667 0.08888888888888889
2 0.019010416666666665 0.7245370370370371 0.0359375 0.1398148148148148
2 0.24036458333333333 0.7375 0.028645833333333332 0.11944444444444445
2 0.7380208333333333 0.6212962962962963 0.025 0.07962962962962963
2 0.3736979166666667 0.9425925925925925 0.05677083333333333 0.11296296296296296
0 0.3138020833333333 0.6759259259259259 0.011979166666666667 0.018518518518518517