2 0.40208333333333335 0.6486111111111111 0.017708333333333333 0.0787037037037037
2 0.3854166666666667 0.6462962962962963 0.021875 0.06851851851851852
2 0.32447916666666665 0.6782407407407407 0.020833333333333332 0.10462962962962963
2 0.21640625 0.649537037037037 0.028645833333333332 0.09722222222222222
2 0.25859375 0.65 0.0265625 0.08703703703703704
2 0.04375 0.7083333333333334 0.04895833333333333 0.15555555555555556
2 0.5838541666666667 0.6449074074074074 0.020833333333333332 0.08981481481481482
2 0.38177083333333334 0.7513888888888889 0.03333333333333333 0.14722222222222223
2 0.23854166666666668 0.7231481481481481 0.030208333333333334 0.1388888888888889
2 0.1484375 0.7101851851851851 0.036458333333333336 0.13703703703703704
2 0.73828125 0.6222222222222222 0.0265625 0.07962962962962963
0 0.22083333333333333 0.5064814814814815 0.015625 0.024074074074074074