2 0.23177083333333334 0.6087962962962963 0.010416666666666666 0.06944444444444445
2 0.3703125 0.5837962962962963 0.014583333333333334 0.05092592592592592
2 0.21822916666666667 0.6097222222222223 0.014583333333333334 0.062037037037037036
2 0.01953125 0.6375 0.025520833333333333 0.0712962962962963
2 0.20078125 0.624537037037037 0.0171875 0.075
2 0.3541666666666667 0.5939814814814814 0.015625 0.06018518518518518
2 0.24895833333333334 0.6171296296296296 0.020833333333333332 0.07685185185185185
2 0.13463541666666667 0.6435185185185185 0.0390625 0.06666666666666667
2 0.16380208333333332 0.649074074074074 0.0265625 0.09444444444444444
2 0.19114583333333332 0.687037037037037 0.036458333333333336 0.10925925925925926
2 0.46510416666666665 0.9125 0.05625 0.175
2 0.29401041666666666 0.6171296296296296 0.0234375 0.06759259259259259
0 0.030208333333333334 0.6365740740740741 0.014583333333333334 0.017592592592592594