2 0.5997395833333333 0.5800925925925926 0.0296875 0.13425925925925927
2 0.7486979166666666 0.5351851851851852 0.016145833333333335 0.08703703703703704
2 0.6020833333333333 0.5726851851851852 0.022916666666666665 0.11018518518518519
2 0.7106770833333333 0.5634259259259259 0.0265625 0.14166666666666666
2 0.73359375 0.575925925925926 0.030729166666666665 0.1425925925925926
2 0.5802083333333333 0.5833333333333334 0.042708333333333334 0.18888888888888888
2 0.50078125 0.5319444444444444 0.021354166666666667 0.06759259259259259
2 0.7708333333333334 0.5643518518518519 0.026041666666666668 0.12685185185185185
2 0.82578125 0.5694444444444444 0.04114583333333333 0.14074074074074075
2 0.6713541666666667 0.5861111111111111 0.03854166666666667 0.17962962962962964
0 0.7515625 0.36712962962962964 0.015625 0.025