2 0.41119791666666666 0.5296296296296297 0.0140625 0.05740740740740741
2 0.43645833333333334 0.5277777777777778 0.014583333333333334 0.05925925925925926
2 0.340625 0.5300925925925926 0.014583333333333334 0.06388888888888888
2 0.46848958333333335 0.5356481481481481 0.0203125 0.0787037037037037
2 0.359375 0.538425925925926 0.020833333333333332 0.08055555555555556
2 0.6661458333333333 0.5652777777777778 0.026041666666666668 0.1175925925925926
2 0.5830729166666667 0.5402777777777777 0.022395833333333334 0.0824074074074074
2 0.6424479166666667 0.5356481481481481 0.022395833333333334 0.08611111111111111
2 0.3184895833333333 0.5444444444444444 0.024479166666666666 0.09444444444444444
2 0.5390625 0.5583333333333333 0.03125 0.1259259259259259
0 0.478125 0.5291666666666667 0.007291666666666667 0.012037037037037037