2 0.2674479166666667 0.586574074074074 0.011979166666666667 0.05092592592592592
2 0.14166666666666666 0.611574074074074 0.020833333333333332 0.06759259259259259
2 0.21640625 0.6064814814814815 0.018229166666666668 0.06666666666666667
2 0.27291666666666664 0.6314814814814815 0.020833333333333332 0.06666666666666667
2 0.34739583333333335 0.5935185185185186 0.021875 0.05925925925925926
2 0.19453125 0.6208333333333333 0.0234375 0.07314814814814814
2 0.15546875 0.7050925925925926 0.030729166666666665 0.11203703703703703
2 0.3296875 0.6699074074074074 0.03125 0.09537037037037037
2 0.24479166666666666 0.7023148148148148 0.036458333333333336 0.11388888888888889
2 0.11901041666666666 0.7212962962962963 0.03177083333333333 0.10185185185185185
0 0.32760416666666664 0.5981481481481481 0.013541666666666667 0.020370370370370372