2 0.6580729166666667 0.6328703703703704 0.024479166666666666 0.07314814814814814
2 0.6427083333333333 0.6097222222222223 0.0125 0.075
2 0.6903645833333333 0.5972222222222222 0.013020833333333334 0.05185185185185185
2 0.59765625 0.600925925925926 0.0140625 0.05740740740740741
2 0.6802083333333333 0.6296296296296297 0.016666666666666666 0.07962962962962963
2 0.6268229166666667 0.6157407407407407 0.021354166666666667 0.06111111111111111
2 0.78359375 0.6300925925925925 0.024479166666666666 0.08055555555555556
2 0.8661458333333333 0.6324074074074074 0.023958333333333335 0.07962962962962963
2 0.7294270833333333 0.611574074074074 0.0203125 0.06944444444444445
2 0.8270833333333333 0.6800925925925926 0.027083333333333334 0.10092592592592593
2 0.5895833333333333 0.7351851851851852 0.04479166666666667 0.13703703703703704
2 0.37473958333333335 0.9416666666666667 0.059895833333333336 0.11666666666666667
0 0.6020833333333333 0.5879629629629629 0.00625 0.012962962962962963