2 0.33046875 0.48518518518518516 0.058854166666666666 0.22037037037037038
2 0.18880208333333334 0.4287037037037037 0.019270833333333334 0.09074074074074075
2 0.37734375 0.4162037037037037 0.027604166666666666 0.09722222222222222
2 0.171875 0.4388888888888889 0.03333333333333333 0.0962962962962963
2 0.01875 0.46296296296296297 0.036458333333333336 0.17962962962962964
2 0.4778645833333333 0.4476851851851852 0.049479166666666664 0.14351851851851852
2 0.5520833333333334 0.42592592592592593 0.023958333333333335 0.0962962962962963
2 0.26953125 0.43796296296296294 0.04739583333333333 0.11666666666666667
2 0.21380208333333334 0.4486111111111111 0.03177083333333333 0.15462962962962962
2 0.39505208333333336 0.4546296296296296 0.044270833333333336 0.12962962962962962
0 0.121875 0.38842592592592595 0.015625 0.023148148148148147