2 0.18463541666666666 0.5226851851851851 0.0140625 0.05648148148148148
2 0.34375 0.5310185185185186 0.010416666666666666 0.05648148148148148
2 0.27447916666666666 0.5273148148148148 0.013541666666666667 0.06574074074074074
2 0.33177083333333335 0.5351851851851852 0.015625 0.06666666666666667
2 0.25286458333333334 0.5291666666666667 0.016145833333333335 0.06759259259259259
2 0.39114583333333336 0.5398148148148149 0.020833333333333332 0.08333333333333333
2 0.36015625 0.5847222222222223 0.03177083333333333 0.125
2 0.2911458333333333 0.5388888888888889 0.016666666666666666 0.08148148148148149
2 0.19895833333333332 0.5407407407407407 0.019791666666666666 0.07962962962962963
2 0.22239583333333332 0.5365740740740741 0.022916666666666665 0.0824074074074074
0 0.20651041666666667 0.5310185185185186 0.0109375 0.01574074074074074