2 0.5674479166666667 0.6962962962962963 0.019270833333333334 0.06666666666666667
2 0.56796875 0.6444444444444445 0.019270833333333334 0.04259259259259259
2 0.5565104166666667 0.6287037037037037 0.0109375 0.07037037037037037
2 0.5947916666666667 0.6319444444444444 0.017708333333333333 0.0787037037037037
2 0.7018229166666666 0.6888888888888889 0.0328125 0.12222222222222222
2 0.3572916666666667 0.6175925925925926 0.019791666666666666 0.07222222222222222
2 0.42161458333333335 0.6699074074074074 0.028645833333333332 0.09351851851851851
2 0.30755208333333334 0.625 0.019270833333333334 0.07962962962962963
2 0.48072916666666665 0.8805555555555555 0.09270833333333334 0.1814814814814815
2 0.37057291666666664 0.7143518518518519 0.0421875 0.1175925925925926
2 0.56171875 0.7824074074074074 0.049479166666666664 0.14814814814814814
2 0.778125 0.6981481481481482 0.036458333333333336 0.1259259259259259
2 0.3380208333333333 0.7467592592592592 0.04375 0.125
0 0.5661458333333333 0.7560185185185185 0.017708333333333333 0.032407407407407406