2 0.42083333333333334 0.5078703703703704 0.015625 0.05277777777777778
2 0.32473958333333336 0.5111111111111111 0.0140625 0.06481481481481481
2 0.25833333333333336 0.5171296296296296 0.015625 0.062037037037037036
2 0.2734375 0.5236111111111111 0.01875 0.07685185185185185
2 0.340625 0.5171296296296296 0.014583333333333334 0.0712962962962963
2 0.1890625 0.5337962962962963 0.023958333333333335 0.10092592592592593
2 0.5466145833333333 0.5259259259259259 0.030729166666666665 0.12037037037037036
2 0.5989583333333334 0.5199074074074074 0.0375 0.11203703703703703
2 0.29973958333333334 0.5458333333333333 0.04010416666666667 0.1175925925925926
2 0.44427083333333334 0.5907407407407408 0.052083333333333336 0.19444444444444445
0 0.5268229166666667 0.5069444444444444 0.0109375 0.021296296296296296