2 0.8127604166666667 0.7587962962962963 0.044270833333333336 0.18055555555555555
2 0.85703125 0.736574074074074 0.04010416666666667 0.14351851851851852
2 0.8236979166666667 0.7722222222222223 0.0640625 0.17037037037037037
2 0.7296875 0.7013888888888888 0.021875 0.1175925925925926
2 0.6526041666666667 0.663425925925926 0.016666666666666666 0.07685185185185185
2 0.8747395833333333 0.8287037037037037 0.08697916666666666 0.23703703703703705
2 0.7213541666666666 0.7041666666666667 0.034375 0.12129629629629629
2 0.47161458333333334 0.6564814814814814 0.0171875 0.07777777777777778
2 0.5078125 0.7106481481481481 0.028125 0.11574074074074074
2 0.6388020833333333 0.7152777777777778 0.030729166666666665 0.11944444444444445
2 0.7794270833333333 0.7106481481481481 0.0421875 0.13425925925925927
0 0.8078125 0.8314814814814815 0.034375 0.05