2 0.79609375 0.5185185185185185 0.0109375 0.07037037037037037
2 0.7979166666666667 0.5236111111111111 0.013541666666666667 0.075
2 0.7223958333333333 0.524074074074074 0.015625 0.06666666666666667
2 0.7822916666666667 0.5226851851851851 0.015625 0.07685185185185185
2 0.70546875 0.5138888888888888 0.018229166666666668 0.053703703703703705
2 0.7401041666666667 0.5199074074074074 0.017708333333333333 0.06574074074074074
2 0.7658854166666667 0.5254629629629629 0.0171875 0.062037037037037036
2 0.6390625 0.5203703703703704 0.019791666666666666 0.08518518518518518
2 0.6651041666666667 0.5138888888888888 0.015625 0.06296296296296296
2 0.8622395833333333 0.5351851851851852 0.0265625 0.09259259259259259
2 0.8075520833333333 0.5481481481481482 0.025520833333333333 0.1
0 0.74609375 0.5087962962962963 0.0078125 0.01574074074074074