2 0.484375 0.43333333333333335 0.017708333333333333 0.10925925925925926
2 0.5231770833333333 0.42268518518518516 0.015104166666666667 0.08611111111111111
2 0.2546875 0.43657407407407406 0.027083333333333334 0.06574074074074074
2 0.67109375 0.425 0.018229166666666668 0.07407407407407407
2 0.8109375 0.4583333333333333 0.030208333333333334 0.11296296296296296
2 0.8997395833333334 0.45925925925925926 0.033854166666666664 0.17592592592592593
2 0.6888020833333334 0.43425925925925923 0.024479166666666666 0.10925925925925926
2 0.6260416666666667 0.4412037037037037 0.027083333333333334 0.12685185185185185
2 0.7854166666666667 0.4305555555555556 0.029166666666666667 0.10925925925925926
2 0.925 0.49398148148148147 0.075 0.16574074074074074
2 0.5002604166666667 0.46805555555555556 0.0296875 0.18425925925925926
0 0.5703125 0.3939814814814815 0.010416666666666666 0.017592592592592594