2 0.00546875 0.6453703703703704 0.0109375 0.08333333333333333
2 0.2635416666666667 0.624537037037037 0.020833333333333332 0.0787037037037037
2 0.23828125 0.6328703703703704 0.024479166666666666 0.075
2 0.18880208333333334 0.611574074074074 0.021354166666666667 0.07685185185185185
2 0.11510416666666666 0.6129629629629629 0.023958333333333335 0.07222222222222222
2 0.15078125 0.6300925925925925 0.0296875 0.08055555555555556
2 0.28984375 0.6291666666666667 0.028645833333333332 0.07314814814814814
2 0.09036458333333333 0.6486111111111111 0.025520833333333333 0.10277777777777777
2 0.49244791666666665 0.5990740740740741 0.03177083333333333 0.07407407407407407
2 0.34453125 0.6564814814814814 0.044270833333333336 0.07777777777777778
2 0.1375 0.6958333333333333 0.03229166666666667 0.10462962962962963
2 0.19895833333333332 0.7129629629629629 0.05520833333333333 0.11851851851851852
0 0.12552083333333333 0.6092592592592593 0.011458333333333333 0.016666666666666666