2 0.6763020833333333 0.5115740740740741 0.015104166666666667 0.06574074074074074
2 0.78046875 0.5217592592592593 0.0171875 0.08055555555555556
2 0.7333333333333333 0.5199074074074074 0.015625 0.06759259259259259
2 0.6916666666666667 0.513425925925926 0.016666666666666666 0.058333333333333334
2 0.60859375 0.5060185185185185 0.015104166666666667 0.06018518518518518
2 0.7473958333333334 0.5282407407407408 0.020833333333333332 0.075
2 0.7963541666666667 0.524537037037037 0.01875 0.08055555555555556
2 0.6578125 0.524537037037037 0.021875 0.08981481481481482
2 0.87421875 0.5398148148148149 0.0265625 0.08703703703703704
2 0.8325520833333333 0.5513888888888889 0.0265625 0.10092592592592593
0 0.7505208333333333 0.4699074074074074 0.010416666666666666 0.017592592592592594