2 0.4661458333333333 0.5064814814814815 0.014583333333333334 0.06296296296296296
2 0.51328125 0.5092592592592593 0.021354166666666667 0.08148148148148149
2 0.3575520833333333 0.5097222222222222 0.018229166666666668 0.06574074074074074
2 0.33880208333333334 0.5152777777777777 0.015104166666666667 0.0712962962962963
2 0.28958333333333336 0.5217592592592593 0.015625 0.06944444444444445
2 0.184375 0.5402777777777777 0.022916666666666665 0.09351851851851851
2 0.26953125 0.524537037037037 0.019270833333333334 0.06759259259259259
2 0.21953125 0.5699074074074074 0.025520833333333333 0.1287037037037037
2 0.684375 0.5236111111111111 0.04791666666666667 0.13240740740740742
2 0.49713541666666666 0.5513888888888889 0.04739583333333333 0.16203703703703703
0 0.47682291666666665 0.5361111111111111 0.015104166666666667 0.024074074074074074