2 0.06145833333333333 0.5013888888888889 0.08645833333333333 0.16574074074074074
2 0.5658854166666667 0.43796296296296294 0.0265625 0.08148148148148149
2 0.3177083333333333 0.43657407407407406 0.030208333333333334 0.11203703703703703
2 0.353125 0.42453703703703705 0.021875 0.0824074074074074
2 0.14036458333333332 0.4439814814814815 0.0296875 0.1527777777777778
2 0.4825520833333333 0.47453703703703703 0.03697916666666667 0.2101851851851852
2 0.0921875 0.4638888888888889 0.041666666666666664 0.18703703703703703
2 0.5979166666666667 0.4462962962962963 0.041666666666666664 0.11666666666666667
2 0.39401041666666664 0.44212962962962965 0.024479166666666666 0.1398148148148148
2 0.21692708333333333 0.4324074074074074 0.0296875 0.1111111111111111
0 0.55390625 0.4305555555555556 0.0109375 0.016666666666666666