2 0.7177083333333333 0.41898148148148145 0.017708333333333333 0.09351851851851851
2 0.7934895833333333 0.43472222222222223 0.025520833333333333 0.11388888888888889
2 0.59765625 0.43472222222222223 0.021354166666666667 0.10092592592592593
2 0.6963541666666667 0.43796296296296294 0.042708333333333334 0.11666666666666667
2 0.66015625 0.4356481481481482 0.03177083333333333 0.1175925925925926
2 0.4401041666666667 0.47453703703703703 0.034375 0.1935185185185185
2 0.76875 0.4337962962962963 0.023958333333333335 0.11018518518518519
2 0.9200520833333333 0.43472222222222223 0.0328125 0.11203703703703703
2 0.8200520833333333 0.45416666666666666 0.0484375 0.14907407407407408
2 0.5291666666666667 0.4648148148148148 0.030208333333333334 0.17777777777777778
0 0.69765625 0.22777777777777777 0.0140625 0.018518518518518517