2 0.7893229166666667 0.6537037037037037 0.019270833333333334 0.08333333333333333
2 0.7989583333333333 0.7129629629629629 0.025 0.11481481481481481
2 0.771875 0.6615740740740741 0.01875 0.07685185185185185
2 0.5989583333333334 0.6175925925925926 0.021875 0.07037037037037037
2 0.7497395833333333 0.7125 0.024479166666666666 0.12314814814814815
2 0.6752604166666667 0.6768518518518518 0.021354166666666667 0.10555555555555556
2 0.43645833333333334 0.6472222222222223 0.025 0.09074074074074075
2 0.8296875 0.7074074074074074 0.03229166666666667 0.12777777777777777
2 0.6291666666666667 0.6472222222222223 0.023958333333333335 0.08333333333333333
2 0.9807291666666667 0.7231481481481481 0.036458333333333336 0.1388888888888889
2 0.27057291666666666 0.6203703703703703 0.024479166666666666 0.07962962962962963
2 0.6078125 0.7240740740740741 0.03958333333333333 0.12037037037037036
2 0.6268229166666667 0.9435185185185185 0.0578125 0.11296296296296296
0 0.7877604166666666 0.513425925925926 0.015104166666666667 0.023148148148148147