2 0.8091145833333333 0.4310185185185185 0.0140625 0.05092592592592592
2 0.09166666666666666 0.45925925925925926 0.030208333333333334 0.17592592592592593
2 0.6513020833333333 0.45231481481481484 0.0328125 0.13796296296296295
2 0.25885416666666666 0.4212962962962963 0.017708333333333333 0.08888888888888889
2 0.7328125 0.43703703703703706 0.017708333333333333 0.06666666666666667
2 0.23255208333333333 0.4273148148148148 0.019270833333333334 0.10277777777777777
2 0.37473958333333335 0.4444444444444444 0.027604166666666666 0.15
2 0.1734375 0.44027777777777777 0.029166666666666667 0.14351851851851852
2 0.3497395833333333 0.43425925925925923 0.03177083333333333 0.1037037037037037
2 0.06875 0.5013888888888889 0.07291666666666667 0.15462962962962962
2 0.4203125 0.42592592592592593 0.022916666666666665 0.07592592592592592
0 0.8005208333333333 0.42314814814814816 0.008333333333333333 0.016666666666666666