2 0.7239583333333334 0.5435185185185185 0.01875 0.1
2 0.5317708333333333 0.48518518518518516 0.0125 0.06296296296296296
2 0.66015625 0.5115740740740741 0.019270833333333334 0.0712962962962963
2 0.4859375 0.49027777777777776 0.025 0.062037037037037036
2 0.5122395833333333 0.5356481481481481 0.025520833333333333 0.11574074074074074
2 0.5473958333333333 0.5523148148148148 0.026041666666666668 0.12314814814814815
2 0.7078125 0.5458333333333333 0.023958333333333335 0.09351851851851851
2 0.29296875 0.5953703703703703 0.0546875 0.22037037037037038
2 0.36041666666666666 0.5101851851851852 0.030208333333333334 0.10740740740740741
2 0.61875 0.5217592592592593 0.023958333333333335 0.0787037037037037
0 0.6369791666666667 0.49722222222222223 0.009375 0.018518518518518517