2 0.33984375 0.8189814814814815 0.07552083333333333 0.1787037037037037
2 0.3260416666666667 0.7217592592592592 0.04791666666666667 0.11944444444444445
2 0.21640625 0.6981481481481482 0.03802083333333333 0.1111111111111111
2 0.3033854166666667 0.6851851851851852 0.025520833333333333 0.09814814814814815
2 0.08411458333333334 0.7166666666666667 0.03177083333333333 0.1259259259259259
2 0.43203125 0.6583333333333333 0.019270833333333334 0.07407407407407407
2 0.2520833333333333 0.7083333333333334 0.041666666666666664 0.13333333333333333
2 0.3807291666666667 0.7027777777777777 0.040625 0.12222222222222222
2 0.496875 0.6884259259259259 0.03125 0.11388888888888889
2 0.178125 0.7384259259259259 0.06458333333333334 0.14351851851851852
2 0.057291666666666664 0.7842592592592592 0.051041666666666666 0.15185185185185185
0 0.22838541666666667 0.6152777777777778 0.024479166666666666 0.03981481481481482