2 0.6088541666666667 0.5435185185185185 0.016666666666666666 0.09444444444444444
2 0.6979166666666666 0.55 0.020833333333333332 0.09814814814814815
2 0.47760416666666666 0.5509259259259259 0.023958333333333335 0.09814814814814815
2 0.2638020833333333 0.5356481481481481 0.0203125 0.08611111111111111
2 0.5973958333333333 0.55 0.025 0.10185185185185185
2 0.66796875 0.5699074074074074 0.024479166666666666 0.14722222222222223
2 0.6346354166666667 0.5680555555555555 0.03177083333333333 0.125
2 0.09661458333333334 0.6055555555555555 0.05364583333333333 0.18703703703703703
2 0.3255208333333333 0.5671296296296297 0.03333333333333333 0.1361111111111111
2 0.5359375 0.5958333333333333 0.040625 0.1675925925925926
0 0.5427083333333333 0.5893518518518519 0.020833333333333332 0.032407407407407406