2 0.6419270833333334 0.5277777777777778 0.011979166666666667 0.06666666666666667
2 0.6619791666666667 0.55 0.025 0.14444444444444443
2 0.6276041666666666 0.5277777777777778 0.015625 0.06296296296296296
2 0.6955729166666667 0.5393518518518519 0.018229166666666668 0.0787037037037037
2 0.77109375 0.5337962962962963 0.0203125 0.0824074074074074
2 0.53359375 0.5365740740740741 0.0171875 0.08055555555555556
2 0.7513020833333334 0.5365740740740741 0.019270833333333334 0.0787037037037037
2 0.50859375 0.5393518518518519 0.019270833333333334 0.0787037037037037
2 0.38697916666666665 0.5425925925925926 0.027083333333333334 0.1
2 0.28515625 0.5370370370370371 0.0296875 0.08148148148148149
2 0.11744791666666667 0.6041666666666666 0.05677083333333333 0.1787037037037037
0 0.67578125 0.4444444444444444 0.016145833333333335 0.024074074074074074