2 0.24088541666666666 0.5972222222222222 0.018229166666666668 0.05740740740740741
2 0.33541666666666664 0.6055555555555555 0.01875 0.06481481481481481
2 0.2359375 0.6041666666666666 0.015625 0.062037037037037036
2 0.3606770833333333 0.600462962962963 0.025520833333333333 0.06018518518518518
2 0.46588541666666666 0.5967592592592592 0.018229166666666668 0.06574074074074074
2 0.025520833333333333 0.6287037037037037 0.029166666666666667 0.08703703703703704
2 0.271875 0.6439814814814815 0.034375 0.08425925925925926
2 0.21510416666666668 0.6097222222222223 0.021875 0.07685185185185185
2 0.13463541666666667 0.638425925925926 0.033854166666666664 0.09722222222222222
2 0.10911458333333333 0.7333333333333333 0.0546875 0.13148148148148148
2 0.31927083333333334 0.6328703703703704 0.035416666666666666 0.0787037037037037
2 0.24635416666666668 0.6583333333333333 0.025 0.10555555555555556
0 0.36484375 0.5810185185185185 0.009895833333333333 0.017592592592592594