2 0.41041666666666665 0.625462962962963 0.01875 0.07314814814814814
2 0.42213541666666665 0.6939814814814815 0.022395833333333334 0.10092592592592593
2 0.3265625 0.6912037037037037 0.029166666666666667 0.0787037037037037
2 0.30416666666666664 0.6462962962962963 0.029166666666666667 0.09074074074074075
2 0.26015625 0.6513888888888889 0.027604166666666666 0.09166666666666666
2 0.5744791666666667 0.6449074074074074 0.021875 0.08425925925925926
2 0.23177083333333334 0.7347222222222223 0.036458333333333336 0.12129629629629629
2 0.4734375 0.9106481481481481 0.04479166666666667 0.1787037037037037
2 0.14296875 0.7199074074074074 0.033854166666666664 0.14722222222222223
2 0.5760416666666667 0.7472222222222222 0.0375 0.1425925925925926
2 0.0484375 0.6967592592592593 0.03333333333333333 0.125
2 0.7380208333333333 0.6212962962962963 0.026041666666666668 0.07962962962962963
0 0.05625 0.6717592592592593 0.014583333333333334 0.023148148148148147