2 0.7765625 0.5421296296296296 0.025 0.05277777777777778
2 0.7645833333333333 0.5342592592592592 0.019791666666666666 0.05925925925925926
2 0.6596354166666667 0.5074074074074074 0.015104166666666667 0.06481481481481481
2 0.6765625 0.5199074074074074 0.015625 0.075
2 0.73671875 0.5273148148148148 0.022395833333333334 0.0824074074074074
2 0.5903645833333333 0.5157407407407407 0.018229166666666668 0.07962962962962963
2 0.8044270833333333 0.5356481481481481 0.0390625 0.06018518518518518
2 0.7010416666666667 0.5143518518518518 0.01875 0.06018518518518518
2 0.61875 0.5287037037037037 0.03125 0.08703703703703704
2 0.8419270833333333 0.5513888888888889 0.025520833333333333 0.09907407407407408
0 0.7854166666666667 0.5481481481481482 0.007291666666666667 0.014814814814814815