2 0.53203125 0.5282407407407408 0.0140625 0.06574074074074074
2 0.0828125 0.6162037037037037 0.08020833333333334 0.18796296296296297
2 0.5528645833333333 0.5388888888888889 0.019270833333333334 0.09074074074074075
2 0.6104166666666667 0.5365740740740741 0.027083333333333334 0.075
2 0.44609375 0.5430555555555555 0.033854166666666664 0.10092592592592593
2 0.66484375 0.5504629629629629 0.021354166666666667 0.09537037037037037
2 0.71640625 0.5333333333333333 0.0234375 0.06481481481481481
2 0.48072916666666665 0.5740740740740741 0.03229166666666667 0.14814814814814814
2 0.2908854166666667 0.5430555555555555 0.034895833333333334 0.09351851851851851
2 0.35651041666666666 0.5699074074074074 0.044270833333333336 0.15092592592592594
0 0.6671875 0.42777777777777776 0.013541666666666667 0.018518518518518517