2 0.5854166666666667 0.5342592592592592 0.0125 0.06666666666666667
2 0.42604166666666665 0.5314814814814814 0.020833333333333332 0.06666666666666667
2 0.59921875 0.5430555555555555 0.0203125 0.08981481481481482
2 0.6770833333333334 0.5254629629629629 0.01875 0.06018518518518518
2 0.7432291666666667 0.5342592592592592 0.017708333333333333 0.06851851851851852
2 0.6427083333333333 0.5277777777777778 0.014583333333333334 0.05740740740740741
2 0.4432291666666667 0.5421296296296296 0.021875 0.06759259259259259
2 0.62734375 0.5541666666666667 0.024479166666666666 0.10648148148148148
2 0.0359375 0.6050925925925926 0.058333333333333334 0.175
2 0.70625 0.5370370370370371 0.022916666666666665 0.07222222222222222
0 0.61875 0.4787037037037037 0.009375 0.016666666666666666