2 0.46119791666666665 0.5421296296296296 0.021354166666666667 0.13796296296296295
2 0.5322916666666667 0.5027777777777778 0.011458333333333333 0.07222222222222222
2 0.45390625 0.5467592592592593 0.025520833333333333 0.14351851851851852
2 0.7802083333333333 0.5856481481481481 0.035416666666666666 0.11574074074074074
2 0.428125 0.5453703703703704 0.03333333333333333 0.14074074074074075
2 0.4109375 0.5171296296296296 0.022916666666666665 0.11574074074074074
2 0.5190104166666667 0.513425925925926 0.018229166666666668 0.08425925925925926
2 0.6356770833333333 0.5273148148148148 0.019270833333333334 0.08981481481481482
2 0.32265625 0.5236111111111111 0.044270833333333336 0.08796296296296297
2 0.47734375 0.6550925925925926 0.06302083333333333 0.2490740740740741
2 0.6122395833333333 0.5509259259259259 0.0296875 0.10925925925925926
2 0.6841145833333333 0.6212962962962963 0.0578125 0.1574074074074074
0 0.66015625 0.5513888888888889 0.021354166666666667 0.03611111111111111