2 0.47213541666666664 0.6152777777777778 0.0140625 0.05648148148148148
2 0.6427083333333333 0.5981481481481481 0.014583333333333334 0.06111111111111111
2 0.4661458333333333 0.6703703703703704 0.030208333333333334 0.08888888888888889
2 0.5302083333333333 0.6416666666666667 0.020833333333333332 0.08888888888888889
2 0.5020833333333333 0.6777777777777778 0.036458333333333336 0.08888888888888889
2 0.6200520833333333 0.6393518518518518 0.021354166666666667 0.08055555555555556
2 0.6625 0.6842592592592592 0.028125 0.10740740740740741
2 0.7091145833333333 0.6518518518518519 0.027604166666666666 0.08888888888888889
2 0.6815104166666667 0.7532407407407408 0.04739583333333333 0.125
2 0.45 0.787962962962963 0.036458333333333336 0.15925925925925927
2 0.8059895833333334 0.6916666666666667 0.033854166666666664 0.11666666666666667
2 0.3736979166666667 0.9435185185185185 0.0609375 0.11296296296296296
0 0.5184895833333333 0.6851851851851852 0.009895833333333333 0.016666666666666666