2 0.23020833333333332 0.6615740740740741 0.025 0.12685185185185185
2 0.22734375 0.6324074074074074 0.019270833333333334 0.08148148148148149
2 0.29140625 0.6291666666666667 0.019270833333333334 0.0824074074074074
2 0.20416666666666666 0.6046296296296296 0.020833333333333332 0.07222222222222222
2 0.0203125 0.6319444444444444 0.029166666666666667 0.08796296296296297
2 0.23359375 0.6898148148148148 0.028645833333333332 0.11296296296296296
2 0.5109375 0.6050925925925926 0.030208333333333334 0.0712962962962963
2 0.26901041666666664 0.6064814814814815 0.0296875 0.07222222222222222
2 0.12473958333333333 0.6416666666666667 0.03802083333333333 0.09814814814814815
2 0.3203125 0.6393518518518518 0.022916666666666665 0.08611111111111111
2 0.36614583333333334 0.6189814814814815 0.029166666666666667 0.0824074074074074
2 0.42083333333333334 0.6486111111111111 0.029166666666666667 0.08796296296296297
2 0.2703125 0.7578703703703704 0.058333333333333334 0.13055555555555556
0 0.41015625 0.6550925925925926 0.013020833333333334 0.023148148148148147