2 0.640625 0.7046296296296296 0.017708333333333333 0.12037037037037036
2 0.7815104166666667 0.7194444444444444 0.022395833333333334 0.14629629629629629
2 0.6375 0.7046296296296296 0.01875 0.11296296296296296
2 0.5138020833333333 0.6532407407407408 0.019270833333333334 0.0787037037037037
2 0.7955729166666666 0.7208333333333333 0.03177083333333333 0.14537037037037037
2 0.7278645833333334 0.6875 0.024479166666666666 0.10277777777777777
2 0.6606770833333333 0.7018518518518518 0.034895833333333334 0.11666666666666667
2 0.6127604166666667 0.6976851851851852 0.033854166666666664 0.09907407407407408
2 0.88828125 0.7166666666666667 0.0421875 0.10925925925925926
2 0.5661458333333333 0.6995370370370371 0.029166666666666667 0.10648148148148148
2 0.7559895833333333 0.6986111111111111 0.024479166666666666 0.12129629629629629
2 0.9546875 0.7092592592592593 0.03333333333333333 0.13333333333333333
0 0.596875 0.6995370370370371 0.011458333333333333 0.019444444444444445