2 0.42473958333333334 0.624537037037037 0.024479166666666666 0.08425925925925926
2 0.7513020833333334 0.6240740740740741 0.0328125 0.07592592592592592
2 0.440625 0.6930555555555555 0.035416666666666666 0.10277777777777777
2 0.7979166666666667 0.674074074074074 0.028125 0.09074074074074075
2 0.21197916666666666 0.6259259259259259 0.022916666666666665 0.08888888888888889
2 0.8528645833333334 0.6560185185185186 0.0359375 0.09351851851851851
2 0.35911458333333335 0.6574074074074074 0.025520833333333333 0.0962962962962963
2 0.6541666666666667 0.6546296296296297 0.027083333333333334 0.10185185185185185
2 0.39166666666666666 0.6092592592592593 0.025 0.07037037037037037
2 0.2953125 0.8087962962962963 0.06145833333333333 0.1787037037037037
2 0.5619791666666667 0.7912037037037037 0.03854166666666667 0.16018518518518518
0 0.7932291666666667 0.6606481481481481 0.015625 0.023148148148148147