2 0.3497395833333333 0.4388888888888889 0.025520833333333333 0.12777777777777777
2 0.2557291666666667 0.49907407407407406 0.08854166666666667 0.2796296296296296
2 0.21354166666666666 0.4462962962962963 0.022916666666666665 0.16296296296296298
2 0.1546875 0.43842592592592594 0.030208333333333334 0.1287037037037037
2 0.3546875 0.4412037037037037 0.034375 0.13796296296296295
2 0.2984375 0.4356481481481482 0.020833333333333332 0.13055555555555556
2 0.35963541666666665 0.4486111111111111 0.03697916666666667 0.16018518518518518
2 0.13411458333333334 0.4412037037037037 0.024479166666666666 0.1287037037037037
2 0.38697916666666665 0.4388888888888889 0.021875 0.1259259259259259
2 0.08489583333333334 0.4615740740740741 0.034375 0.14722222222222223
2 0.48671875 0.44675925925925924 0.03697916666666667 0.13055555555555556
0 0.15755208333333334 0.41388888888888886 0.0140625 0.020370370370370372