2 0.5315104166666667 0.425 0.018229166666666668 0.06481481481481481
2 0.525 0.4236111111111111 0.01875 0.0787037037037037
2 0.6877604166666667 0.4949074074074074 0.0546875 0.2916666666666667
2 0.3125 0.44212962962962965 0.026041666666666668 0.09166666666666666
2 0.6669270833333333 0.4305555555555556 0.0203125 0.10555555555555556
2 0.42213541666666665 0.44305555555555554 0.0328125 0.10277777777777777
2 0.48932291666666666 0.4398148148148148 0.030729166666666665 0.11851851851851852
2 0.5841145833333333 0.4412037037037037 0.025520833333333333 0.1361111111111111
2 0.18515625 0.4625 0.0296875 0.10648148148148148
2 0.37916666666666665 0.4638888888888889 0.028125 0.15
2 0.77109375 0.4736111111111111 0.07239583333333334 0.1824074074074074
0 0.5419270833333333 0.4449074074074074 0.008854166666666666 0.01574074074074074