2 0.190625 0.6069444444444444 0.0125 0.06574074074074074
2 0.20208333333333334 0.6194444444444445 0.013541666666666667 0.06481481481481481
2 0.24583333333333332 0.5916666666666667 0.014583333333333334 0.06296296296296296
2 0.21901041666666668 0.5990740740740741 0.013020833333333334 0.05740740740740741
2 0.23463541666666668 0.624537037037037 0.016145833333333335 0.06759259259259259
2 0.171875 0.5930555555555556 0.01875 0.06018518518518518
2 0.3028645833333333 0.6032407407407407 0.018229166666666668 0.06574074074074074
2 0.13385416666666666 0.6180555555555556 0.022916666666666665 0.07314814814814814
2 0.2791666666666667 0.6027777777777777 0.020833333333333332 0.06111111111111111
2 0.04765625 0.6111111111111112 0.0234375 0.07037037037037037
0 0.16354166666666667 0.5740740740740741 0.009375 0.014814814814814815