2 0.81875 0.6402777777777777 0.017708333333333333 0.06944444444444445
2 0.82734375 0.6925925925925925 0.028645833333333332 0.1111111111111111
2 0.69453125 0.6412037037037037 0.0203125 0.07685185185185185
2 0.6182291666666667 0.6648148148148149 0.020833333333333332 0.08888888888888889
2 0.7986979166666667 0.7314814814814815 0.028645833333333332 0.13518518518518519
2 0.5463541666666667 0.6328703703703704 0.020833333333333332 0.08611111111111111
2 0.815625 0.7768518518518519 0.053125 0.1574074074074074
2 0.7575520833333333 0.6625 0.0265625 0.10462962962962963
2 0.4953125 0.6319444444444444 0.029166666666666667 0.08796296296296297
2 0.70546875 0.687037037037037 0.028645833333333332 0.1
2 0.42265625 0.7069444444444445 0.04114583333333333 0.11944444444444445
2 0.6122395833333333 0.7555555555555555 0.044270833333333336 0.1388888888888889
2 0.5453125 0.8930555555555556 0.05416666666666667 0.20092592592592592
0 0.8330729166666667 0.5680555555555555 0.011979166666666667 0.023148148148148147