2 0.24427083333333333 0.6375 0.017708333333333333 0.058333333333333334
2 0.5317708333333333 0.674537037037037 0.020833333333333332 0.08611111111111111
2 0.5 0.6819444444444445 0.029166666666666667 0.09907407407407408
2 0.203125 0.6453703703703704 0.025 0.07407407407407407
2 0.8130208333333333 0.7166666666666667 0.03333333333333333 0.14444444444444443
2 0.44192708333333336 0.675 0.0453125 0.1037037037037037
2 0.703125 0.6805555555555556 0.03229166666666667 0.10740740740740741
2 0.14348958333333334 0.6537037037037037 0.024479166666666666 0.07407407407407407
2 0.37057291666666664 0.774537037037037 0.059895833333333336 0.20462962962962963
2 0.3098958333333333 0.749537037037037 0.04895833333333333 0.1824074074074074
2 0.5611979166666666 0.7212962962962963 0.03697916666666667 0.14074074074074075
0 0.14322916666666666 0.6370370370370371 0.011458333333333333 0.018518518518518517