2 0.6166666666666667 0.65 0.020833333333333332 0.06851851851851852
2 0.6033854166666667 0.6157407407407407 0.0203125 0.07592592592592592
2 0.78046875 0.6513888888888889 0.0234375 0.08981481481481482
2 0.8130208333333333 0.7393518518518518 0.026041666666666668 0.11944444444444445
2 0.7515625 0.6550925925925926 0.028125 0.06944444444444445
2 0.6760416666666667 0.6842592592592592 0.026041666666666668 0.0962962962962963
2 0.5963541666666666 0.725 0.027083333333333334 0.12037037037037036
2 0.8533854166666667 0.7282407407407407 0.04114583333333333 0.12314814814814815
2 0.265625 0.6208333333333333 0.023958333333333335 0.08055555555555556
2 0.7591145833333334 0.737037037037037 0.027604166666666666 0.12037037037037036
2 0.9807291666666667 0.7240740740740741 0.036458333333333336 0.1388888888888889
2 0.43255208333333334 0.6462962962962963 0.025520833333333333 0.09074074074074075
2 0.6265625 0.9421296296296297 0.05625 0.11388888888888889
0 0.69296875 0.6625 0.013020833333333334 0.019444444444444445