2 0.87421875 0.6638888888888889 0.0296875 0.09814814814814815
2 0.7703125 0.6143518518518518 0.015625 0.0712962962962963
2 0.8671875 0.6574074074074074 0.028125 0.09074074074074075
2 0.7544270833333333 0.6263888888888889 0.018229166666666668 0.0787037037037037
2 0.65 0.6037037037037037 0.020833333333333332 0.07037037037037037
2 0.7869791666666667 0.6087962962962963 0.01875 0.07314814814814814
2 0.7377604166666667 0.6578703703703703 0.022395833333333334 0.08981481481481482
2 0.5536458333333333 0.5930555555555556 0.022916666666666665 0.06574074074074074
2 0.9763020833333333 0.6273148148148148 0.025520833333333333 0.0824074074074074
2 0.94296875 0.7194444444444444 0.04739583333333333 0.12037037037037036
2 0.62109375 0.6365740740740741 0.0265625 0.0787037037037037
0 0.63203125 0.625462962962963 0.0109375 0.019444444444444445