2 0.34375 0.6935185185185185 0.035416666666666666 0.10740740740740741
2 0.41796875 0.6810185185185185 0.024479166666666666 0.10277777777777777
2 0.7713541666666667 0.6763888888888889 0.03229166666666667 0.10277777777777777
2 0.6846354166666667 0.6458333333333334 0.0265625 0.07314814814814814
2 0.17760416666666667 0.7305555555555555 0.042708333333333334 0.15555555555555556
2 0.5877604166666667 0.674074074074074 0.0265625 0.1
2 0.4427083333333333 0.7287037037037037 0.036458333333333336 0.12407407407407407
2 0.28880208333333335 0.7921296296296296 0.08489583333333334 0.2064814814814815
2 0.07291666666666667 0.7870370370370371 0.08229166666666667 0.22777777777777777
2 0.2328125 0.6847222222222222 0.041666666666666664 0.11388888888888889
0 0.7713541666666667 0.6601851851851852 0.013541666666666667 0.020370370370370372