2 0.5458333333333333 0.6106481481481482 0.013541666666666667 0.062037037037037036
2 0.24114583333333334 0.6310185185185185 0.025 0.06944444444444445
2 0.4986979166666667 0.6657407407407407 0.025520833333333333 0.09074074074074075
2 0.3377604166666667 0.6430555555555556 0.018229166666666668 0.08425925925925926
2 0.559375 0.6421296296296296 0.019791666666666666 0.08055555555555556
2 0.22786458333333334 0.6731481481481482 0.0234375 0.10555555555555556
2 0.47239583333333335 0.6699074074074074 0.025 0.10462962962962963
2 0.47109375 0.8013888888888889 0.0484375 0.14351851851851852
2 0.29244791666666664 0.6782407407407407 0.0265625 0.1175925925925926
2 0.36015625 0.7527777777777778 0.0421875 0.14629629629629629
2 0.0515625 0.7731481481481481 0.06145833333333333 0.16296296296296298
2 0.43671875 0.9074074074074074 0.058854166666666666 0.18518518518518517
0 0.5458333333333333 0.6319444444444444 0.010416666666666666 0.017592592592592594