2 0.7221354166666667 0.6356481481481482 0.019270833333333334 0.0787037037037037
2 0.6354166666666666 0.6143518518518518 0.015625 0.06759259259259259
2 0.46145833333333336 0.6620370370370371 0.01875 0.08888888888888889
2 0.42916666666666664 0.6083333333333333 0.016666666666666666 0.06296296296296296
2 0.44609375 0.6527777777777778 0.018229166666666668 0.08148148148148149
2 0.7057291666666666 0.6763888888888889 0.03125 0.11388888888888889
2 0.7377604166666667 0.662962962962963 0.028645833333333332 0.1037037037037037
2 0.3971354166666667 0.6439814814814815 0.027604166666666666 0.08055555555555556
2 0.6447916666666667 0.6652777777777777 0.03125 0.09537037037037037
2 0.4609375 0.8013888888888889 0.04895833333333333 0.14907407407407408
2 0.5971354166666667 0.7402777777777778 0.044270833333333336 0.1287037037037037
2 0.9033854166666667 0.7819444444444444 0.05364583333333333 0.16018518518518518
2 0.5200520833333333 0.9041666666666667 0.06197916666666667 0.19166666666666668
0 0.4088541666666667 0.6435185185185185 0.011458333333333333 0.018518518518518517