2 0.25390625 0.6166666666666667 0.0265625 0.07592592592592592
2 0.5497395833333333 0.6393518518518518 0.034895833333333334 0.08055555555555556
2 0.9166666666666666 0.7203703703703703 0.04791666666666667 0.12777777777777777
2 0.19869791666666667 0.6995370370370371 0.03697916666666667 0.11388888888888889
2 0.6739583333333333 0.6509259259259259 0.025 0.09074074074074075
2 0.70546875 0.6194444444444445 0.018229166666666668 0.07777777777777778
2 0.2796875 0.6324074074074074 0.028125 0.07777777777777778
2 0.575 0.6976851851851852 0.03333333333333333 0.13240740740740742
2 0.4236979166666667 0.6527777777777778 0.0296875 0.09074074074074075
2 0.6052083333333333 0.6912037037037037 0.03229166666666667 0.12129629629629629
2 0.3671875 0.7069444444444445 0.040625 0.12314814814814815
2 0.7294270833333333 0.7513888888888889 0.06927083333333334 0.14722222222222223
0 0.2872395833333333 0.6537037037037037 0.0109375 0.018518518518518517