2 0.3065104166666667 0.6805555555555556 0.0171875 0.09444444444444444
2 0.30911458333333336 0.6847222222222222 0.0171875 0.09722222222222222
2 0.32395833333333335 0.6763888888888889 0.020833333333333332 0.0787037037037037
2 0.5252604166666667 0.6574074074074074 0.0203125 0.07962962962962963
2 0.3494791666666667 0.6657407407407407 0.020833333333333332 0.07592592592592592
2 0.4161458333333333 0.6875 0.023958333333333335 0.10092592592592593
2 0.3768229166666667 0.7046296296296296 0.0296875 0.11851851851851852
2 0.28567708333333336 0.6828703703703703 0.03802083333333333 0.10092592592592593
2 0.23671875 0.711574074074074 0.034895833333333334 0.1287037037037037
2 0.18619791666666666 0.7231481481481481 0.034895833333333334 0.1537037037037037
2 0.496875 0.6773148148148148 0.027083333333333334 0.09351851851851851
2 0.44244791666666666 0.7509259259259259 0.049479166666666664 0.17037037037037037
0 0.34453125 0.6657407407407407 0.008854166666666666 0.018518518518518517