2 0.5736979166666667 0.6097222222222223 0.0171875 0.05462962962962963
2 0.70703125 0.5939814814814814 0.013020833333333334 0.05277777777777778
2 0.8119791666666667 0.6185185185185185 0.016666666666666666 0.07222222222222222
2 0.83046875 0.6037037037037037 0.021354166666666667 0.06481481481481481
2 0.6096354166666667 0.5930555555555556 0.0171875 0.06018518518518518
2 0.6653645833333334 0.600462962962963 0.018229166666666668 0.06018518518518518
2 0.5622395833333333 0.6430555555555556 0.0203125 0.09351851851851851
2 0.71796875 0.6203703703703703 0.024479166666666666 0.07777777777777778
2 0.796875 0.6365740740740741 0.020833333333333332 0.0824074074074074
2 0.09453125 0.9287037037037037 0.10052083333333334 0.1425925925925926
2 0.63046875 0.6157407407407407 0.0234375 0.06111111111111111
2 0.740625 0.6064814814814815 0.017708333333333333 0.06481481481481481
2 0.7328125 0.712037037037037 0.04375 0.12037037037037036
0 0.8260416666666667 0.5976851851851852 0.009375 0.013888888888888888