2 0.7697916666666667 0.5166666666666667 0.011458333333333333 0.05
2 0.3380208333333333 0.5319444444444444 0.023958333333333335 0.08055555555555556
2 0.78515625 0.5388888888888889 0.022395833333333334 0.07777777777777778
2 0.8127604166666667 0.5328703703703703 0.0203125 0.07685185185185185
2 0.6755208333333333 0.5337962962962963 0.01875 0.0712962962962963
2 0.7338541666666667 0.5356481481481481 0.019791666666666666 0.07685185185185185
2 0.8544270833333333 0.5361111111111111 0.022395833333333334 0.06296296296296296
2 0.6140625 0.5597222222222222 0.03229166666666667 0.11944444444444445
2 0.44947916666666665 0.5574074074074075 0.036458333333333336 0.12037037037037036
2 0.6416666666666667 0.5615740740740741 0.027083333333333334 0.125
0 0.86484375 0.5393518518518519 0.008854166666666666 0.013888888888888888