2 0.86328125 0.4537037037037037 0.019270833333333334 0.05555555555555555
2 0.7088541666666667 0.4375 0.016666666666666666 0.0787037037037037
2 0.7265625 0.4356481481481482 0.016666666666666666 0.0787037037037037
2 0.5346354166666667 0.42314814814814816 0.0171875 0.08148148148148149
2 0.8197916666666667 0.449537037037037 0.020833333333333332 0.08425925925925926
2 0.79453125 0.45092592592592595 0.024479166666666666 0.07777777777777778
2 0.6213541666666667 0.4337962962962963 0.028125 0.075
2 0.5041666666666667 0.43703703703703706 0.034375 0.1
2 0.45703125 0.43287037037037035 0.024479166666666666 0.10648148148148148
2 0.58984375 0.45231481481481484 0.0328125 0.1398148148148148
2 0.41484375 0.4486111111111111 0.04114583333333333 0.1361111111111111
0 0.8255208333333334 0.4125 0.0125 0.01574074074074074