2 0.20703125 0.6342592592592593 0.018229166666666668 0.07962962962962963
2 0.18854166666666666 0.6097222222222223 0.023958333333333335 0.06759259259259259
2 0.5174479166666667 0.6671296296296296 0.025520833333333333 0.10092592592592593
2 0.5552083333333333 0.6268518518518519 0.028125 0.07407407407407407
2 0.6104166666666667 0.6092592592592593 0.025 0.07222222222222222
2 0.5395833333333333 0.7041666666666667 0.035416666666666666 0.11944444444444445
2 0.16484375 0.6407407407407407 0.027604166666666666 0.08703703703703704
2 0.40625 0.6319444444444444 0.03125 0.09166666666666666
2 0.22942708333333334 0.6638888888888889 0.030729166666666665 0.09444444444444444
2 0.125 0.6481481481481481 0.034375 0.08518518518518518
2 0.32265625 0.6800925925925926 0.030729166666666665 0.11574074074074074
0 0.5111979166666667 0.662962962962963 0.013020833333333334 0.022222222222222223