2 0.6036458333333333 0.612037037037037 0.01875 0.06851851851851852
2 0.8119791666666667 0.7375 0.025 0.12685185185185185
2 0.7854166666666667 0.649074074074074 0.027083333333333334 0.0962962962962963
2 0.75078125 0.6555555555555556 0.027604166666666666 0.07037037037037037
2 0.853125 0.7310185185185185 0.040625 0.12685185185185185
2 0.61640625 0.6518518518518519 0.0234375 0.07407407407407407
2 0.6763020833333333 0.6796296296296296 0.030729166666666665 0.09259259259259259
2 0.44505208333333335 0.649537037037037 0.024479166666666666 0.09166666666666666
2 0.9283854166666666 0.7138888888888889 0.033854166666666664 0.13148148148148148
2 0.26276041666666666 0.6212962962962963 0.025520833333333333 0.08148148148148149
2 0.75859375 0.7375 0.028645833333333332 0.12314814814814815
2 0.5815104166666667 0.7078703703703704 0.025520833333333333 0.11388888888888889
2 0.6263020833333334 0.9351851851851852 0.05677083333333333 0.12777777777777777
0 0.6901041666666666 0.6763888888888889 0.013541666666666667 0.023148148148148147