2 0.63203125 0.6587962962962963 0.0234375 0.08425925925925926
2 0.6122395833333333 0.6310185185185185 0.0171875 0.08055555555555556
2 0.6393229166666666 0.7296296296296296 0.024479166666666666 0.14074074074074075
2 0.6729166666666667 0.6453703703703704 0.016666666666666666 0.07962962962962963
2 0.6294270833333333 0.6509259259259259 0.0203125 0.08518518518518518
2 0.6572916666666667 0.737037037037037 0.020833333333333332 0.13703703703703704
2 0.5278645833333333 0.6212962962962963 0.016145833333333335 0.07407407407407407
2 0.68359375 0.6777777777777778 0.019270833333333334 0.10185185185185185
2 0.7838541666666666 0.6513888888888889 0.01875 0.09537037037037037
2 0.8177083333333334 0.6606481481481481 0.029166666666666667 0.09907407407407408
2 0.8494791666666667 0.7032407407407407 0.030208333333333334 0.13425925925925927
2 0.7440104166666667 0.7050925925925926 0.028645833333333332 0.11944444444444445
2 0.6130208333333333 0.9064814814814814 0.04583333333333333 0.18703703703703703
0 0.8065104166666667 0.6375 0.0109375 0.017592592592592594