2 0.7122395833333334 0.674537037037037 0.0203125 0.11018518518518519
2 0.5200520833333333 0.6162037037037037 0.018229166666666668 0.06759259259259259
2 0.6502604166666667 0.6439814814814815 0.022395833333333334 0.07685185185185185
2 0.575 0.6319444444444444 0.020833333333333332 0.08055555555555556
2 0.77890625 0.663425925925926 0.021354166666666667 0.11018518518518519
2 0.5182291666666666 0.6773148148148148 0.021875 0.09907407407407408
2 0.54296875 0.6782407407407407 0.0234375 0.10092592592592593
2 0.9533854166666667 0.6861111111111111 0.030729166666666665 0.11666666666666667
2 0.66484375 0.6921296296296297 0.04114583333333333 0.11203703703703703
2 0.72421875 0.7263888888888889 0.044270833333333336 0.11944444444444445
2 0.6776041666666667 0.9083333333333333 0.071875 0.18333333333333332
0 0.5677083333333334 0.6351851851851852 0.0125 0.018518518518518517