2 0.18984375 0.7083333333333334 0.024479166666666666 0.1259259259259259
2 0.40651041666666665 0.6180555555555556 0.0234375 0.06388888888888888
2 0.22604166666666667 0.6916666666666667 0.028125 0.10925925925925926
2 0.484375 0.6648148148148149 0.026041666666666668 0.08148148148148149
2 0.3450520833333333 0.6333333333333333 0.0296875 0.08333333333333333
2 0.13697916666666668 0.6199074074074075 0.03333333333333333 0.07685185185185185
2 0.1390625 0.7050925925925926 0.053125 0.1175925925925926
2 0.428125 0.6768518518518518 0.03229166666666667 0.09259259259259259
2 0.4010416666666667 0.7856481481481481 0.06354166666666666 0.1527777777777778
2 0.20833333333333334 0.763425925925926 0.05416666666666667 0.1527777777777778
2 0.5125 0.8199074074074074 0.04791666666666667 0.175
0 0.49375 0.6638888888888889 0.010416666666666666 0.018518518518518517