2 0.5393229166666667 0.5282407407407408 0.0171875 0.08796296296296297
2 0.5502604166666667 0.5444444444444444 0.03697916666666667 0.09444444444444444
2 0.19661458333333334 0.5416666666666666 0.025520833333333333 0.1685185185185185
2 0.4705729166666667 0.5194444444444445 0.021354166666666667 0.1037037037037037
2 0.39895833333333336 0.5745370370370371 0.03333333333333333 0.2324074074074074
2 0.52109375 0.5578703703703703 0.024479166666666666 0.12314814814814815
2 0.14947916666666666 0.525 0.040625 0.15185185185185185
2 0.29270833333333335 0.5115740740740741 0.023958333333333335 0.10648148148148148
2 0.7674479166666667 0.5814814814814815 0.03802083333333333 0.14814814814814814
2 0.23046875 0.5282407407407408 0.03802083333333333 0.16203703703703703
2 0.43828125 0.5680555555555555 0.034895833333333334 0.20462962962962963
0 0.17395833333333333 0.47453703703703703 0.01875 0.026851851851851852