2 0.7981770833333334 0.6129629629629629 0.0203125 0.07962962962962963
2 0.5997395833333333 0.6907407407407408 0.04010416666666667 0.10185185185185185
2 0.94609375 0.6625 0.0421875 0.09166666666666666
2 0.43359375 0.6106481481481482 0.021354166666666667 0.06944444444444445
2 0.8322916666666667 0.6574074074074074 0.028125 0.09814814814814815
2 0.45338541666666665 0.6231481481481481 0.0203125 0.07777777777777778
2 0.22708333333333333 0.6388888888888888 0.026041666666666668 0.0962962962962963
2 0.571875 0.6444444444444445 0.030208333333333334 0.08703703703703704
2 0.7682291666666666 0.6694444444444444 0.036458333333333336 0.09074074074074075
2 0.4908854166666667 0.6671296296296296 0.0328125 0.09907407407407408
2 0.6549479166666666 0.774537037037037 0.0359375 0.14351851851851852
2 0.5861979166666667 0.8467592592592592 0.07239583333333334 0.16018518518518518
0 0.8565104166666667 0.6273148148148148 0.013020833333333334 0.019444444444444445