2 0.75703125 0.5824074074074074 0.0109375 0.05185185185185185
2 0.8546875 0.6111111111111112 0.01875 0.06296296296296296
2 0.8096354166666667 0.6064814814814815 0.0140625 0.06666666666666667
2 0.828125 0.5976851851851852 0.015625 0.058333333333333334
2 0.7953125 0.6300925925925925 0.017708333333333333 0.08425925925925926
2 0.7817708333333333 0.5990740740740741 0.017708333333333333 0.06481481481481481
2 0.7135416666666666 0.6041666666666666 0.019791666666666666 0.06759259259259259
2 0.8682291666666667 0.6194444444444445 0.01875 0.07037037037037037
2 0.7481770833333333 0.6189814814814815 0.016145833333333335 0.0712962962962963
2 0.6658854166666667 0.6074074074074074 0.018229166666666668 0.06481481481481481
2 0.9434895833333333 0.6060185185185185 0.0203125 0.06388888888888888
0 0.8333333333333334 0.5912037037037037 0.008333333333333333 0.013888888888888888