2 0.5666666666666667 0.6726851851851852 0.01875 0.0787037037037037
2 0.5114583333333333 0.6574074074074074 0.022916666666666665 0.07407407407407407
2 0.27786458333333336 0.6388888888888888 0.018229166666666668 0.05740740740740741
2 0.8197916666666667 0.725 0.041666666666666664 0.1425925925925926
2 0.5494791666666666 0.725462962962963 0.027083333333333334 0.1398148148148148
2 0.29609375 0.6564814814814814 0.021354166666666667 0.07777777777777778
2 0.17578125 0.6615740740740741 0.0296875 0.08425925925925926
2 0.7716145833333333 0.6814814814814815 0.0359375 0.11296296296296296
2 0.5963541666666666 0.6888888888888889 0.0375 0.11296296296296296
2 0.47682291666666665 0.7805555555555556 0.0546875 0.22962962962962963
2 0.6364583333333333 0.8125 0.08854166666666667 0.24166666666666667
0 0.19036458333333334 0.6509259259259259 0.011979166666666667 0.020370370370370372