2 0.47552083333333334 0.6106481481481482 0.026041666666666668 0.06574074074074074
2 0.403125 0.6310185185185185 0.019791666666666666 0.08981481481481482
2 0.5109375 0.6685185185185185 0.03125 0.09814814814814815
2 0.12109375 0.8041666666666667 0.09322916666666667 0.1527777777777778
2 0.18463541666666666 0.6143518518518518 0.0296875 0.075
2 0.6359375 0.7657407407407407 0.034375 0.1574074074074074
2 0.5875 0.6912037037037037 0.03958333333333333 0.09722222222222222
2 0.23385416666666667 0.7152777777777778 0.040625 0.12685185185185185
2 0.5471354166666667 0.7476851851851852 0.04114583333333333 0.14907407407407408
2 0.16588541666666667 0.7324074074074074 0.043229166666666666 0.12962962962962962
2 0.37734375 0.788425925925926 0.07760416666666667 0.17314814814814813
0 0.5700520833333333 0.7101851851851851 0.0109375 0.018518518518518517