2 0.18072916666666666 0.6282407407407408 0.017708333333333333 0.06574074074074074
2 0.14947916666666666 0.638425925925926 0.017708333333333333 0.07314814814814814
2 0.14375 0.6370370370370371 0.019791666666666666 0.07037037037037037
2 0.20416666666666666 0.6412037037037037 0.01875 0.0712962962962963
2 0.11640625 0.6486111111111111 0.024479166666666666 0.0787037037037037
2 0.27786458333333336 0.649074074074074 0.022395833333333334 0.07407407407407407
2 0.3854166666666667 0.6731481481481482 0.026041666666666668 0.09074074074074075
2 0.2565104166666667 0.6699074074074074 0.0296875 0.09537037037037037
2 0.0734375 0.6671296296296296 0.029166666666666667 0.09537037037037037
2 0.17395833333333333 0.6986111111111111 0.03854166666666667 0.10833333333333334
0 0.184375 0.600462962962963 0.010416666666666666 0.017592592592592594