2 0.8489583333333334 0.6513888888888889 0.023958333333333335 0.06574074074074074
2 0.8526041666666667 0.6541666666666667 0.023958333333333335 0.06574074074074074
2 0.79140625 0.6180555555555556 0.0171875 0.06759259259259259
2 0.82734375 0.6027777777777777 0.021354166666666667 0.06296296296296296
2 0.7486979166666666 0.600925925925926 0.019270833333333334 0.06851851851851852
2 0.8197916666666667 0.6958333333333333 0.027083333333333334 0.08425925925925926
2 0.67265625 0.6342592592592593 0.022395833333333334 0.07962962962962963
2 0.6411458333333333 0.5939814814814814 0.01875 0.06759259259259259
2 0.70703125 0.6208333333333333 0.0203125 0.07314814814814814
2 0.78359375 0.6888888888888889 0.034895833333333334 0.08333333333333333
2 0.8442708333333333 0.7138888888888889 0.03125 0.08333333333333333
0 0.8315104166666667 0.7388888888888889 0.011979166666666667 0.020370370370370372