2 0.5526041666666667 0.6157407407407407 0.019791666666666666 0.06296296296296296
2 0.6151041666666667 0.6388888888888888 0.019791666666666666 0.08703703703703704
2 0.40078125 0.6453703703703704 0.021354166666666667 0.06851851851851852
2 0.596875 0.6615740740740741 0.028125 0.09166666666666666
2 0.34375 0.6282407407407408 0.016666666666666666 0.07314814814814814
2 0.30885416666666665 0.6282407407407408 0.021875 0.0824074074074074
2 0.39010416666666664 0.6939814814814815 0.03229166666666667 0.10462962962962963
2 0.378125 0.600925925925926 0.019791666666666666 0.06111111111111111
2 0.5705729166666667 0.6699074074074074 0.024479166666666666 0.09351851851851851
2 0.7231770833333333 0.7856481481481481 0.049479166666666664 0.17685185185185184
2 0.5036458333333333 0.9037037037037037 0.05625 0.1925925925925926
2 0.2903645833333333 0.7476851851851852 0.03177083333333333 0.13425925925925927
0 0.3453125 0.6148148148148148 0.009375 0.016666666666666666