2 0.35963541666666665 0.5342592592592592 0.019270833333333334 0.09444444444444444
2 0.9190104166666667 0.5259259259259259 0.0515625 0.1574074074074074
2 0.4080729166666667 0.5171296296296296 0.021354166666666667 0.08425925925925926
2 0.32864583333333336 0.5300925925925926 0.021875 0.09722222222222222
2 0.45416666666666666 0.5194444444444445 0.026041666666666668 0.08333333333333333
2 0.38046875 0.5486111111111112 0.0265625 0.1175925925925926
2 0.5450520833333333 0.5087962962962963 0.018229166666666668 0.0787037037037037
2 0.846875 0.5430555555555555 0.046875 0.19907407407407407
2 0.6763020833333333 0.5101851851851852 0.033854166666666664 0.10925925925925926
2 0.2799479166666667 0.575462962962963 0.04114583333333333 0.17314814814814813
0 0.80078125 0.46944444444444444 0.022395833333333334 0.03518518518518519