2 0.8236979166666667 0.5990740740740741 0.015104166666666667 0.06296296296296296
2 0.7994791666666666 0.6078703703703704 0.016666666666666666 0.07314814814814814
2 0.8072916666666666 0.6199074074074075 0.016666666666666666 0.08055555555555556
2 0.76484375 0.5976851851851852 0.015104166666666667 0.06944444444444445
2 0.82578125 0.6518518518518519 0.0234375 0.07037037037037037
2 0.8455729166666667 0.6310185185185185 0.022395833333333334 0.07685185185185185
2 0.6411458333333333 0.5953703703703703 0.017708333333333333 0.06666666666666667
2 0.6778645833333333 0.6222222222222222 0.018229166666666668 0.07962962962962963
2 0.71328125 0.6157407407407407 0.022395833333333334 0.07222222222222222
2 0.7932291666666667 0.6643518518518519 0.03958333333333333 0.0787037037037037
0 0.8122395833333333 0.7037037037037037 0.013020833333333334 0.022222222222222223