2 0.821875 0.5398148148148149 0.020833333333333332 0.07407407407407407
2 0.8630208333333333 0.5333333333333333 0.017708333333333333 0.06481481481481481
2 0.678125 0.5310185185185186 0.0125 0.058333333333333334
2 0.6971354166666667 0.5523148148148148 0.021354166666666667 0.11388888888888889
2 0.7200520833333334 0.5273148148148148 0.0140625 0.06759259259259259
2 0.66015625 0.5527777777777778 0.0296875 0.10925925925925926
2 0.83515625 0.5435185185185185 0.0234375 0.08148148148148149
2 0.7526041666666666 0.5328703703703703 0.01875 0.07314814814814814
2 0.49973958333333335 0.5564814814814815 0.04114583333333333 0.11851851851851852
2 0.4010416666666667 0.5365740740740741 0.03229166666666667 0.075
2 0.048177083333333336 0.6092592592592593 0.06510416666666667 0.17037037037037037
0 0.8283854166666667 0.5342592592592592 0.011979166666666667 0.020370370370370372