2 0.32786458333333335 0.6458333333333334 0.015104166666666667 0.07314814814814814
2 0.3296875 0.6518518518518519 0.016666666666666666 0.07407407407407407
2 0.340625 0.6708333333333333 0.015625 0.0824074074074074
2 0.2140625 0.7 0.030208333333333334 0.11296296296296296
2 0.42083333333333334 0.6226851851851852 0.01875 0.07314814814814814
2 0.18098958333333334 0.6939814814814815 0.030729166666666665 0.125
2 0.54453125 0.649537037037037 0.0203125 0.08981481481481482
2 0.7205729166666667 0.6203703703703703 0.024479166666666666 0.08333333333333333
2 0.3328125 0.7310185185185185 0.042708333333333334 0.12129629629629629
2 0.01953125 0.7240740740740741 0.03697916666666667 0.14074074074074075
2 0.2526041666666667 0.712037037037037 0.042708333333333334 0.11666666666666667
2 0.3736979166666667 0.9439814814814815 0.058854166666666666 0.11203703703703703
0 0.14869791666666668 0.5578703703703703 0.0140625 0.025