2 0.24921875 0.5981481481481481 0.013020833333333334 0.05555555555555555
2 0.21484375 0.6148148148148148 0.0203125 0.06111111111111111
2 0.18697916666666667 0.6129629629629629 0.017708333333333333 0.06481481481481481
2 0.3848958333333333 0.6046296296296296 0.016666666666666666 0.06296296296296296
2 0.3497395833333333 0.6125 0.018229166666666668 0.06574074074074074
2 0.29713541666666665 0.5949074074074074 0.019270833333333334 0.05648148148148148
2 0.40677083333333336 0.6370370370370371 0.017708333333333333 0.08333333333333333
2 0.27369791666666665 0.5944444444444444 0.019270833333333334 0.05555555555555555
2 0.16979166666666667 0.638425925925926 0.027083333333333334 0.07314814814814814
2 0.21927083333333333 0.6847222222222222 0.027083333333333334 0.11388888888888889
2 0.8645833333333334 0.9259259259259259 0.08645833333333333 0.14814814814814814
0 0.19713541666666667 0.5703703703703704 0.008854166666666666 0.014814814814814815