2 0.6705729166666666 0.6569444444444444 0.021354166666666667 0.0824074074074074
2 0.715625 0.7310185185185185 0.026041666666666668 0.125
2 0.6502604166666667 0.6722222222222223 0.028645833333333332 0.08888888888888889
2 0.5078125 0.6189814814814815 0.022916666666666665 0.075
2 0.7744791666666667 0.6583333333333333 0.028125 0.08703703703703704
2 0.28098958333333335 0.6203703703703703 0.0234375 0.08333333333333333
2 0.7348958333333333 0.6583333333333333 0.03125 0.07592592592592592
2 0.6854166666666667 0.7282407407407407 0.036458333333333336 0.12685185185185185
2 0.9080729166666667 0.6689814814814815 0.028645833333333332 0.10648148148148148
2 0.4513020833333333 0.6504629629629629 0.025520833333333333 0.08611111111111111
2 0.74140625 0.7722222222222223 0.04114583333333333 0.1648148148148148
2 0.6276041666666666 0.9430555555555555 0.058333333333333334 0.11203703703703703
0 0.9072916666666667 0.6537037037037037 0.015625 0.020370370370370372