2 0.39739583333333334 0.4888888888888889 0.011458333333333333 0.044444444444444446
2 0.28411458333333334 0.5143518518518518 0.011979166666666667 0.05462962962962963
2 0.30442708333333335 0.5407407407407407 0.018229166666666668 0.1
2 0.4036458333333333 0.4888888888888889 0.010416666666666666 0.04814814814814815
2 0.32109375 0.5027777777777778 0.015104166666666667 0.04259259259259259
2 0.26875 0.5166666666666667 0.017708333333333333 0.05185185185185185
2 0.3734375 0.49722222222222223 0.014583333333333334 0.053703703703703705
2 0.5098958333333333 0.49907407407407406 0.019791666666666666 0.07407407407407407
2 0.4609375 0.5287037037037037 0.027083333333333334 0.10740740740740741
2 0.2984375 0.5652777777777778 0.025 0.11388888888888889
0 0.2669270833333333 0.5115740740740741 0.008854166666666666 0.01574074074074074