2 0.9942708333333333 0.7055555555555556 0.011458333333333333 0.11666666666666667
2 0.7760416666666666 0.6356481481481482 0.019791666666666666 0.07685185185185185
2 0.7479166666666667 0.6180555555555556 0.020833333333333332 0.06944444444444445
2 0.5596354166666667 0.5944444444444444 0.0171875 0.06851851851851852
2 0.7236979166666667 0.6421296296296296 0.019270833333333334 0.08796296296296297
2 0.9361979166666666 0.6375 0.030729166666666665 0.0824074074074074
2 0.6372395833333333 0.6157407407407407 0.027604166666666666 0.07592592592592592
2 0.9778645833333334 0.6287037037037037 0.0265625 0.08703703703703704
2 0.6822916666666666 0.6222222222222222 0.026041666666666668 0.06296296296296296
2 0.8984375 0.6449074074074074 0.027083333333333334 0.09907407407407408
2 0.8729166666666667 0.6833333333333333 0.041666666666666664 0.11481481481481481
0 0.6427083333333333 0.612037037037037 0.011458333333333333 0.020370370370370372