2 0.28958333333333336 0.6773148148148148 0.021875 0.09907407407407408
2 0.546875 0.649537037037037 0.014583333333333334 0.06759259259259259
2 0.30755208333333334 0.6847222222222222 0.0421875 0.08425925925925926
2 0.19140625 0.7180555555555556 0.0296875 0.14537037037037037
2 0.019270833333333334 0.7050925925925926 0.03333333333333333 0.1361111111111111
2 0.17109375 0.7435185185185185 0.0640625 0.15555555555555556
2 0.38046875 0.7050925925925926 0.0421875 0.11574074074074074
2 0.25859375 0.6995370370370371 0.033854166666666664 0.11388888888888889
2 0.4244791666666667 0.7611111111111111 0.034375 0.14814814814814814
2 0.04973958333333333 0.8027777777777778 0.08489583333333334 0.2222222222222222
2 0.5489583333333333 0.7430555555555556 0.058333333333333334 0.1527777777777778
0 0.35208333333333336 0.711574074074074 0.028125 0.03796296296296296