2 0.8153645833333333 0.44583333333333336 0.0140625 0.06388888888888888
2 0.8526041666666667 0.4412037037037037 0.016666666666666666 0.05648148148148148
2 0.8026041666666667 0.449537037037037 0.015625 0.075
2 0.58671875 0.43703703703703706 0.019270833333333334 0.09259259259259259
2 0.5364583333333334 0.4212962962962963 0.015625 0.08148148148148149
2 0.5153645833333333 0.42916666666666664 0.0203125 0.08981481481481482
2 0.86796875 0.45555555555555555 0.0171875 0.07407407407407407
2 0.77734375 0.45 0.0234375 0.09814814814814815
2 0.7442708333333333 0.4337962962962963 0.017708333333333333 0.075
2 0.6916666666666667 0.4513888888888889 0.029166666666666667 0.12685185185185185
0 0.8177083333333334 0.4634259259259259 0.014583333333333334 0.026851851851851852