2 0.7927083333333333 0.625462962962963 0.01875 0.0787037037037037
2 0.7393229166666667 0.6189814814814815 0.016145833333333335 0.07314814814814814
2 0.33880208333333334 0.6976851851851852 0.021354166666666667 0.11944444444444445
2 0.3111979166666667 0.6782407407407407 0.0296875 0.10462962962962963
2 0.29635416666666664 0.6444444444444445 0.026041666666666668 0.08518518518518518
2 0.44609375 0.6106481481481482 0.0171875 0.062037037037037036
2 0.6890625 0.6064814814814815 0.023958333333333335 0.05925925925925926
2 0.45546875 0.6601851851851852 0.024479166666666666 0.09259259259259259
2 0.42213541666666665 0.7245370370370371 0.0265625 0.1361111111111111
2 0.5635416666666667 0.9203703703703704 0.04791666666666667 0.15925925925925927
2 0.63203125 0.762962962962963 0.033854166666666664 0.15
2 0.14947916666666666 0.7953703703703704 0.06666666666666667 0.17037037037037037
0 0.728125 0.6037037037037037 0.007291666666666667 0.012962962962962963