2 0.19375 0.6222222222222222 0.022916666666666665 0.08333333333333333
2 0.19765625 0.6101851851851852 0.018229166666666668 0.07037037037037037
2 0.18802083333333333 0.6439814814814815 0.022916666666666665 0.08796296296296297
2 0.17161458333333332 0.6231481481481481 0.0203125 0.07037037037037037
2 0.3104166666666667 0.5856481481481481 0.017708333333333333 0.05648148148148148
2 0.21901041666666668 0.6152777777777778 0.018229166666666668 0.08055555555555556
2 0.026822916666666665 0.6212962962962963 0.024479166666666666 0.09074074074074075
2 0.43463541666666666 0.5953703703703703 0.018229166666666668 0.06666666666666667
2 0.25390625 0.6134259259259259 0.016145833333333335 0.07314814814814814
2 0.2828125 0.5861111111111111 0.023958333333333335 0.05740740740740741
2 0.13880208333333333 0.6273148148148148 0.0328125 0.08796296296296297
2 0.3802083333333333 0.6097222222222223 0.01875 0.07314814814814814
0 0.17083333333333334 0.49444444444444446 0.010416666666666666 0.016666666666666666