2 0.7315104166666667 0.6453703703703704 0.019270833333333334 0.07777777777777778
2 0.74296875 0.7203703703703703 0.022395833333333334 0.11296296296296296
2 0.5760416666666667 0.6337962962962963 0.017708333333333333 0.06944444444444445
2 0.5229166666666667 0.611574074074074 0.015625 0.07314814814814814
2 0.65 0.6504629629629629 0.028125 0.08796296296296297
2 0.7864583333333334 0.6611111111111111 0.025 0.11481481481481481
2 0.9575520833333333 0.6930555555555555 0.03177083333333333 0.11944444444444445
2 0.4921875 0.6824074074074075 0.03333333333333333 0.10185185185185185
2 0.6924479166666667 0.725925925925926 0.0328125 0.1259259259259259
2 0.5861979166666667 0.7138888888888889 0.0359375 0.11666666666666667
2 0.7 0.9078703703703703 0.06666666666666667 0.18425925925925926
0 0.709375 0.6203703703703703 0.008333333333333333 0.016666666666666666