2 0.315625 0.512962962962963 0.013541666666666667 0.06296296296296296
2 0.32708333333333334 0.5111111111111111 0.014583333333333334 0.05925925925925926
2 0.26328125 0.5208333333333334 0.016145833333333335 0.06759259259259259
2 0.20755208333333333 0.5217592592592593 0.018229166666666668 0.075
2 0.42135416666666664 0.5055555555555555 0.017708333333333333 0.06111111111111111
2 0.38333333333333336 0.5143518518518518 0.015625 0.06574074074074074
2 0.43854166666666666 0.5143518518518518 0.019791666666666666 0.08055555555555556
2 0.3033854166666667 0.5231481481481481 0.019270833333333334 0.07037037037037037
2 0.28515625 0.5254629629629629 0.018229166666666668 0.0787037037037037
2 0.17265625 0.5416666666666666 0.027604166666666666 0.09814814814814815
2 0.23229166666666667 0.5513888888888889 0.03333333333333333 0.10462962962962963
0 0.4265625 0.5069444444444444 0.009375 0.017592592592592594