2 0.39609375 0.6134259259259259 0.018229166666666668 0.06944444444444445
2 0.24973958333333332 0.6527777777777778 0.021354166666666667 0.06111111111111111
2 0.14739583333333334 0.7305555555555555 0.03125 0.14074074074074075
2 0.3846354166666667 0.6518518518518519 0.0203125 0.07222222222222222
2 0.12708333333333333 0.6990740740740741 0.027083333333333334 0.11851851851851852
2 0.32395833333333335 0.6819444444444445 0.023958333333333335 0.10092592592592593
2 0.42109375 0.687962962962963 0.022395833333333334 0.10555555555555556
2 0.21848958333333332 0.649074074074074 0.025520833333333333 0.0962962962962963
2 0.18828125 0.7361111111111112 0.024479166666666666 0.1259259259259259
2 0.5432291666666667 0.65 0.022916666666666665 0.09259259259259259
2 0.24401041666666667 0.725462962962963 0.028645833333333332 0.13240740740740742
2 0.7377604166666667 0.6212962962962963 0.024479166666666666 0.07962962962962963
2 0.36770833333333336 0.9087962962962963 0.0625 0.1824074074074074
0 0.29609375 0.6861111111111111 0.015104166666666667 0.020370370370370372