2 0.3299479166666667 0.43287037037037035 0.016145833333333335 0.10833333333333334
2 0.3223958333333333 0.42916666666666664 0.017708333333333333 0.09351851851851851
2 0.10494791666666667 0.449537037037037 0.027604166666666666 0.1287037037037037
2 0.35234375 0.43842592592592594 0.0421875 0.12685185185185185
2 0.5075520833333333 0.4625 0.028645833333333332 0.175
2 0.17994791666666668 0.44305555555555554 0.030729166666666665 0.14907407407407408
2 0.25807291666666665 0.4300925925925926 0.0265625 0.10833333333333334
2 0.41770833333333335 0.4305555555555556 0.03333333333333333 0.07962962962962963
2 0.6015625 0.4810185185185185 0.03854166666666667 0.19166666666666668
2 0.13984375 0.4689814814814815 0.0546875 0.19722222222222222
0 0.43072916666666666 0.41574074074074074 0.011458333333333333 0.020370370370370372