2 0.30911458333333336 0.5569444444444445 0.021354166666666667 0.12129629629629629
2 0.4466145833333333 0.575 0.033854166666666664 0.17222222222222222
2 0.28671875 0.5532407407407407 0.0234375 0.11944444444444445
2 0.5856770833333333 0.5611111111111111 0.0234375 0.1
2 0.5591145833333333 0.5291666666666667 0.0171875 0.06388888888888888
2 0.21796875 0.549074074074074 0.021354166666666667 0.09814814814814815
2 0.3302083333333333 0.5990740740740741 0.078125 0.1814814814814815
2 0.43385416666666665 0.6152777777777778 0.04791666666666667 0.19722222222222222
2 0.48723958333333334 0.5898148148148148 0.04739583333333333 0.17592592592592593
2 0.378125 0.5560185185185185 0.034375 0.1175925925925926
2 0.2518229166666667 0.5652777777777778 0.03697916666666667 0.11388888888888889
0 0.41848958333333336 0.6375 0.021354166666666667 0.03611111111111111