2 0.39609375 0.6166666666666667 0.015104166666666667 0.06666666666666667
2 0.4015625 0.6388888888888888 0.015625 0.07037037037037037
2 0.2596354166666667 0.6518518518518519 0.025520833333333333 0.08703703703703704
2 0.38515625 0.6504629629629629 0.022395833333333334 0.07314814814814814
2 0.21927083333333333 0.6476851851851851 0.026041666666666668 0.09351851851851851
2 0.04583333333333333 0.7087962962962963 0.04583333333333333 0.15648148148148147
2 0.23828125 0.7236111111111111 0.0296875 0.1361111111111111
2 0.58203125 0.6444444444444445 0.022395833333333334 0.09259259259259259
2 0.32421875 0.6856481481481481 0.030729166666666665 0.08796296296296297
2 0.14375 0.7185185185185186 0.03229166666666667 0.14629629629629629
2 0.73828125 0.6212962962962963 0.0265625 0.07962962962962963
2 0.4231770833333333 0.7694444444444445 0.050520833333333334 0.14814814814814814
0 0.3138020833333333 0.6782407407407407 0.0109375 0.019444444444444445