2 0.41432291666666665 0.5060185185185185 0.016145833333333335 0.0787037037037037
2 0.35130208333333335 0.5231481481481481 0.0265625 0.12037037037037036
2 0.60078125 0.5217592592592593 0.022395833333333334 0.09907407407407408
2 0.39895833333333336 0.5337962962962963 0.030208333333333334 0.12314814814814815
2 0.76015625 0.5282407407407408 0.0265625 0.0787037037037037
2 0.3203125 0.6305555555555555 0.06770833333333333 0.2962962962962963
2 0.6778645833333333 0.5856481481481481 0.034895833333333334 0.14166666666666666
2 0.44192708333333336 0.538425925925926 0.0359375 0.14166666666666666
2 0.6200520833333333 0.5717592592592593 0.0515625 0.14166666666666666
2 0.8114583333333333 0.5634259259259259 0.036458333333333336 0.1175925925925926
2 0.28125 0.5453703703703704 0.051041666666666666 0.16296296296296298
0 0.6864583333333333 0.5935185185185186 0.020833333333333332 0.03148148148148148