2 0.18515625 0.6337962962962963 0.08489583333333334 0.2490740740740741
2 0.68671875 0.5305555555555556 0.0140625 0.07037037037037037
2 0.6557291666666667 0.5314814814814814 0.013541666666666667 0.06111111111111111
2 0.6703125 0.5314814814814814 0.016666666666666666 0.06111111111111111
2 0.5981770833333333 0.5421296296296296 0.0234375 0.08425925925925926
2 0.7619791666666667 0.5518518518518518 0.027083333333333334 0.1111111111111111
2 0.43463541666666666 0.5412037037037037 0.022395833333333334 0.08055555555555556
2 0.5716145833333334 0.5555555555555556 0.022395833333333334 0.09814814814814815
2 0.5018229166666667 0.5342592592592592 0.0265625 0.07962962962962963
2 0.7328125 0.5967592592592592 0.040625 0.1675925925925926
0 0.14583333333333334 0.5476851851851852 0.03125 0.05092592592592592