2 0.5341145833333333 0.5509259259259259 0.027604166666666666 0.14629629629629629
2 0.52890625 0.5518518518518518 0.022395833333333334 0.1425925925925926
2 0.5247395833333334 0.549537037037037 0.019270833333333334 0.13055555555555556
2 0.6794270833333333 0.5097222222222222 0.03177083333333333 0.10277777777777777
2 0.5390625 0.549074074074074 0.03333333333333333 0.15
2 0.5020833333333333 0.6425925925925926 0.06875 0.22962962962962963
2 0.353125 0.549537037037037 0.029166666666666667 0.09907407407407408
2 0.46822916666666664 0.5180555555555556 0.021875 0.08796296296296297
2 0.4192708333333333 0.5143518518518518 0.017708333333333333 0.08055555555555556
2 0.3802083333333333 0.5282407407407408 0.028125 0.09907407407407408
2 0.3359375 0.6180555555555556 0.05625 0.1675925925925926
0 0.35 0.5439814814814815 0.020833333333333332 0.03796296296296296