2 0.26510416666666664 0.5476851851851852 0.028125 0.08425925925925926
2 0.49375 0.5361111111111111 0.013541666666666667 0.07777777777777778
2 0.5078125 0.5402777777777777 0.01875 0.0787037037037037
2 0.67578125 0.5365740740740741 0.016145833333333335 0.07314814814814814
2 0.21510416666666668 0.549074074074074 0.026041666666666668 0.09814814814814815
2 0.31276041666666665 0.5555555555555556 0.028645833333333332 0.1111111111111111
2 0.45364583333333336 0.5472222222222223 0.021875 0.1
2 0.2828125 0.5689814814814815 0.027083333333333334 0.13796296296296295
2 0.5973958333333333 0.5611111111111111 0.027083333333333334 0.10740740740740741
2 0.3658854166666667 0.5351851851851852 0.030729166666666665 0.07592592592592592
2 0.42734375 0.5745370370370371 0.04010416666666667 0.15833333333333333
0 0.41432291666666665 0.5481481481481482 0.016145833333333335 0.027777777777777776