2 0.5828125 0.5273148148148148 0.009375 0.06018518518518518
2 0.7760416666666666 0.5356481481481481 0.021875 0.08055555555555556
2 0.6302083333333334 0.525 0.0125 0.053703703703703705
2 0.6075520833333333 0.5310185185185186 0.0234375 0.062037037037037036
2 0.32083333333333336 0.5342592592592592 0.020833333333333332 0.08148148148148149
2 0.7158854166666667 0.5370370370370371 0.018229166666666668 0.06481481481481481
2 0.6518229166666667 0.5412037037037037 0.018229166666666668 0.0712962962962963
2 0.6973958333333333 0.5453703703703704 0.025 0.07592592592592592
2 0.4231770833333333 0.5564814814814815 0.03177083333333333 0.11481481481481481
2 0.5651041666666666 0.5763888888888888 0.03125 0.14351851851851852
0 0.8203125 0.5592592592592592 0.008333333333333333 0.012962962962962963