2 0.3458333333333333 0.5296296296296297 0.011458333333333333 0.053703703703703705
2 0.41770833333333335 0.524537037037037 0.011458333333333333 0.05277777777777778
2 0.3572916666666667 0.5342592592592592 0.019791666666666666 0.06111111111111111
2 0.31796875 0.5388888888888889 0.015104166666666667 0.08148148148148149
2 0.33359375 0.5296296296296297 0.011979166666666667 0.06111111111111111
2 0.28489583333333335 0.5319444444444444 0.014583333333333334 0.0712962962962963
2 0.37552083333333336 0.5393518518518519 0.017708333333333333 0.07685185185185185
2 0.19817708333333334 0.5296296296296297 0.0203125 0.07037037037037037
2 0.23619791666666667 0.5481481481481482 0.024479166666666666 0.10185185185185185
2 0.29973958333333334 0.5800925925925926 0.027604166666666666 0.12314814814814815
0 0.38333333333333336 0.5333333333333333 0.008333333333333333 0.014814814814814815