2 0.5645833333333333 0.6263888888888889 0.015625 0.075
2 0.5393229166666667 0.6476851851851851 0.0140625 0.08611111111111111
2 0.35104166666666664 0.6129629629629629 0.016666666666666666 0.07222222222222222
2 0.3182291666666667 0.6662037037037037 0.021875 0.08796296296296297
2 0.3703125 0.6268518518518519 0.025 0.08333333333333333
2 0.49557291666666664 0.6759259259259259 0.025520833333333333 0.09814814814814815
2 0.3307291666666667 0.7189814814814814 0.034375 0.11574074074074074
2 0.69921875 0.6791666666666667 0.034895833333333334 0.11388888888888889
2 0.48880208333333336 0.875462962962963 0.0640625 0.18981481481481483
2 0.43463541666666666 0.7671296296296296 0.0453125 0.15648148148148147
2 0.29322916666666665 0.700462962962963 0.030208333333333334 0.10833333333333334
0 0.4200520833333333 0.700462962962963 0.016145833333333335 0.026851851851851852