2 0.3411458333333333 0.5263888888888889 0.0125 0.05277777777777778
2 0.32864583333333336 0.525 0.010416666666666666 0.05
2 0.28359375 0.5300925925925926 0.011979166666666667 0.06388888888888888
2 0.26953125 0.5305555555555556 0.013020833333333334 0.06666666666666667
2 0.47265625 0.6018518518518519 0.05364583333333333 0.1648148148148148
2 0.35625 0.5319444444444444 0.015625 0.06759259259259259
2 0.21536458333333333 0.5305555555555556 0.016145833333333335 0.06111111111111111
2 0.2986979166666667 0.5412037037037037 0.015104166666666667 0.08796296296296297
2 0.4044270833333333 0.5444444444444444 0.021354166666666667 0.08518518518518518
2 0.24244791666666668 0.537962962962963 0.021354166666666667 0.07222222222222222
2 0.18567708333333333 0.5412037037037037 0.024479166666666666 0.08611111111111111
0 0.20078125 0.5064814814814815 0.0078125 0.016666666666666666