2 0.221875 0.5148148148148148 0.026041666666666668 0.11296296296296296
2 0.15703125 0.5101851851851852 0.0265625 0.1425925925925926
2 0.3463541666666667 0.5180555555555556 0.035416666666666666 0.11203703703703703
2 0.26458333333333334 0.5199074074074074 0.027083333333333334 0.1287037037037037
2 0.378125 0.512962962962963 0.03125 0.09259259259259259
2 0.13619791666666667 0.5981481481481481 0.08802083333333334 0.31296296296296294
2 0.20807291666666666 0.5527777777777778 0.04010416666666667 0.17592592592592593
2 0.56796875 0.524537037037037 0.025520833333333333 0.10462962962962963
2 0.41744791666666664 0.5569444444444445 0.05364583333333333 0.1675925925925926
2 0.74296875 0.5796296296296296 0.0390625 0.15925925925925927
0 0.14505208333333333 0.4462962962962963 0.0140625 0.020370370370370372