2 0.31197916666666664 0.6592592592592592 0.020833333333333332 0.07407407407407407
2 0.33958333333333335 0.7162037037037037 0.029166666666666667 0.11388888888888889
2 0.5333333333333333 0.6583333333333333 0.016666666666666666 0.08148148148148149
2 0.038802083333333334 0.8157407407407408 0.0734375 0.24074074074074073
2 0.31588541666666664 0.7481481481481481 0.0703125 0.15
2 0.2296875 0.7 0.034375 0.13518518518518519
2 0.19166666666666668 0.7268518518518519 0.04791666666666667 0.1388888888888889
2 0.2838541666666667 0.6842592592592592 0.03125 0.09259259259259259
2 0.4671875 0.7282407407407407 0.036458333333333336 0.1361111111111111
2 0.15104166666666666 0.7398148148148148 0.058333333333333334 0.14444444444444443
0 0.04921875 0.7893518518518519 0.0359375 0.04722222222222222