2 0.3580729166666667 0.5277777777777778 0.011979166666666667 0.06666666666666667
2 0.3380208333333333 0.55 0.025 0.14444444444444443
2 0.3723958333333333 0.5277777777777778 0.015625 0.06296296296296296
2 0.30442708333333335 0.5393518518518519 0.018229166666666668 0.0787037037037037
2 0.22890625 0.5337962962962963 0.0203125 0.0824074074074074
2 0.46640625 0.5365740740740741 0.0171875 0.08055555555555556
2 0.24869791666666666 0.5365740740740741 0.019270833333333334 0.0787037037037037
2 0.49140625 0.5393518518518519 0.019270833333333334 0.0787037037037037
2 0.6130208333333333 0.5425925925925926 0.027083333333333334 0.1
2 0.71484375 0.5370370370370371 0.0296875 0.08148148148148149
2 0.8825520833333333 0.6041666666666666 0.05677083333333333 0.1787037037037037
0 0.32421875 0.4444444444444444 0.016145833333333335 0.024074074074074074