2 0.4234375 0.5041666666666667 0.017708333333333333 0.08425925925925926
2 0.5973958333333333 0.5074074074074074 0.017708333333333333 0.07407407407407407
2 0.39947916666666666 0.538425925925926 0.025 0.1361111111111111
2 0.37604166666666666 0.4935185185185185 0.021875 0.09074074074074075
2 0.58046875 0.6111111111111112 0.03802083333333333 0.17592592592592593
2 0.5630208333333333 0.5180555555555556 0.023958333333333335 0.08055555555555556
2 0.6716145833333333 0.5291666666666667 0.021354166666666667 0.0824074074074074
2 0.3223958333333333 0.5203703703703704 0.03958333333333333 0.08333333333333333
2 0.6190104166666667 0.5893518518518519 0.030729166666666665 0.1398148148148148
2 0.4984375 0.5638888888888889 0.04479166666666667 0.1574074074074074
0 0.6739583333333333 0.4847222222222222 0.010416666666666666 0.017592592592592594