2 0.23359375 0.6296296296296297 0.022395833333333334 0.07592592592592592
2 0.26796875 0.6319444444444444 0.027604166666666666 0.08425925925925926
2 0.23072916666666668 0.6203703703703703 0.01875 0.07962962962962963
2 0.27291666666666664 0.625 0.019791666666666666 0.08518518518518518
2 0.21458333333333332 0.6226851851851852 0.020833333333333332 0.0787037037037037
2 0.34739583333333335 0.6203703703703703 0.021875 0.07037037037037037
2 0.25390625 0.6402777777777777 0.030729166666666665 0.07685185185185185
2 0.08333333333333333 0.6203703703703703 0.027083333333333334 0.07407407407407407
2 0.03229166666666667 0.7060185185185185 0.04791666666666667 0.12314814814814815
2 0.17083333333333334 0.6541666666666667 0.021875 0.09907407407407408
2 0.29348958333333336 0.7875 0.04114583333333333 0.15092592592592594
2 0.22317708333333333 0.7171296296296297 0.04114583333333333 0.11388888888888889
0 0.3390625 0.6171296296296296 0.010416666666666666 0.01574074074074074