2 0.6723958333333333 0.4263888888888889 0.04791666666666667 0.13425925925925927
2 0.7005208333333334 0.42777777777777776 0.026041666666666668 0.12407407407407407
2 0.5328125 0.46944444444444444 0.022916666666666665 0.17592592592592593
2 0.7369791666666666 0.4361111111111111 0.030208333333333334 0.10740740740740741
2 0.6466145833333333 0.4361111111111111 0.03802083333333333 0.13333333333333333
2 0.7690104166666667 0.4587962962962963 0.0296875 0.1824074074074074
2 0.6161458333333333 0.43703703703703706 0.03229166666666667 0.1111111111111111
2 0.8 0.4597222222222222 0.034375 0.15462962962962962
2 0.8552083333333333 0.4305555555555556 0.029166666666666667 0.08888888888888889
2 0.5625 0.5009259259259259 0.06041666666666667 0.2111111111111111
0 0.6643229166666667 0.37037037037037035 0.011979166666666667 0.018518518518518517