2 0.55234375 0.5268518518518519 0.025520833333333333 0.09814814814814815
2 0.41302083333333334 0.6231481481481481 0.04375 0.22407407407407406
2 0.5690104166666666 0.48518518518518516 0.0171875 0.07962962962962963
2 0.6591145833333333 0.5162037037037037 0.024479166666666666 0.11018518518518519
2 0.4635416666666667 0.5587962962962963 0.046875 0.12129629629629629
2 0.75390625 0.487962962962963 0.033854166666666664 0.09444444444444444
2 0.5140625 0.5981481481481481 0.04375 0.17592592592592593
2 0.31354166666666666 0.5597222222222222 0.034375 0.11574074074074074
2 0.7799479166666666 0.5731481481481482 0.0359375 0.18518518518518517
2 0.6002604166666666 0.5430555555555555 0.04739583333333333 0.125
0 0.40911458333333334 0.4847222222222222 0.024479166666666666 0.041666666666666664