2 0.25703125 0.6282407407407408 0.0171875 0.07685185185185185
2 0.01171875 0.7342592592592593 0.022395833333333334 0.13148148148148148
2 0.13567708333333334 0.7046296296296296 0.0296875 0.12037037037037036
2 0.16015625 0.7074074074074074 0.03697916666666667 0.12222222222222222
2 0.06328125 0.6282407407407408 0.028645833333333332 0.08425925925925926
2 0.35442708333333334 0.6328703703703704 0.030729166666666665 0.0787037037037037
2 0.21901041666666668 0.7305555555555555 0.04010416666666667 0.11481481481481481
2 0.27109375 0.6611111111111111 0.0328125 0.08703703703703704
2 0.23385416666666667 0.6421296296296296 0.027083333333333334 0.08796296296296297
2 0.2526041666666667 0.7467592592592592 0.036458333333333336 0.1361111111111111
2 0.13880208333333333 0.8324074074074074 0.07447916666666667 0.17222222222222222
0 0.33958333333333335 0.6231481481481481 0.010416666666666666 0.016666666666666666