2 0.684375 0.512962962962963 0.013541666666666667 0.06296296296296296
2 0.6729166666666667 0.5111111111111111 0.014583333333333334 0.05925925925925926
2 0.73671875 0.5208333333333334 0.016145833333333335 0.06759259259259259
2 0.7924479166666667 0.5217592592592593 0.018229166666666668 0.075
2 0.5786458333333333 0.5055555555555555 0.017708333333333333 0.06111111111111111
2 0.6166666666666667 0.5143518518518518 0.015625 0.06574074074074074
2 0.5614583333333333 0.5143518518518518 0.019791666666666666 0.08055555555555556
2 0.6966145833333334 0.5231481481481481 0.019270833333333334 0.07037037037037037
2 0.71484375 0.5254629629629629 0.018229166666666668 0.0787037037037037
2 0.82734375 0.5416666666666666 0.027604166666666666 0.09814814814814815
2 0.7677083333333333 0.5513888888888889 0.03333333333333333 0.10462962962962963
0 0.5734375 0.5069444444444444 0.009375 0.017592592592592594