2 0.48854166666666665 0.5268518518518519 0.013541666666666667 0.05740740740740741
2 0.68515625 0.5277777777777778 0.013020833333333334 0.06851851851851852
2 0.61328125 0.5259259259259259 0.015104166666666667 0.05740740740740741
2 0.5145833333333333 0.5324074074074074 0.016666666666666666 0.07037037037037037
2 0.6395833333333333 0.5310185185185186 0.014583333333333334 0.06574074074074074
2 0.6684895833333333 0.5425925925925926 0.015104166666666667 0.07407407407407407
2 0.7510416666666667 0.5300925925925926 0.017708333333333333 0.06388888888888888
2 0.7716145833333333 0.5421296296296296 0.024479166666666666 0.09166666666666666
2 0.7015625 0.5356481481481481 0.016666666666666666 0.075
2 0.440625 0.5365740740740741 0.020833333333333332 0.06574074074074074
0 0.4453125 0.5097222222222222 0.007291666666666667 0.013888888888888888