2 0.37135416666666665 0.6875 0.023958333333333335 0.08796296296296297
2 0.36432291666666666 0.6888888888888889 0.0265625 0.09444444444444444
2 0.35234375 0.6296296296296297 0.018229166666666668 0.06296296296296296
2 0.26901041666666664 0.6194444444444445 0.019270833333333334 0.06666666666666667
2 0.4986979166666667 0.6162037037037037 0.019270833333333334 0.0787037037037037
2 0.24427083333333333 0.649074074074074 0.023958333333333335 0.08703703703703704
2 0.17734375 0.6856481481481481 0.0296875 0.11574074074074074
2 0.16119791666666666 0.7384259259259259 0.0421875 0.125
2 0.284375 0.6805555555555556 0.028125 0.10555555555555556
2 0.0203125 0.7055555555555556 0.03958333333333333 0.12962962962962962
2 0.325 0.725 0.029166666666666667 0.12037037037037036
2 0.3971354166666667 0.7314814814814815 0.03177083333333333 0.12962962962962962
2 0.21328125 0.9032407407407408 0.0859375 0.1935185185185185
0 0.3684895833333333 0.6805555555555556 0.015104166666666667 0.024074074074074074