2 0.15104166666666666 0.6513888888888889 0.023958333333333335 0.06574074074074074
2 0.14739583333333334 0.6541666666666667 0.023958333333333335 0.06574074074074074
2 0.20859375 0.6180555555555556 0.0171875 0.06759259259259259
2 0.17265625 0.6027777777777777 0.021354166666666667 0.06296296296296296
2 0.2513020833333333 0.600925925925926 0.019270833333333334 0.06851851851851852
2 0.18020833333333333 0.6958333333333333 0.027083333333333334 0.08425925925925926
2 0.32734375 0.6342592592592593 0.022395833333333334 0.07962962962962963
2 0.35885416666666664 0.5939814814814814 0.01875 0.06759259259259259
2 0.29296875 0.6208333333333333 0.0203125 0.07314814814814814
2 0.21640625 0.6888888888888889 0.034895833333333334 0.08333333333333333
2 0.15572916666666667 0.7138888888888889 0.03125 0.08333333333333333
0 0.16848958333333333 0.7388888888888889 0.011979166666666667 0.020370370370370372