2 0.3846354166666667 0.6458333333333334 0.022395833333333334 0.07314814814814814
2 0.26328125 0.6513888888888889 0.024479166666666666 0.08611111111111111
2 0.40677083333333336 0.6550925925925926 0.020833333333333332 0.08611111111111111
2 0.3229166666666667 0.6759259259259259 0.022916666666666665 0.09814814814814815
2 0.15833333333333333 0.6888888888888889 0.03229166666666667 0.12777777777777777
2 0.21901041666666668 0.649537037037037 0.0296875 0.09722222222222222
2 0.23958333333333334 0.7236111111111111 0.029166666666666667 0.1361111111111111
2 0.5815104166666667 0.6449074074074074 0.0234375 0.09166666666666666
2 0.73828125 0.6212962962962963 0.0265625 0.07962962962962963
2 0.058854166666666666 0.7129629629629629 0.051041666666666666 0.13333333333333333
2 0.36328125 0.7305555555555555 0.033854166666666664 0.13518518518518519
0 0.14791666666666667 0.7157407407407408 0.014583333333333334 0.022222222222222223