2 0.496875 0.5166666666666667 0.022916666666666665 0.10740740740740741
2 0.48385416666666664 0.513425925925926 0.015625 0.09351851851851851
2 0.5005208333333333 0.5087962962962963 0.01875 0.10462962962962963
2 0.5453125 0.5319444444444444 0.020833333333333332 0.09722222222222222
2 0.5645833333333333 0.5453703703703704 0.021875 0.15
2 0.35546875 0.5569444444444445 0.025520833333333333 0.11574074074074074
2 0.3703125 0.524074074074074 0.023958333333333335 0.08333333333333333
2 0.22552083333333334 0.5805555555555556 0.035416666666666666 0.11851851851851852
2 0.6763020833333333 0.5226851851851851 0.0421875 0.0824074074074074
2 0.60546875 0.5041666666666667 0.034895833333333334 0.10092592592592593
2 0.33359375 0.6208333333333333 0.0578125 0.1638888888888889
2 0.5403645833333334 0.6583333333333333 0.06614583333333333 0.2537037037037037
0 0.3541666666666667 0.575462962962963 0.022916666666666665 0.032407407407407406