2 0.80703125 0.44722222222222224 0.0234375 0.14074074074074075
2 0.8088541666666667 0.45601851851851855 0.04791666666666667 0.16018518518518518
2 0.66171875 0.4300925925925926 0.019270833333333334 0.12129629629629629
2 0.8317708333333333 0.4388888888888889 0.021875 0.10925925925925926
2 0.78515625 0.44212962962962965 0.0234375 0.1638888888888889
2 0.8901041666666667 0.43148148148148147 0.025 0.1
2 0.6859375 0.44675925925925924 0.03229166666666667 0.1638888888888889
2 0.5927083333333333 0.43194444444444446 0.03125 0.11203703703703703
2 0.7502604166666667 0.46111111111111114 0.05260416666666667 0.18888888888888888
2 0.5432291666666667 0.4708333333333333 0.030208333333333334 0.20462962962962963
0 0.7169270833333333 0.35324074074074074 0.015104166666666667 0.025