2 0.39609375 0.6148148148148148 0.018229166666666668 0.07592592592592592
2 0.2908854166666667 0.6824074074074075 0.022395833333333334 0.09444444444444444
2 0.3125 0.6810185185185185 0.017708333333333333 0.10648148148148148
2 0.26953125 0.6583333333333333 0.025520833333333333 0.09444444444444444
2 0.3841145833333333 0.65 0.019270833333333334 0.07222222222222222
2 0.41171875 0.6583333333333333 0.019270833333333334 0.08888888888888889
2 0.21744791666666666 0.6476851851851851 0.030729166666666665 0.09722222222222222
2 0.559375 0.649537037037037 0.022916666666666665 0.09351851851851851
2 0.23958333333333334 0.7300925925925926 0.028125 0.14166666666666666
2 0.19140625 0.9092592592592592 0.07447916666666667 0.17962962962962964
2 0.14895833333333333 0.7050925925925926 0.034375 0.1361111111111111
2 0.73828125 0.6222222222222222 0.0265625 0.07962962962962963
2 0.09791666666666667 0.6972222222222222 0.041666666666666664 0.12407407407407407
0 0.10677083333333333 0.6708333333333333 0.015625 0.023148148148148147