2 0.31744791666666666 0.5291666666666667 0.022395833333333334 0.09537037037037037
2 0.28151041666666665 0.5421296296296296 0.028645833333333332 0.11388888888888889
2 0.43671875 0.5310185185185186 0.0234375 0.09351851851851851
2 0.3921875 0.5087962962962963 0.019791666666666666 0.0712962962962963
2 0.34270833333333334 0.5277777777777778 0.020833333333333332 0.08148148148148149
2 0.3140625 0.5476851851851852 0.03125 0.08611111111111111
2 0.60703125 0.5101851851851852 0.0265625 0.09444444444444444
2 0.4671875 0.5398148148148149 0.021875 0.12407407407407407
2 0.67734375 0.5083333333333333 0.03177083333333333 0.09814814814814815
2 0.59375 0.5935185185185186 0.04791666666666667 0.1814814814814815
0 0.2765625 0.487962962962963 0.013541666666666667 0.020370370370370372