2 0.7963541666666667 0.6569444444444444 0.014583333333333334 0.09537037037037037
2 0.8098958333333334 0.6527777777777778 0.015625 0.09259259259259259
2 0.8997395833333334 0.6856481481481481 0.03802083333333333 0.0824074074074074
2 0.925 0.6981481481481482 0.0375 0.1111111111111111
2 0.7463541666666667 0.638425925925926 0.01875 0.08981481481481482
2 0.87109375 0.6754629629629629 0.028645833333333332 0.09351851851851851
2 0.6552083333333333 0.6412037037037037 0.027083333333333334 0.09351851851851851
2 0.828125 0.6453703703703704 0.01875 0.08888888888888889
2 0.6026041666666667 0.625462962962963 0.026041666666666668 0.07685185185185185
2 0.9442708333333333 0.6222222222222222 0.03958333333333333 0.08518518518518518
2 0.6877604166666667 0.788425925925926 0.03802083333333333 0.1787037037037037
0 0.91953125 0.611574074074074 0.0140625 0.021296296296296296