2 0.87265625 0.7356481481481482 0.033854166666666664 0.1361111111111111
2 0.52421875 0.6231481481481481 0.016145833333333335 0.07592592592592592
2 0.5390625 0.6365740740740741 0.017708333333333333 0.08055555555555556
2 0.7533854166666667 0.6875 0.021354166666666667 0.11018518518518519
2 0.7731770833333333 0.6662037037037037 0.0234375 0.10833333333333334
2 0.72265625 0.6444444444444445 0.0265625 0.08518518518518518
2 0.85 0.787962962962963 0.06666666666666667 0.1574074074074074
2 0.6270833333333333 0.6865740740740741 0.027083333333333334 0.11018518518518519
2 0.6544270833333333 0.7458333333333333 0.0328125 0.1398148148148148
2 0.4635416666666667 0.7162037037037037 0.035416666666666666 0.13796296296296295
2 0.8377604166666667 0.6930555555555555 0.03177083333333333 0.12685185185185185
2 0.6278645833333333 0.9027777777777778 0.07552083333333333 0.19444444444444445
0 0.7731770833333333 0.6106481481481482 0.011979166666666667 0.019444444444444445