2 0.39739583333333334 0.5259259259259259 0.011458333333333333 0.05185185185185185
2 0.27760416666666665 0.5375 0.013541666666666667 0.06944444444444445
2 0.30442708333333335 0.5328703703703703 0.009895833333333333 0.07314814814814814
2 0.31484375 0.5324074074074074 0.013020833333333334 0.07222222222222222
2 0.2559895833333333 0.5324074074074074 0.016145833333333335 0.06851851851851852
2 0.334375 0.5273148148148148 0.014583333333333334 0.058333333333333334
2 0.3567708333333333 0.538425925925926 0.017708333333333333 0.075
2 0.2921875 0.5569444444444445 0.023958333333333335 0.08981481481481482
2 0.3734375 0.538425925925926 0.01875 0.075
2 0.16145833333333334 0.5388888888888889 0.020833333333333332 0.07592592592592592
0 0.39557291666666666 0.5282407407407408 0.0078125 0.012037037037037037