2 0.62734375 0.5300925925925926 0.015104166666666667 0.05092592592592592
2 0.3260416666666667 0.5064814814814815 0.025 0.09814814814814815
2 0.6263020833333334 0.5162037037037037 0.016145833333333335 0.05648148148148148
2 0.32890625 0.49953703703703706 0.018229166666666668 0.09351851851851851
2 0.621875 0.5018518518518519 0.014583333333333334 0.06296296296296296
2 0.32057291666666665 0.5263888888888889 0.033854166666666664 0.08055555555555556
2 0.5153645833333333 0.5143518518518518 0.018229166666666668 0.08981481481481482
2 0.78203125 0.5787037037037037 0.0296875 0.10925925925925926
2 0.5885416666666666 0.5504629629629629 0.03125 0.11018518518518519
2 0.4114583333333333 0.5513888888888889 0.023958333333333335 0.15462962962962962
2 0.6166666666666667 0.6180555555555556 0.04375 0.17685185185185184
2 0.7166666666666667 0.5365740740740741 0.029166666666666667 0.08981481481481482
2 0.6864583333333333 0.6013888888888889 0.04791666666666667 0.14907407407407408
0 0.7028645833333333 0.5856481481481481 0.018229166666666668 0.028703703703703703