2 0.83984375 0.5203703703703704 0.0203125 0.12222222222222222
2 0.7270833333333333 0.5064814814814815 0.019791666666666666 0.10740740740740741
2 0.7463541666666667 0.5236111111111111 0.026041666666666668 0.14722222222222223
2 0.8184895833333333 0.5421296296296296 0.0390625 0.1787037037037037
2 0.5565104166666667 0.5171296296296296 0.025520833333333333 0.09537037037037037
2 0.4981770833333333 0.55 0.0296875 0.14444444444444443
2 0.46901041666666665 0.5287037037037037 0.025520833333333333 0.1111111111111111
2 0.24140625 0.5773148148148148 0.0390625 0.15648148148148147
2 0.634375 0.5787037037037037 0.03854166666666667 0.22777777777777777
2 0.6721354166666667 0.5712962962962963 0.044270833333333336 0.21666666666666667
0 0.8322916666666667 0.3939814814814815 0.015625 0.023148148148148147