2 0.7669270833333334 0.6361111111111111 0.0171875 0.07962962962962963
2 0.8393229166666667 0.6606481481481481 0.027604166666666666 0.07685185185185185
2 0.76953125 0.6324074074074074 0.016145833333333335 0.08148148148148149
2 0.6533854166666667 0.6208333333333333 0.016145833333333335 0.07685185185185185
2 0.6703125 0.624537037037037 0.019791666666666666 0.0787037037037037
2 0.853125 0.6898148148148148 0.023958333333333335 0.11851851851851852
2 0.8145833333333333 0.6865740740740741 0.027083333333333334 0.09907407407407408
2 0.7486979166666666 0.6439814814814815 0.0265625 0.07685185185185185
2 0.7955729166666666 0.6361111111111111 0.028645833333333332 0.07407407407407407
2 0.93984375 0.6203703703703703 0.04010416666666667 0.08518518518518518
2 0.7057291666666666 0.7842592592592592 0.04375 0.16296296296296298
2 0.9671875 0.7050925925925926 0.040625 0.12314814814814815
0 0.7674479166666667 0.43472222222222223 0.0140625 0.019444444444444445