2 0.5278645833333333 0.6152777777777778 0.0140625 0.05648148148148148
2 0.3572916666666667 0.5981481481481481 0.014583333333333334 0.06111111111111111
2 0.5338541666666666 0.6703703703703704 0.030208333333333334 0.08888888888888889
2 0.46979166666666666 0.6416666666666667 0.020833333333333332 0.08888888888888889
2 0.4979166666666667 0.6777777777777778 0.036458333333333336 0.08888888888888889
2 0.37994791666666666 0.6393518518518518 0.021354166666666667 0.08055555555555556
2 0.3375 0.6842592592592592 0.028125 0.10740740740740741
2 0.2908854166666667 0.6518518518518519 0.027604166666666666 0.08888888888888889
2 0.3184895833333333 0.7532407407407408 0.04739583333333333 0.125
2 0.55 0.787962962962963 0.036458333333333336 0.15925925925925927
2 0.19401041666666666 0.6916666666666667 0.033854166666666664 0.11666666666666667
2 0.6263020833333334 0.9435185185185185 0.0609375 0.11296296296296296
0 0.48151041666666666 0.6851851851851852 0.009895833333333333 0.016666666666666666