2 0.8111979166666666 0.6236111111111111 0.019270833333333334 0.06388888888888888
2 0.7783854166666667 0.5921296296296297 0.015104166666666667 0.06018518518518518
2 0.8140625 0.6291666666666667 0.019791666666666666 0.062037037037037036
2 0.8002604166666667 0.6041666666666666 0.016145833333333335 0.06759259259259259
2 0.828125 0.6171296296296296 0.017708333333333333 0.06759259259259259
2 0.7755208333333333 0.6365740740740741 0.021875 0.06759259259259259
2 0.6270833333333333 0.5944444444444444 0.01875 0.06666666666666667
2 0.6705729166666666 0.6148148148148148 0.0203125 0.06851851851851852
2 0.853125 0.6597222222222222 0.03125 0.07314814814814814
2 0.71953125 0.6087962962962963 0.0203125 0.06759259259259259
0 0.80859375 0.65 0.011979166666666667 0.018518518518518517