2 0.8825520833333333 0.6388888888888888 0.022395833333333334 0.06111111111111111
2 0.42135416666666664 0.7175925925925926 0.03333333333333333 0.12407407407407407
2 0.8651041666666667 0.6351851851851852 0.025 0.06666666666666667
2 0.6713541666666667 0.6 0.015625 0.06296296296296296
2 0.40963541666666664 0.6800925925925926 0.019270833333333334 0.11388888888888889
2 0.4161458333333333 0.7064814814814815 0.034375 0.12962962962962962
2 0.49895833333333334 0.6532407407407408 0.022916666666666665 0.10462962962962963
2 0.6247395833333333 0.6370370370370371 0.025520833333333333 0.07777777777777778
2 0.7075520833333333 0.6143518518518518 0.028645833333333332 0.07685185185185185
2 0.7455729166666667 0.7217592592592592 0.0484375 0.12314814814814815
2 0.45859375 0.8222222222222222 0.06822916666666666 0.17962962962962964
2 0.56796875 0.8648148148148148 0.0484375 0.17777777777777778
0 0.8856770833333333 0.6402777777777777 0.008854166666666666 0.013888888888888888