2 0.45598958333333334 0.6129629629629629 0.0203125 0.05925925925925926
2 0.45260416666666664 0.611574074074074 0.017708333333333333 0.058333333333333334
2 0.4669270833333333 0.6111111111111112 0.0203125 0.05740740740740741
2 0.4348958333333333 0.6370370370370371 0.01875 0.07222222222222222
2 0.484375 0.6236111111111111 0.016666666666666666 0.07314814814814814
2 0.41484375 0.6513888888888889 0.0265625 0.08055555555555556
2 0.18984375 0.6671296296296296 0.024479166666666666 0.08425925925925926
2 0.2 0.6143518518518518 0.01875 0.06574074074074074
2 0.33489583333333334 0.5949074074074074 0.021875 0.058333333333333334
2 0.2669270833333333 0.6106481481481482 0.022395833333333334 0.06574074074074074
2 0.50390625 0.6592592592592592 0.025520833333333333 0.09074074074074075
2 0.23203125 0.6587962962962963 0.024479166666666666 0.10092592592592593
2 0.47760416666666666 0.7638888888888888 0.046875 0.1425925925925926
2 0.5403645833333334 0.9111111111111111 0.0640625 0.17777777777777778
0 0.26067708333333334 0.5976851851851852 0.008854166666666666 0.013888888888888888