2 0.6270833333333333 0.6291666666666667 0.021875 0.058333333333333334
2 0.5458333333333333 0.6513888888888889 0.013541666666666667 0.0824074074074074
2 0.6229166666666667 0.625 0.023958333333333335 0.06111111111111111
2 0.22942708333333334 0.6106481481481482 0.013020833333333334 0.06944444444444445
2 0.6611979166666667 0.6564814814814814 0.022395833333333334 0.09259259259259259
2 0.18151041666666667 0.6148148148148148 0.016145833333333335 0.06851851851851852
2 0.5223958333333333 0.6125 0.019791666666666666 0.06759259259259259
2 0.53671875 0.700925925925926 0.024479166666666666 0.12222222222222222
2 0.63828125 0.6722222222222223 0.0296875 0.10555555555555556
2 0.5322916666666667 0.9046296296296297 0.057291666666666664 0.19074074074074074
2 0.7403645833333333 0.8134259259259259 0.050520833333333334 0.17314814814814813
2 0.2830729166666667 0.6027777777777777 0.022395833333333334 0.06296296296296296
2 0.5651041666666666 0.700462962962963 0.03333333333333333 0.11944444444444445
2 0.32083333333333336 0.7356481481481482 0.035416666666666666 0.13240740740740742
0 0.23046875 0.6074074074074074 0.008854166666666666 0.014814814814814815