2 0.84296875 0.7074074074074074 0.04114583333333333 0.09444444444444444
2 0.7981770833333334 0.6421296296296296 0.018229166666666668 0.08055555555555556
2 0.9380208333333333 0.6282407407407408 0.025 0.0824074074074074
2 0.70390625 0.625462962962963 0.030729166666666665 0.08981481481481482
2 0.821875 0.8277777777777777 0.04791666666666667 0.17222222222222222
2 0.7330729166666666 0.6407407407407407 0.022395833333333334 0.08888888888888889
2 0.7947916666666667 0.7314814814814815 0.03229166666666667 0.13148148148148148
2 0.8734375 0.7050925925925926 0.03958333333333333 0.1175925925925926
2 0.75390625 0.7574074074074074 0.043229166666666666 0.1388888888888889
2 0.9088541666666666 0.7296296296296296 0.040625 0.1259259259259259
2 0.96796875 0.7796296296296297 0.059895833333333336 0.14444444444444443
0 0.78515625 0.7388888888888889 0.022395833333333334 0.02962962962962963