2 0.9794270833333333 0.5930555555555556 0.04010416666666667 0.19166666666666668
2 0.36302083333333335 0.5268518518518519 0.013541666666666667 0.05925925925925926
2 0.25729166666666664 0.5370370370370371 0.01875 0.08888888888888889
2 0.23255208333333333 0.5333333333333333 0.018229166666666668 0.08148148148148149
2 0.37890625 0.5300925925925926 0.018229166666666668 0.0712962962962963
2 0.26875 0.5768518518518518 0.03333333333333333 0.15
2 0.50078125 0.5467592592592593 0.0234375 0.09166666666666666
2 0.3341145833333333 0.5462962962962963 0.022395833333333334 0.09074074074074075
2 0.534375 0.5476851851851852 0.026041666666666668 0.09907407407407408
2 0.7234375 0.5347222222222222 0.026041666666666668 0.08796296296296297
2 0.6921875 0.5458333333333333 0.026041666666666668 0.11018518518518519
0 0.4166666666666667 0.5907407407407408 0.028125 0.04814814814814815