2 0.7291666666666666 0.6074074074074074 0.01875 0.07037037037037037
2 0.7255208333333333 0.6125 0.022916666666666665 0.0712962962962963
2 0.7135416666666666 0.5675925925925925 0.014583333333333334 0.053703703703703705
2 0.7731770833333333 0.5972222222222222 0.018229166666666668 0.06111111111111111
2 0.7135416666666666 0.6217592592592592 0.022916666666666665 0.06944444444444445
2 0.9736979166666667 0.6236111111111111 0.025520833333333333 0.08796296296296297
2 0.8419270833333333 0.6546296296296297 0.024479166666666666 0.09444444444444444
2 0.5669270833333333 0.5939814814814814 0.0140625 0.06944444444444445
2 0.8580729166666666 0.625462962962963 0.025520833333333333 0.08425925925925926
2 0.6338541666666667 0.6074074074074074 0.01875 0.07407407407407407
2 0.78828125 0.6189814814814815 0.027604166666666666 0.07314814814814814
2 0.7591145833333334 0.6537037037037037 0.025520833333333333 0.10555555555555556
0 0.7197916666666667 0.538425925925926 0.009375 0.013888888888888888