2 0.023958333333333335 0.6430555555555556 0.03333333333333333 0.09537037037037037
2 0.20364583333333333 0.6083333333333333 0.014583333333333334 0.07037037037037037
2 0.22213541666666667 0.6356481481481482 0.028645833333333332 0.07685185185185185
2 0.019270833333333334 0.7097222222222223 0.03229166666666667 0.1175925925925926
2 0.43072916666666666 0.5925925925925926 0.014583333333333334 0.06851851851851852
2 0.026041666666666668 0.6296296296296297 0.027083333333333334 0.08333333333333333
2 0.18411458333333333 0.6916666666666667 0.0421875 0.10740740740740741
2 0.10390625 0.6458333333333334 0.033854166666666664 0.10277777777777777
2 0.26927083333333335 0.5962962962962963 0.03125 0.06296296296296296
2 0.30182291666666666 0.6222222222222222 0.03177083333333333 0.07592592592592592
2 0.3502604166666667 0.6453703703703704 0.0328125 0.09444444444444444
0 0.07526041666666666 0.6037037037037037 0.018229166666666668 0.02962962962962963