2 0.16588541666666667 0.6106481481481482 0.016145833333333335 0.06018518518518518
2 0.16197916666666667 0.6675925925925926 0.023958333333333335 0.09074074074074075
2 0.1921875 0.6601851851851852 0.030208333333333334 0.09814814814814815
2 0.52109375 0.6240740740740741 0.021354166666666667 0.08703703703703704
2 0.2984375 0.7652777777777777 0.035416666666666666 0.14166666666666666
2 0.10625 0.6523148148148148 0.030208333333333334 0.08611111111111111
2 0.24765625 0.687037037037037 0.0359375 0.0962962962962963
2 0.28203125 0.6462962962962963 0.030729166666666665 0.08518518518518518
2 0.375 0.674537037037037 0.034375 0.09166666666666666
2 0.74921875 0.6430555555555556 0.0296875 0.09722222222222222
2 0.21067708333333332 0.8319444444444445 0.0609375 0.14722222222222223
0 0.090625 0.6375 0.0125 0.019444444444444445