2 0.24114583333333334 0.5504629629629629 0.035416666666666666 0.09722222222222222
2 0.5877604166666667 0.55 0.0203125 0.15185185185185185
2 0.3690104166666667 0.5032407407407408 0.016145833333333335 0.06759259259259259
2 0.690625 0.500462962962963 0.023958333333333335 0.10277777777777777
2 0.39036458333333335 0.5287037037037037 0.021354166666666667 0.09814814814814815
2 0.6786458333333333 0.5217592592592593 0.03333333333333333 0.08425925925925926
2 0.6127604166666667 0.5467592592592593 0.025520833333333333 0.1398148148148148
2 0.5041666666666667 0.5111111111111111 0.022916666666666665 0.08703703703703704
2 0.3768229166666667 0.5916666666666667 0.04010416666666667 0.14629629629629629
2 0.42916666666666664 0.5435185185185185 0.034375 0.1037037037037037
2 0.31223958333333335 0.600925925925926 0.04739583333333333 0.14444444444444443
0 0.2989583333333333 0.5810185185185185 0.016666666666666666 0.030555555555555555