2 0.7440104166666667 0.5967592592592592 0.0140625 0.05462962962962963
2 0.63828125 0.5972222222222222 0.015104166666666667 0.06296296296296296
2 0.75234375 0.6050925925925926 0.016145833333333335 0.062037037037037036
2 0.7981770833333334 0.6023148148148149 0.016145833333333335 0.05462962962962963
2 0.8140625 0.6143518518518518 0.016666666666666666 0.06574074074074074
2 0.6705729166666666 0.6106481481481482 0.0171875 0.06388888888888888
2 0.6846354166666667 0.5851851851851851 0.0171875 0.05925925925925926
2 0.7151041666666667 0.5935185185185186 0.01875 0.06481481481481481
2 0.8703125 0.6481481481481481 0.022916666666666665 0.08518518518518518
2 0.8309895833333333 0.6138888888888889 0.0171875 0.07407407407407407
2 0.6151041666666667 0.6333333333333333 0.017708333333333333 0.08333333333333333
2 0.30520833333333336 0.9226851851851852 0.07395833333333333 0.15462962962962962
2 0.79765625 0.6726851851851852 0.030729166666666665 0.09722222222222222
0 0.7622395833333333 0.49444444444444446 0.008854166666666666 0.012962962962962963