2 0.8091145833333333 0.6180555555555556 0.019270833333333334 0.07685185185185185
2 0.9859375 0.6796296296296296 0.028125 0.10740740740740741
2 0.81171875 0.6129629629629629 0.018229166666666668 0.07592592592592592
2 0.7947916666666667 0.625462962962963 0.021875 0.075
2 0.6799479166666667 0.5930555555555556 0.019270833333333334 0.058333333333333334
2 0.3971354166666667 0.611574074074074 0.022395833333333334 0.07314814814814814
2 0.7408854166666666 0.6986111111111111 0.04114583333333333 0.11018518518518519
2 0.42578125 0.6305555555555555 0.0359375 0.08888888888888889
2 0.7638020833333333 0.6398148148148148 0.0234375 0.09444444444444444
2 0.6635416666666667 0.6402777777777777 0.027083333333333334 0.08611111111111111
2 0.559375 0.6476851851851851 0.029166666666666667 0.09722222222222222
2 0.4708333333333333 0.6847222222222222 0.041666666666666664 0.12314814814814815
2 0.6838541666666667 0.7550925925925925 0.04791666666666667 0.13796296296296295
0 0.70234375 0.737037037037037 0.018229166666666668 0.03518518518518519