2 0.39010416666666664 0.6078703703703704 0.016666666666666666 0.06388888888888888
2 0.40677083333333336 0.6537037037037037 0.019791666666666666 0.09259259259259259
2 0.44088541666666664 0.6282407407407408 0.019270833333333334 0.08055555555555556
2 0.5244791666666667 0.6541666666666667 0.020833333333333332 0.09166666666666666
2 0.5447916666666667 0.6162037037037037 0.019791666666666666 0.07314814814814814
2 0.30807291666666664 0.6078703703703704 0.018229166666666668 0.06759259259259259
2 0.6838541666666667 0.6810185185185185 0.021875 0.1175925925925926
2 0.20104166666666667 0.6592592592592592 0.027083333333333334 0.09444444444444444
2 0.16302083333333334 0.6643518518518519 0.035416666666666666 0.09722222222222222
2 0.4473958333333333 0.8726851851851852 0.052083333333333336 0.18055555555555555
2 0.5953125 0.6685185185185185 0.03125 0.10740740740740741
2 0.5088541666666667 0.8013888888888889 0.04479166666666667 0.175
2 0.27005208333333336 0.7384259259259259 0.0390625 0.13425925925925927
0 0.15859375 0.6375 0.011979166666666667 0.019444444444444445