2 0.3494791666666667 0.6759259259259259 0.025 0.09444444444444444
2 0.4921875 0.6361111111111111 0.021875 0.08333333333333333
2 0.32369791666666664 0.6796296296296296 0.0265625 0.11296296296296296
2 0.7875 0.6148148148148148 0.021875 0.07037037037037037
2 0.06640625 0.7453703703703703 0.05260416666666667 0.14444444444444443
2 0.540625 0.8949074074074074 0.046875 0.2101851851851852
2 0.5177083333333333 0.6236111111111111 0.025 0.08055555555555556
2 0.46484375 0.6967592592592593 0.0296875 0.11388888888888889
2 0.14296875 0.7245370370370371 0.049479166666666664 0.15092592592592594
2 0.56328125 0.7222222222222222 0.03802083333333333 0.11666666666666667
2 0.35911458333333335 0.7976851851851852 0.044270833333333336 0.16018518518518518
2 0.2526041666666667 0.7273148148148149 0.04583333333333333 0.14351851851851852
0 0.045572916666666664 0.7162037037037037 0.016145833333333335 0.026851851851851852