2 0.31354166666666666 0.5282407407407408 0.013541666666666667 0.06759259259259259
2 0.5479166666666667 0.5356481481481481 0.013541666666666667 0.08055555555555556
2 0.53359375 0.5277777777777778 0.011979166666666667 0.06111111111111111
2 0.43984375 0.5268518518518519 0.0140625 0.05555555555555555
2 0.38671875 0.5277777777777778 0.0203125 0.06111111111111111
2 0.30078125 0.5398148148148149 0.018229166666666668 0.08333333333333333
2 0.47630208333333335 0.5537037037037037 0.025520833333333333 0.12037037037037036
2 0.50625 0.5365740740740741 0.020833333333333332 0.0787037037037037
2 0.56640625 0.5342592592592592 0.0234375 0.07962962962962963
2 0.33489583333333334 0.5361111111111111 0.019791666666666666 0.08148148148148149
2 0.6247395833333333 0.5587962962962963 0.025520833333333333 0.10462962962962963
0 0.4440104166666667 0.5296296296296297 0.005729166666666666 0.011111111111111112