2 0.005208333333333333 0.6912037037037037 0.010416666666666666 0.10092592592592593
2 0.6744791666666666 0.611574074074074 0.022916666666666665 0.07314814814814814
2 0.2908854166666667 0.6398148148148148 0.022395833333333334 0.08703703703703704
2 0.22760416666666666 0.6148148148148148 0.022916666666666665 0.07777777777777778
2 0.2484375 0.6370370370370371 0.022916666666666665 0.08888888888888889
2 0.47317708333333336 0.6398148148148148 0.024479166666666666 0.08333333333333333
2 0.6796875 0.7060185185185185 0.030208333333333334 0.11944444444444445
2 0.6419270833333334 0.6356481481481482 0.028645833333333332 0.0824074074074074
2 0.31145833333333334 0.6833333333333333 0.029166666666666667 0.11666666666666667
2 0.14921875 0.6888888888888889 0.030729166666666665 0.11296296296296296
2 0.5705729166666667 0.6921296296296297 0.0296875 0.12314814814814815
2 0.34375 0.6782407407407407 0.030208333333333334 0.11018518518518519
0 0.6059895833333333 0.6018518518518519 0.013020833333333334 0.022222222222222223