2 0.5291666666666667 0.5291666666666667 0.013541666666666667 0.06388888888888888
2 0.7901041666666667 0.5504629629629629 0.027083333333333334 0.15092592592592594
2 0.7619791666666667 0.538425925925926 0.019791666666666666 0.09351851851851851
2 0.5161458333333333 0.5597222222222222 0.027083333333333334 0.13055555555555556
2 0.45026041666666666 0.5416666666666666 0.022395833333333334 0.08148148148148149
2 0.8184895833333333 0.5574074074074075 0.030729166666666665 0.13333333333333333
2 0.6528645833333333 0.5402777777777777 0.021354166666666667 0.10092592592592593
2 0.7317708333333334 0.549537037037037 0.026041666666666668 0.11388888888888889
2 0.62890625 0.5708333333333333 0.03697916666666667 0.1638888888888889
2 0.69375 0.5574074074074075 0.03125 0.12777777777777777
0 0.79765625 0.47685185185185186 0.0171875 0.025925925925925925