2 0.6716145833333333 0.5370370370370371 0.024479166666666666 0.17222222222222222
2 0.6450520833333333 0.5115740740740741 0.0203125 0.09166666666666666
2 0.7065104166666667 0.5305555555555556 0.024479166666666666 0.13333333333333333
2 0.2265625 0.5611111111111111 0.058333333333333334 0.16111111111111112
2 0.6752604166666667 0.5398148148148149 0.022395833333333334 0.16296296296296298
2 0.5135416666666667 0.5388888888888889 0.023958333333333335 0.11666666666666667
2 0.49166666666666664 0.5569444444444445 0.035416666666666666 0.14907407407407408
2 0.43020833333333336 0.5324074074074074 0.03958333333333333 0.10925925925925926
2 0.7484375 0.6541666666666667 0.08125 0.375
2 0.5994791666666667 0.5333333333333333 0.034375 0.13703703703703704
0 0.3411458333333333 0.46435185185185185 0.021875 0.032407407407407406