2 0.013802083333333333 0.7245370370370371 0.025520833333333333 0.1287037037037037
2 0.012760416666666666 0.7472222222222222 0.025520833333333333 0.15
2 0.28489583333333335 0.6453703703703704 0.021875 0.07777777777777778
2 0.21276041666666667 0.6930555555555555 0.021354166666666667 0.13055555555555556
2 0.23151041666666666 0.6560185185185186 0.021354166666666667 0.09351851851851851
2 0.30911458333333336 0.711574074074074 0.027604166666666666 0.12314814814814815
2 0.49505208333333334 0.6189814814814815 0.0171875 0.07685185185185185
2 0.1578125 0.6939814814814815 0.023958333333333335 0.12129629629629629
2 0.3888020833333333 0.6268518518518519 0.0203125 0.08148148148148149
2 0.2872395833333333 0.7560185185185185 0.0296875 0.13425925925925927
2 0.17942708333333332 0.7092592592592593 0.0265625 0.12777777777777777
2 0.0546875 0.7814814814814814 0.046875 0.1685185185185185
2 0.47369791666666666 0.7402777777777778 0.04114583333333333 0.14166666666666666
2 0.19296875 0.9055555555555556 0.08802083333333334 0.18888888888888888
0 0.13020833333333334 0.5398148148148149 0.0125 0.024074074074074074