2 0.6286458333333333 0.6875 0.023958333333333335 0.08796296296296297
2 0.6356770833333333 0.6888888888888889 0.0265625 0.09444444444444444
2 0.64765625 0.6296296296296297 0.018229166666666668 0.06296296296296296
2 0.7309895833333333 0.6194444444444445 0.019270833333333334 0.06666666666666667
2 0.5013020833333334 0.6162037037037037 0.019270833333333334 0.0787037037037037
2 0.7557291666666667 0.649074074074074 0.023958333333333335 0.08703703703703704
2 0.82265625 0.6856481481481481 0.0296875 0.11574074074074074
2 0.8388020833333333 0.7384259259259259 0.0421875 0.125
2 0.715625 0.6805555555555556 0.028125 0.10555555555555556
2 0.9796875 0.7055555555555556 0.03958333333333333 0.12962962962962962
2 0.675 0.725 0.029166666666666667 0.12037037037037036
2 0.6028645833333334 0.7314814814814815 0.03177083333333333 0.12962962962962962
2 0.78671875 0.9032407407407408 0.0859375 0.1935185185185185
0 0.6315104166666666 0.6805555555555556 0.015104166666666667 0.024074074074074074