2 0.859375 0.6486111111111111 0.028125 0.08425925925925926
2 0.8635416666666667 0.6439814814814815 0.022916666666666665 0.0824074074074074
2 0.8544270833333333 0.6805555555555556 0.033854166666666664 0.11666666666666667
2 0.85546875 0.6962962962962963 0.03697916666666667 0.10925925925925926
2 0.70390625 0.6986111111111111 0.025520833333333333 0.10462962962962963
2 0.92890625 0.6277777777777778 0.025520833333333333 0.08333333333333333
2 0.7276041666666667 0.6925925925925925 0.03333333333333333 0.10185185185185185
2 0.8869791666666667 0.7106481481481481 0.040625 0.10833333333333334
2 0.7481770833333333 0.7564814814814815 0.04114583333333333 0.13703703703703704
2 0.6096354166666667 0.6203703703703703 0.027604166666666666 0.07592592592592592
2 0.6919270833333333 0.8222222222222222 0.04635416666666667 0.17037037037037037
2 0.6721354166666667 0.6412037037037037 0.028645833333333332 0.08611111111111111
2 0.7859375 0.7361111111111112 0.03854166666666667 0.1259259259259259
0 0.7760416666666666 0.6930555555555555 0.017708333333333333 0.026851851851851852