2 0.721875 0.6587962962962963 0.025 0.06018518518518518
2 0.43697916666666664 0.6347222222222222 0.021875 0.08055555555555556
2 0.6877604166666667 0.6962962962962963 0.028645833333333332 0.12777777777777777
2 0.353125 0.6486111111111111 0.027083333333333334 0.075
2 0.7666666666666667 0.6157407407407407 0.026041666666666668 0.07222222222222222
2 0.5325520833333334 0.6273148148148148 0.022395833333333334 0.09166666666666666
2 0.6682291666666667 0.8407407407407408 0.0625 0.18333333333333332
2 0.44114583333333335 0.7694444444444445 0.06770833333333333 0.1537037037037037
2 0.31875 0.700925925925926 0.029166666666666667 0.11666666666666667
2 0.24765625 0.7185185185185186 0.0390625 0.12777777777777777
2 0.7255208333333333 0.7458333333333333 0.042708333333333334 0.14907407407407408
0 0.3424479166666667 0.6430555555555556 0.011979166666666667 0.017592592592592594